0 0.571777 0.564453 0.0244141 0.0429688
0 0.666992 0.541016 0.0214844 0.0351562
0 0.379883 0.506836 0.0136719 0.0488281
0 0.65332 0.547852 0.0253906 0.0429688
0 0.476074 0.523438 0.0322266 0.0390625
0 0.557617 0.631836 0.0332031 0.0332031
0 0.617188 0.628906 0.0410156 0.0507812
0 0.39502 0.491211 0.0322266 0.0332031
0 0.375488 0.595703 0.0244141 0.0195312
0 0.432617 0.618164 0.0292969 0.0507812
0 0.561523 0.476562 0.0371094 0.0292969
0 0.510742 0.521484 0.0371094 0.0292969
0 0.587891 0.518555 0.03125 0.0527344
0 0.599121 0.481934 0.0166016 0.0361328
0 0.354492 0.516602 0.0351562 0.0175781
0 0.348633 0.558105 0.0273438 0.0439453
0 0.629395 0.619141 0.0380859 0.0390625
0 0.53125 0.552734 0.0488281 0.0351562
0 0.489746 0.511719 0.0322266 0.0351562
0 0.183594 0.501465 0.0234375 0.0517578
0 0.540039 0.587891 0.0253906 0.0449219
0 0.456055 0.5 0.0371094 0.0351562
0 0.643555 0.513184 0.0292969 0.0458984
0 0.458496 0.589844 0.0244141 0.0429688
0 0.460449 0.625 0.0302734 0.0390625
0 0.445312 0.48291 0.0175781 0.0458984
0 0.602539 0.630371 0.0253906 0.0478516
0 0.279297 0.540527 0.0292969 0.0576172
0 0.438477 0.598633 0.0214844 0.0605469
0 0.632324 0.543945 0.0166016 0.0527344
0 0.620605 0.476562 0.0439453 0.0390625
0 0.677734 0.597656 0.0234375 0.0742188
0 0.645508 0.586914 0.0175781 0.0449219
0 0.244141 0.575684 0.0253906 0.0341797
0 0.492676 0.548828 0.0400391 0.0273438
0 0.617188 0.553223 0.0253906 0.0498047
0 0.269531 0.580078 0.0234375 0.0390625
0 0.506836 0.581055 0.0253906 0.0410156
0 0.171387 0.499023 0.0166016 0.0527344
0 0.619141 0.656738 0.0351562 0.0380859
0 0.362305 0.538086 0.0371094 0.0332031
0 0.476074 0.569336 0.0380859 0.0253906
0 0.201172 0.453125 0.0488281 0.0253906
0 0.209961 0.549805 0.0332031 0.0722656
0 0.662109 0.608398 0.0214844 0.0566406
0 0.412109 0.509766 0.046875 0.0234375
0 0.315918 0.529297 0.0361328 0.0273438
0 0.588867 0.567871 0.0195312 0.0556641
0 0.513672 0.637695 0.046875 0.0292969
0 0.191406 0.491211 0.0253906 0.0527344
0 0.591309 0.612305 0.0361328 0.0527344
0 0.563477 0.681641 0.0371094 0.0253906
0 0.307129 0.495117 0.0224609 0.0527344
0 0.567383 0.516113 0.0390625 0.0478516
0 0.546387 0.65918 0.0419922 0.0332031
0 0.491699 0.456055 0.0361328 0.0488281
0 0.608398 0.513184 0.0332031 0.0302734
0 0.435059 0.53125 0.0458984 0.0273438
0 0.530273 0.494141 0.0332031 0.0449219
0 0.397461 0.536621 0.015625 0.0478516
0 0.632324 0.454102 0.0419922 0.0292969
0 0.568359 0.604004 0.03125 0.0400391
0 0.259766 0.509277 0.0273438 0.0478516
0 0.473633 0.478516 0.0507812 0.0390625
0 0.451172 0.553711 0.0390625 0.0410156
0 0.314941 0.581543 0.0185547 0.0556641
0 0.585938 0.660645 0.0390625 0.0439453
0 0.489746 0.61377 0.0322266 0.0341797
0 0.300293 0.560547 0.0341797 0.046875
0 0.339844 0.503418 0.0390625 0.0263672
0 0.213379 0.493164 0.0244141 0.0605469
0 0.505371 0.450684 0.0302734 0.0498047
0 0.525879 0.617676 0.0478516 0.0341797
0 0.416992 0.473145 0.0332031 0.0556641
0 0.345215 0.475586 0.0498047 0.0332031
0 0.539551 0.453613 0.0302734 0.0537109
0 0.331055 0.566406 0.0234375 0.0585938
0 0.239258 0.541992 0.046875 0.03125
0 0.396973 0.599609 0.0263672 0.0585938
0 0.291992 0.48877 0.0214844 0.0458984
