0 0.620117 0.614746 0.0214844 0.0478516
0 0.55957 0.695801 0.0410156 0.0244141
0 0.624023 0.566406 0.0253906 0.0429688
0 0.364258 0.453125 0.03125 0.0566406
0 0.368164 0.524414 0.0332031 0.0214844
1 0.30957 0.485352 0.0800781 0.103516
0 0.430176 0.61377 0.0322266 0.0224609
0 0.582031 0.624512 0.015625 0.0458984
0 0.638672 0.686523 0.0390625 0.0371094
0 0.745605 0.672852 0.0263672 0.0195312
0 0.516602 0.65625 0.0488281 0.0234375
0 0.607422 0.708008 0.0273438 0.046875
0 0.261719 0.436523 0.0332031 0.0527344
0 0.599609 0.518066 0.0195312 0.0576172
0 0.586914 0.476562 0.0292969 0.0410156
0 0.59668 0.59082 0.0253906 0.0527344
0 0.410156 0.622559 0.0292969 0.0380859
0 0.59375 0.706543 0.0195312 0.0517578
0 0.495117 0.667969 0.0410156 0.0253906
0 0.370605 0.59668 0.0166016 0.0488281
0 0.38916 0.586914 0.0166016 0.0566406
0 0.584961 0.65918 0.0253906 0.0527344
0 0.610352 0.490234 0.0449219 0.03125
0 0.733887 0.69043 0.0361328 0.0175781
0 0.356445 0.575195 0.0175781 0.0527344
0 0.620605 0.648438 0.0224609 0.046875
0 0.616211 0.537109 0.0371094 0.0390625
0 0.708008 0.687988 0.0332031 0.0341797
0 0.512695 0.487793 0.0292969 0.0517578
0 0.450684 0.628906 0.0400391 0.0273438
0 0.225586 0.414062 0.0273438 0.0507812
0 0.26123 0.508301 0.0439453 0.0380859
