0 0.0703125 0.0537109 0.046875 0.0429688
0 0.498535 0.661133 0.0556641 0.0527344
0 0.0463867 0.190918 0.0263672 0.0888672
0 0.320801 0.668945 0.0283203 0.0683594
0 0.395508 0.664062 0.0410156 0.0644531
0 0.530273 0.60498 0.0253906 0.0732422
0 0.512695 0.677246 0.0488281 0.0400391
0 0.367188 0.416504 0.0566406 0.0439453
0 0.335938 0.448242 0.0742188 0.0410156
0 0.344727 0.615234 0.0488281 0.0273438
0 0.0283203 0.0410156 0.0351562 0.0742188
0 0.441895 0.801758 0.0419922 0.0878906
0 0.461426 0.318848 0.0400391 0.0654297
0 0.160156 0.0473633 0.101562 0.0361328
0 0.459961 0.512695 0.0351562 0.0839844
0 0.470703 0.610352 0.0664062 0.0429688
0 0.556641 0.662109 0.0429688 0.0703125
0 0.553711 0.583984 0.0371094 0.117188
0 0.33252 0.753906 0.0400391 0.078125
0 0.437988 0.625977 0.0537109 0.0664062
0 0.308105 0.42041 0.0654297 0.0322266
0 0.487305 0.758789 0.0605469 0.0488281
0 0.579102 0.472656 0.0351562 0.0820312
0 0.519531 0.725586 0.0546875 0.0644531
0 0.505859 0.335449 0.0546875 0.0341797
0 0.446777 0.332031 0.0498047 0.0546875
0 0.441406 0.67627 0.0410156 0.0830078
0 0.508789 0.41748 0.0488281 0.0673828
