0 0.501953 0.396484 0.015625 0.0351562
0 0.474121 0.400391 0.0205078 0.0507812
0 0.532227 0.435547 0.0253906 0.0429688
0 0.43457 0.481934 0.0292969 0.0400391
0 0.350586 0.445312 0.0273438 0.0429688
0 0.624512 0.671875 0.0322266 0.0390625
0 0.643066 0.513672 0.0224609 0.0488281
0 0.45752 0.589844 0.0322266 0.0429688
0 0.54248 0.38916 0.0341797 0.0283203
0 0.493652 0.508301 0.0322266 0.0263672
0 0.515137 0.461914 0.0341797 0.0273438
0 0.526367 0.523926 0.0273438 0.0439453
0 0.550781 0.624023 0.0371094 0.046875
0 0.419922 0.462891 0.0234375 0.0429688
