0 0.378906 0.462402 0.0175781 0.0302734
0 0.422852 0.497559 0.03125 0.0302734
0 0.404297 0.576172 0.0390625 0.03125
0 0.454102 0.297363 0.0292969 0.0283203
0 0.237305 0.295898 0.0605469 0.0292969
0 0.768066 0.103516 0.108398 0.046875
0 0.214844 0.76709 0.0351562 0.0439453
0 0.486328 0.521973 0.0546875 0.0439453
0 0.317383 0.380859 0.0410156 0.015625
0 0.553711 0.161621 0.0371094 0.0185547
0 0.622559 0.381348 0.0380859 0.0380859
0 0.357422 0.658691 0.0683594 0.0458984
0 0.458496 0.706055 0.0810547 0.0253906
0 0.606445 0.695312 0.0800781 0.0625
