0 0.29834 0.627441 0.0146484 0.0361328
0 0.612305 0.542969 0.0136719 0.0214844
0 0.559082 0.537109 0.0205078 0.0117188
0 0.50293 0.577637 0.0175781 0.0341797
0 0.418457 0.410156 0.0205078 0.0175781
0 0.148926 0.615234 0.0146484 0.0214844
0 0.439941 0.70166 0.0185547 0.0244141
0 0.41748 0.580566 0.0126953 0.0244141
0 0.35791 0.5625 0.0185547 0.015625
0 0.612305 0.550781 0.0136719 0.0214844
0 0.603027 0.54248 0.0107422 0.0244141
0 0.304199 0.650391 0.0205078 0.0234375
0 0.390137 0.583008 0.0205078 0.015625
0 0.617188 0.580078 0.0214844 0.0117188
0 0.418945 0.418457 0.0214844 0.0166016
0 0.211426 0.602539 0.0185547 0.0214844
0 0.623535 0.551758 0.0224609 0.0136719
0 0.182617 0.424316 0.0136719 0.0263672
0 0.178711 0.521484 0.0175781 0.0175781
0 0.183594 0.400391 0.0195312 0.0195312
0 0.625 0.541992 0.0175781 0.0175781
0 0.535156 0.574219 0.0136719 0.0390625
0 0.542969 0.533203 0.0234375 0.0234375
0 0.549805 0.579102 0.0136719 0.0292969
0 0.308105 0.658203 0.0146484 0.0234375
0 0.505859 0.556152 0.0234375 0.0126953
0 0.225098 0.447266 0.0224609 0.015625
0 0.183105 0.512695 0.0126953 0.0175781
0 0.16748 0.474121 0.0146484 0.0224609
0 0.585938 0.728516 0.0234375 0.0234375
0 0.53125 0.424316 0.0117188 0.0224609
0 0.423828 0.652344 0.0117188 0.03125
0 0.294922 0.347656 0.0195312 0.0273438
0 0.450684 0.396484 0.0146484 0.0234375
0 0.206055 0.509277 0.0117188 0.0263672
0 0.510742 0.408691 0.0136719 0.0263672
0 0.373047 0.320312 0.0175781 0.0195312
0 0.42334 0.692383 0.0205078 0.0136719
0 0.432129 0.662109 0.0166016 0.0292969
0 0.463867 0.456543 0.0214844 0.0146484
0 0.47168 0.208984 0.015625 0.0273438
0 0.386719 0.46582 0.0195312 0.0175781
0 0.31543 0.780762 0.0214844 0.0146484
0 0.36377 0.529297 0.0146484 0.0195312
0 0.216797 0.510742 0.0136719 0.0273438
0 0.157715 0.342773 0.0166016 0.03125
0 0.167969 0.453125 0.015625 0.0234375
0 0.61084 0.518555 0.0166016 0.0332031
0 0.325195 0.765625 0.0136719 0.0214844
0 0.38916 0.425293 0.0224609 0.0107422
0 0.419922 0.334961 0.0195312 0.0214844
0 0.440918 0.653809 0.0107422 0.0361328
0 0.456055 0.463379 0.0273438 0.0107422
0 0.294434 0.393066 0.0166016 0.0283203
0 0.369629 0.55957 0.0107422 0.0253906
0 0.205566 0.538086 0.0146484 0.0234375
0 0.416992 0.734375 0.00976562 0.03125
0 0.445801 0.377441 0.0146484 0.0263672
0 0.398926 0.633789 0.0126953 0.0253906
0 0.163086 0.489258 0.0214844 0.015625
0 0.57959 0.552734 0.0126953 0.0273438
0 0.156738 0.464355 0.0166016 0.0205078
0 0.0991211 0.422852 0.0224609 0.0214844
0 0.603516 0.555176 0.0234375 0.0146484
0 0.211426 0.586426 0.0224609 0.0146484
0 0.428711 0.725586 0.0117188 0.0253906
0 0.326172 0.535156 0.0195312 0.015625
0 0.401855 0.5625 0.0185547 0.0117188
0 0.19873 0.571289 0.0126953 0.0332031
0 0.548828 0.604004 0.015625 0.0283203
0 0.196289 0.418945 0.0214844 0.0332031
0 0.619141 0.572266 0.0195312 0.0214844
0 0.346191 0.541504 0.0205078 0.0185547
0 0.21875 0.286133 0.0292969 0.0175781
0 0.419434 0.561523 0.0126953 0.0292969
0 0.453125 0.487305 0.0195312 0.0136719
0 0.574219 0.523926 0.0195312 0.0283203
0 0.388184 0.669922 0.0185547 0.0273438
0 0.316895 0.406738 0.0224609 0.0146484
0 0.119141 0.407715 0.0136719 0.0341797
0 0.244629 0.448242 0.0126953 0.0332031
0 0.166016 0.3125 0.015625 0.0234375
0 0.59375 0.569336 0.015625 0.0214844
0 0.196777 0.524414 0.0244141 0.0175781
0 0.34668 0.53418 0.0214844 0.0175781
0 0.420898 0.373047 0.0175781 0.0234375
0 0.486816 0.569336 0.0205078 0.0214844
0 0.175781 0.440918 0.0195312 0.0185547
0 0.284668 0.396484 0.0185547 0.03125
0 0.331543 0.521484 0.0205078 0.015625
0 0.603516 0.576172 0.0195312 0.0117188
0 0.561523 0.555664 0.0234375 0.00976562
0 0.438477 0.340332 0.0175781 0.0302734
0 0.40332 0.680176 0.0136719 0.0263672
0 0.59375 0.532227 0.0117188 0.0332031
0 0.594238 0.503418 0.0126953 0.0341797
0 0.463379 0.405273 0.0146484 0.0292969
0 0.34082 0.772949 0.0136719 0.0341797
0 0.605469 0.524414 0.015625 0.0253906
0 0.437988 0.472656 0.0185547 0.0195312
0 0.260742 0.40918 0.0214844 0.0136719
0 0.231445 0.589844 0.0214844 0.0195312
0 0.148926 0.402832 0.0224609 0.0205078
0 0.195801 0.594727 0.0146484 0.0234375
0 0.422852 0.345703 0.0195312 0.0195312
0 0.388184 0.486328 0.0146484 0.0273438
0 0.393555 0.592773 0.015625 0.0214844
0 0.362305 0.599121 0.015625 0.0224609
0 0.183594 0.549316 0.0175781 0.0126953
0 0.174316 0.340332 0.0205078 0.0126953
0 0.297363 0.422852 0.0146484 0.0292969
0 0.402832 0.65332 0.0205078 0.0195312
0 0.428711 0.38916 0.0214844 0.0224609
0 0.175293 0.589844 0.0185547 0.015625
0 0.162109 0.508789 0.015625 0.0136719
0 0.467285 0.475586 0.0185547 0.0175781
0 0.577148 0.580078 0.0214844 0.0234375
0 0.396484 0.394043 0.0117188 0.0263672
0 0.384766 0.651855 0.0117188 0.0283203
0 0.188965 0.335938 0.0146484 0.03125
0 0.0966797 0.398438 0.03125 0.0117188
0 0.509766 0.580078 0.0136719 0.03125
0 0.403809 0.594727 0.0107422 0.0292969
0 0.131836 0.404297 0.0195312 0.0273438
0 0.355957 0.485352 0.00878906 0.0351562
0 0.350586 0.588867 0.0175781 0.0273438
0 0.180664 0.467773 0.0136719 0.0332031
0 0.427734 0.478027 0.0195312 0.0166016
0 0.0961914 0.40918 0.0283203 0.0136719
0 0.382812 0.773926 0.0253906 0.0126953
0 0.34668 0.50293 0.0117188 0.0390625
0 0.584473 0.707031 0.0302734 0.0195312
0 0.379883 0.482422 0.0136719 0.0253906
0 0.161621 0.323242 0.0224609 0.0253906
0 0.220215 0.532227 0.0166016 0.0234375
0 0.466797 0.496582 0.0195312 0.0224609
0 0.520996 0.542969 0.0224609 0.0195312
0 0.31543 0.635254 0.0117188 0.0341797
0 0.191895 0.439453 0.0205078 0.0214844
0 0.211914 0.549805 0.0253906 0.0136719
0 0.402344 0.463867 0.0195312 0.0136719
0 0.345703 0.717773 0.015625 0.0332031
0 0.454102 0.203125 0.0117188 0.03125
0 0.365234 0.654297 0.0234375 0.015625
0 0.433594 0.54541 0.0234375 0.0146484
0 0.420898 0.710938 0.015625 0.0234375
0 0.333496 0.766602 0.0146484 0.0273438
0 0.410645 0.397949 0.0146484 0.0283203
0 0.482422 0.467285 0.015625 0.0263672
0 0.354492 0.720703 0.00976562 0.03125
0 0.124512 0.617188 0.0263672 0.015625
0 0.310547 0.52002 0.0253906 0.0126953
0 0.191895 0.501953 0.0244141 0.0117188
0 0.388672 0.613281 0.0195312 0.0195312
0 0.370605 0.577148 0.0224609 0.0175781
0 0.426758 0.498047 0.0175781 0.0234375
0 0.560059 0.659668 0.0205078 0.0146484
0 0.234375 0.59668 0.0253906 0.0214844
0 0.380859 0.756836 0.0214844 0.0175781
0 0.49707 0.577637 0.00976562 0.0322266
0 0.174316 0.500977 0.0126953 0.0292969
0 0.40332 0.488281 0.0214844 0.0273438
0 0.160645 0.586914 0.0185547 0.0214844
0 0.397461 0.755859 0.015625 0.0273438
0 0.522461 0.495117 0.0253906 0.0136719
0 0.409668 0.362793 0.0263672 0.0126953
0 0.154297 0.362305 0.03125 0.0136719
0 0.408691 0.745117 0.0107422 0.0332031
0 0.391602 0.295898 0.0234375 0.015625
0 0.363281 0.625977 0.0195312 0.0214844
0 0.192383 0.541992 0.0117188 0.0253906
0 0.380859 0.308594 0.0234375 0.0117188
0 0.183594 0.571289 0.0195312 0.0253906
0 0.209961 0.424316 0.0234375 0.0126953
0 0.19873 0.489746 0.0263672 0.0126953
0 0.313477 0.395996 0.0195312 0.0224609
0 0.538086 0.483398 0.0234375 0.015625
0 0.276367 0.340332 0.0214844 0.0224609
0 0.501465 0.475586 0.0224609 0.0175781
0 0.173828 0.412598 0.0117188 0.0302734
0 0.472656 0.588867 0.0234375 0.0136719
0 0.368164 0.671875 0.0195312 0.0195312
0 0.171875 0.536133 0.0292969 0.0136719
0 0.435059 0.407715 0.0185547 0.0224609
0 0.125488 0.630859 0.0263672 0.015625
0 0.604492 0.716797 0.0136719 0.0410156
0 0.172363 0.380371 0.0263672 0.0185547
0 0.157227 0.574707 0.0214844 0.0244141
0 0.323242 0.791016 0.0234375 0.015625
0 0.197754 0.297852 0.0126953 0.0371094
0 0.218262 0.631836 0.0224609 0.0136719
0 0.308594 0.771484 0.0214844 0.0273438
0 0.384277 0.629883 0.0205078 0.0214844
0 0.280273 0.689941 0.0214844 0.0126953
0 0.219727 0.568848 0.0253906 0.0185547
0 0.243652 0.275391 0.0126953 0.03125
0 0.225098 0.274902 0.0263672 0.0166016
0 0.308105 0.710938 0.0244141 0.0117188
0 0.27002 0.458496 0.0146484 0.0341797
0 0.435547 0.682617 0.0175781 0.0175781
0 0.151367 0.484375 0.0214844 0.0214844
0 0.473633 0.180176 0.0136719 0.0244141
0 0.350098 0.78418 0.0244141 0.0175781
0 0.363281 0.703125 0.0234375 0.0234375
0 0.144531 0.59082 0.0195312 0.0332031
0 0.357422 0.300293 0.0234375 0.0166016
0 0.298828 0.731445 0.0175781 0.0292969
