0 0.496582 0.502441 0.0263672 0.0634766
0 0.480957 0.437012 0.0341797 0.0517578
0 0.461426 0.435547 0.0341797 0.046875
0 0.46875 0.506348 0.0273438 0.0498047
0 0.506836 0.424805 0.0449219 0.0253906
0 0.447266 0.345703 0.046875 0.0546875
0 0.47168 0.374023 0.0214844 0.0683594
0 0.399414 0.424805 0.0371094 0.0605469
0 0.380371 0.594727 0.0283203 0.0507812
0 0.429688 0.635742 0.0273438 0.0625
0 0.393066 0.461914 0.0498047 0.0371094
0 0.498047 0.398926 0.0390625 0.0380859
0 0.543945 0.563477 0.0292969 0.0683594
0 0.545898 0.444336 0.0332031 0.0683594
0 0.415039 0.702148 0.0292969 0.0605469
0 0.418945 0.54248 0.0527344 0.0634766
0 0.516602 0.375488 0.0527344 0.0263672
0 0.44873 0.458984 0.0478516 0.0546875
0 0.443848 0.38916 0.0478516 0.0556641
0 0.388672 0.544922 0.0390625 0.0566406
0 0.425781 0.595703 0.0273438 0.0761719
0 0.390137 0.350586 0.0341797 0.0957031
0 0.524902 0.46875 0.0556641 0.0351562
0 0.452637 0.614258 0.0361328 0.0683594
0 0.441406 0.660156 0.046875 0.0332031
0 0.413574 0.426758 0.0302734 0.0644531
0 0.361328 0.421875 0.0351562 0.0625
0 0.394531 0.683105 0.0292969 0.0810547
0 0.371582 0.486816 0.0302734 0.0498047
0 0.528809 0.550781 0.0263672 0.0585938
0 0.402344 0.609863 0.03125 0.0693359
0 0.554199 0.520508 0.0537109 0.0566406
0 0.503418 0.356934 0.0498047 0.0341797
0 0.362793 0.535156 0.0576172 0.0332031
0 0.572266 0.391602 0.046875 0.0449219
0 0.572754 0.422363 0.0419922 0.0634766
0 0.552734 0.688477 0.046875 0.0292969
0 0.400879 0.494629 0.0458984 0.0478516
0 0.348633 0.37207 0.0566406 0.0644531
0 0.470703 0.693359 0.0527344 0.046875
0 0.521973 0.603516 0.0517578 0.0507812
0 0.450195 0.709961 0.0488281 0.0566406
0 0.479004 0.745605 0.0419922 0.0615234
0 0.585938 0.512695 0.0390625 0.0722656
