0 0.718262 0.216309 0.0576172 0.0576172
0 0.276367 0.276855 0.0371094 0.0439453
0 0.479492 0.286133 0.0449219 0.0488281
0 0.506348 0.335449 0.0380859 0.0322266
0 0.32959 0.260742 0.0341797 0.0410156
0 0.521484 0.304688 0.0390625 0.0273438
0 0.481445 0.388672 0.0175781 0.0605469
0 0.845215 0.313965 0.0400391 0.0380859
0 0.279297 0.255371 0.0351562 0.0283203
0 0.523926 0.336914 0.0361328 0.0332031
0 0.44043 0.293945 0.0410156 0.0273438
0 0.481445 0.629883 0.0214844 0.0566406
0 0.542969 0.314453 0.03125 0.03125
0 0.302734 0.419922 0.0273438 0.0351562
0 0.333984 0.345215 0.0351562 0.0322266
0 0.387695 0.29834 0.0410156 0.0341797
0 0.353516 0.342773 0.0195312 0.046875
0 0.378418 0.612305 0.0458984 0.0332031
0 0.506836 0.692383 0.0292969 0.0449219
0 0.353027 0.381836 0.0263672 0.0546875
0 0.461914 0.59375 0.0234375 0.0507812
0 0.405273 0.602539 0.0234375 0.0605469
0 0.295898 0.315918 0.0292969 0.0400391
0 0.5 0.613281 0.0351562 0.0625
0 0.361816 0.248047 0.0263672 0.0546875
0 0.524902 0.615234 0.0224609 0.0625
0 0.530273 0.672852 0.0371094 0.0332031
0 0.32959 0.38623 0.0419922 0.0224609
0 0.751953 0.462891 0.0273438 0.0703125
0 0.611328 0.457031 0.0253906 0.0722656
0 0.281738 0.333008 0.0244141 0.0332031
0 0.57959 0.487793 0.0224609 0.0615234
0 0.333984 0.404297 0.046875 0.0234375
0 0.333984 0.442383 0.0449219 0.0488281
0 0.479492 0.328613 0.0410156 0.0458984
0 0.289551 0.27832 0.0322266 0.0332031
0 0.54834 0.728516 0.0244141 0.0625
0 0.370605 0.460938 0.0361328 0.0410156
0 0.356934 0.425781 0.0517578 0.03125
0 0.321289 0.354492 0.0351562 0.0449219
0 0.589844 0.508789 0.0292969 0.0605469
0 0.425293 0.59082 0.0361328 0.0722656
0 0.530273 0.712891 0.0332031 0.0820312
0 0.400391 0.477539 0.03125 0.0605469
0 0.412598 0.525391 0.0302734 0.0625
0 0.36084 0.517578 0.0361328 0.0664062
0 0.382324 0.40332 0.0283203 0.0566406
0 0.558594 0.34668 0.0390625 0.046875
