0 0.333984 0.450195 0.0351562 0.0136719
0 0.331055 0.479492 0.0253906 0.0253906
0 0.710449 0.446289 0.0361328 0.0292969
0 0.391602 0.838867 0.0136719 0.0449219
0 0.716309 0.420898 0.0517578 0.0292969
0 0.512695 0.541992 0.0332031 0.0292969
0 0.316406 0.361328 0.0410156 0.0292969
0 0.219727 0.680664 0.0273438 0.0332031
0 0.295898 0.381836 0.0214844 0.0507812
0 0.560059 0.377441 0.0185547 0.0537109
0 0.498047 0.645508 0.0429688 0.0253906
0 0.407227 0.585449 0.0292969 0.0419922
0 0.574219 0.37793 0.0195312 0.0527344
0 0.446289 0.868164 0.0449219 0.0351562
0 0.388672 0.896484 0.03125 0.0390625
0 0.592773 0.498535 0.0332031 0.0400391
0 0.576172 0.496582 0.0273438 0.0419922
0 0.474609 0.662109 0.0546875 0.0253906
0 0.293457 0.705078 0.0478516 0.0351562
0 0.242676 0.670898 0.0439453 0.0371094
0 0.444336 0.823242 0.0253906 0.0410156
0 0.453613 0.805664 0.0263672 0.0390625
0 0.673828 0.358398 0.0214844 0.0527344
0 0.268066 0.646973 0.0244141 0.0556641
0 0.374023 0.838867 0.0175781 0.0566406
0 0.333008 0.350586 0.0449219 0.0253906
0 0.560547 0.526367 0.0175781 0.0488281
0 0.40332 0.873047 0.0410156 0.0234375
0 0.299316 0.62207 0.0419922 0.0332031
0 0.345703 0.435059 0.0390625 0.0263672
0 0.585449 0.670898 0.0224609 0.046875
0 0.407227 0.506348 0.0175781 0.0615234
0 0.419922 0.824219 0.015625 0.0585938
0 0.397949 0.804688 0.0302734 0.046875
0 0.512207 0.666992 0.0458984 0.0253906
0 0.500488 0.530273 0.0283203 0.0371094
0 0.649414 0.386719 0.0351562 0.0488281
0 0.404785 0.640625 0.0205078 0.0585938
0 0.382812 0.293945 0.0371094 0.0214844
0 0.321777 0.763672 0.0322266 0.0429688
0 0.579102 0.543945 0.0214844 0.0507812
0 0.485352 0.873535 0.0410156 0.0322266
0 0.32959 0.515625 0.0400391 0.03125
0 0.249512 0.598633 0.0322266 0.0410156
0 0.68457 0.395996 0.0390625 0.0498047
0 0.644531 0.53418 0.0351562 0.0410156
0 0.559082 0.326172 0.0283203 0.0429688
0 0.637207 0.673828 0.0419922 0.03125
0 0.655762 0.355469 0.0166016 0.046875
0 0.307129 0.651367 0.0439453 0.0253906
0 0.407715 0.766602 0.0419922 0.0234375
0 0.649414 0.62207 0.0449219 0.0214844
0 0.603516 0.362305 0.0234375 0.0527344
0 0.651367 0.697266 0.0410156 0.0234375
0 0.649414 0.443848 0.0410156 0.0302734
0 0.268555 0.581055 0.0253906 0.0527344
0 0.30957 0.477539 0.0214844 0.0488281
0 0.4375 0.641602 0.03125 0.0527344
0 0.256836 0.395996 0.0234375 0.0576172
0 0.431152 0.506836 0.0224609 0.0566406
0 0.672363 0.314453 0.0419922 0.0195312
0 0.516602 0.393555 0.0253906 0.0449219
0 0.614746 0.587891 0.0380859 0.0390625
0 0.320312 0.429688 0.03125 0.0507812
0 0.324219 0.734863 0.0351562 0.0224609
0 0.433594 0.407227 0.0195312 0.0566406
0 0.230469 0.62207 0.015625 0.0527344
0 0.297852 0.786133 0.0253906 0.0488281
0 0.580078 0.63623 0.0351562 0.0478516
0 0.379883 0.651367 0.0371094 0.0292969
0 0.366211 0.787109 0.0371094 0.0273438
0 0.364258 0.616211 0.0371094 0.0410156
0 0.326172 0.38623 0.0390625 0.0283203
0 0.438477 0.782227 0.0292969 0.0507812
0 0.276855 0.460938 0.0263672 0.0507812
0 0.368164 0.722168 0.0449219 0.0244141
0 0.65918 0.483398 0.0253906 0.0410156
0 0.304199 0.589355 0.0458984 0.0302734
0 0.314453 0.268066 0.0332031 0.0478516
0 0.395996 0.926758 0.0400391 0.0292969
0 0.469238 0.926758 0.0380859 0.0410156
0 0.400391 0.408691 0.0351562 0.0380859
0 0.313477 0.680176 0.0410156 0.0322266
0 0.35498 0.407715 0.0380859 0.0341797
0 0.295898 0.197754 0.0234375 0.0576172
0 0.387695 0.543945 0.0234375 0.0527344
0 0.447754 0.583984 0.0380859 0.0390625
