0 0.839844 0.783203 0.03125 0.0742188
0 0.640625 0.499023 0.0273438 0.03125
0 0.727539 0.441406 0.0214844 0.0585938
0 0.745117 0.328125 0.0371094 0.0351562
0 0.85791 0.650391 0.0361328 0.0429688
0 0.551758 0.728516 0.0292969 0.0527344
0 0.629883 0.626953 0.0214844 0.0390625
0 0.599609 0.458008 0.0195312 0.0488281
0 0.712891 0.638672 0.03125 0.0429688
0 0.686523 0.522461 0.0292969 0.0605469
0 0.782227 0.263184 0.0175781 0.0517578
0 0.642578 0.463379 0.0273438 0.0458984
0 0.676758 0.74707 0.0410156 0.0488281
0 0.805664 0.645508 0.0253906 0.0429688
0 0.714355 0.779785 0.0380859 0.0517578
0 0.801758 0.587402 0.0253906 0.0576172
0 0.788574 0.670898 0.0380859 0.0292969
0 0.668945 0.45752 0.0332031 0.0322266
0 0.595703 0.611816 0.0273438 0.0458984
0 0.785156 0.634766 0.0234375 0.046875
0 0.695801 0.814453 0.0185547 0.0566406
0 0.586914 0.5 0.0449219 0.0253906
0 0.703613 0.496094 0.0283203 0.03125
0 0.552734 0.429199 0.03125 0.0244141
0 0.717773 0.225098 0.0410156 0.0283203
0 0.572754 0.466309 0.0361328 0.0341797
0 0.546875 0.648926 0.03125 0.0380859
0 0.816406 0.880859 0.0429688 0.0410156
0 0.52832 0.564453 0.0410156 0.0273438
0 0.592773 0.737305 0.0214844 0.0507812
0 0.864258 0.134766 0.0214844 0.0351562
0 0.650391 0.503906 0.0488281 0.0390625
0 0.747559 0.244629 0.0244141 0.0576172
0 0.644531 0.733398 0.0351562 0.0332031
0 0.875488 0.620117 0.0224609 0.0527344
0 0.848633 0.712891 0.0253906 0.0664062
0 0.691406 0.658203 0.0390625 0.0390625
0 0.689453 0.387207 0.0390625 0.0166016
0 0.717773 0.336914 0.0449219 0.0234375
0 0.553711 0.477539 0.0371094 0.0273438
0 0.859375 0.917969 0.0507812 0.0429688
0 0.614258 0.681641 0.0292969 0.0546875
0 0.683594 0.674316 0.0429688 0.0458984
0 0.749512 0.455566 0.0439453 0.0341797
0 0.75 0.64209 0.0390625 0.0419922
0 0.592773 0.415527 0.0175781 0.0517578
0 0.672852 0.892578 0.0449219 0.0234375
0 0.707031 0.614258 0.03125 0.0449219
0 0.657227 0.842773 0.0234375 0.0527344
0 0.727539 0.367188 0.0390625 0.0390625
0 0.680664 0.369141 0.0371094 0.0253906
0 0.752441 0.753906 0.0380859 0.0449219
0 0.729004 0.556641 0.0263672 0.0703125
0 0.613281 0.394531 0.0195312 0.0429688
0 0.749023 0.418457 0.0214844 0.0478516
0 0.498047 0.676758 0.0195312 0.0488281
0 0.944336 0.290039 0.0449219 0.0292969
0 0.641602 0.693359 0.0332031 0.0390625
0 0.621094 0.333008 0.0292969 0.0585938
0 0.572266 0.397461 0.0253906 0.0371094
0 0.59082 0.56543 0.0390625 0.0410156
0 0.753906 0.594727 0.0234375 0.0488281
0 0.477539 0.575195 0.0214844 0.0605469
0 0.623047 0.546387 0.0273438 0.0400391
0 0.737305 0.306641 0.0410156 0.0253906
0 0.648438 0.674805 0.0429688 0.0292969
0 0.868652 0.810059 0.0322266 0.0751953
0 0.677734 0.347168 0.0253906 0.0283203
0 0.513184 0.726562 0.0458984 0.0273438
0 0.84082 0.574219 0.0195312 0.0546875
0 0.618164 0.449219 0.0214844 0.046875
0 0.576172 0.590332 0.0351562 0.0439453
0 0.673828 0.597168 0.0488281 0.0302734
0 0.93457 0.924316 0.0527344 0.0595703
0 0.918457 0.968262 0.0498047 0.0498047
0 0.533203 0.540039 0.0351562 0.0253906
0 0.68457 0.469727 0.0449219 0.0371094
0 0.477539 0.693359 0.0332031 0.0429688
0 0.463379 0.739258 0.0458984 0.0332031
0 0.69043 0.318848 0.0410156 0.0302734
0 0.753906 0.490723 0.0429688 0.0419922
0 0.700195 0.905273 0.0351562 0.0566406
0 0.683594 0.414551 0.0449219 0.0302734
0 0.622559 0.595215 0.0302734 0.0517578
0 0.775391 0.219238 0.0332031 0.0439453
0 0.633789 0.402344 0.0214844 0.0644531
0 0.5625 0.691406 0.0429688 0.0234375
0 0.653809 0.364258 0.0341797 0.0351562
0 0.706055 0.365234 0.0332031 0.046875
0 0.735352 0.279297 0.0292969 0.0429688
0 0.599609 0.667969 0.0234375 0.0546875
0 0.571289 0.439453 0.0292969 0.0234375
0 0.581055 0.533203 0.0371094 0.03125
0 0.742188 0.19873 0.0429688 0.0302734
