0 0.677734 0.446777 0.03125 0.0380859
0 0.345215 0.162109 0.0263672 0.0664062
0 0.300781 0.599609 0.0234375 0.0546875
0 0.46875 0.59082 0.0390625 0.0488281
0 0.457031 0.569336 0.0390625 0.0351562
0 0.646484 0.152344 0.0234375 0.0507812
0 0.346191 0.347168 0.0419922 0.0400391
0 0.844727 0.273438 0.0292969 0.0429688
0 0.203613 0.45459 0.0458984 0.0380859
0 0.390137 0.438477 0.0478516 0.0371094
0 0.416992 0.785156 0.0214844 0.0585938
0 0.387695 0.716797 0.0214844 0.0507812
0 0.181641 0.729004 0.0273438 0.0556641
0 0.661133 0.707031 0.0390625 0.0625
0 0.858398 0.314453 0.0234375 0.0507812
0 0.621094 0.123047 0.0273438 0.0605469
0 0.693359 0.773926 0.0507812 0.0400391
0 0.0776367 0.472656 0.0439453 0.046875
0 0.0810547 0.502441 0.0488281 0.0419922
0 0.362793 0.138184 0.0224609 0.0634766
0 0.468262 0.52832 0.0302734 0.0429688
0 0.516602 0.532715 0.0429688 0.0478516
0 0.302734 0.170898 0.0273438 0.0585938
0 0.779297 0.117676 0.03125 0.0458984
0 0.484863 0.395508 0.0244141 0.0566406
0 0.558594 0.382812 0.0351562 0.0371094
0 0.474121 0.102051 0.0283203 0.0595703
0 0.411621 0.202148 0.0361328 0.0566406
0 0.579102 0.655273 0.0371094 0.0449219
0 0.466309 0.416016 0.0283203 0.046875
0 0.215332 0.48877 0.0283203 0.0693359
0 0.841797 0.674805 0.0351562 0.0527344
0 0.0791016 0.0820312 0.03125 0.0585938
0 0.108887 0.0854492 0.0302734 0.0576172
0 0.280273 0.634277 0.0273438 0.0673828
0 0.669922 0.654297 0.0449219 0.0390625
0 0.379883 0.353027 0.0273438 0.0576172
0 0.733887 0.729004 0.0439453 0.0341797
0 0.451172 0.129883 0.0390625 0.0488281
0 0.703125 0.740234 0.0390625 0.0351562
0 0.833984 0.508789 0.0273438 0.0585938
0 0.586914 0.152832 0.0449219 0.0400391
0 0.841797 0.705566 0.0410156 0.0341797
0 0.551758 0.646484 0.0292969 0.0429688
0 0.760254 0.13916 0.0380859 0.0400391
0 0.533203 0.649414 0.03125 0.0449219
0 0.396973 0.75 0.0439453 0.0390625
0 0.12793 0.460449 0.0351562 0.0517578
0 0.809082 0.126953 0.0361328 0.0488281
0 0.433594 0.791016 0.0253906 0.0605469
0 0.337891 0.730957 0.046875 0.0380859
0 0.841797 0.847656 0.046875 0.0429688
0 0.317871 0.591797 0.0341797 0.0664062
0 0.504883 0.284668 0.0273438 0.0595703
0 0.169434 0.707031 0.0341797 0.0585938
0 0.542969 0.126953 0.0429688 0.0332031
0 0.533691 0.151367 0.0322266 0.0390625
0 0.502441 0.777344 0.0283203 0.0703125
0 0.0810547 0.138184 0.0449219 0.0380859
0 0.308594 0.822266 0.0488281 0.0390625
0 0.824707 0.441406 0.0478516 0.0507812
0 0.478516 0.0556641 0.046875 0.046875
0 0.111328 0.187988 0.0351562 0.0517578
0 0.558594 0.407227 0.0390625 0.0429688
0 0.485352 0.457031 0.0410156 0.0390625
0 0.704102 0.353516 0.0449219 0.0332031
0 0.281738 0.228027 0.0458984 0.0380859
0 0.349121 0.31543 0.0341797 0.0527344
0 0.52832 0.406738 0.0292969 0.0556641
0 0.27832 0.772949 0.046875 0.0380859
0 0.438965 0.0258789 0.0439453 0.0419922
0 0.875488 0.584473 0.0361328 0.0478516
0 0.181641 0.102051 0.0371094 0.0439453
0 0.180664 0.30127 0.0488281 0.0400391
0 0.172852 0.522949 0.0332031 0.0634766
0 0.237793 0.317383 0.0458984 0.0371094
0 0.369141 0.401367 0.046875 0.0449219
0 0.657227 0.262695 0.0410156 0.0449219
0 0.612305 0.521484 0.0410156 0.0546875
0 0.135742 0.292969 0.0449219 0.0566406
0 0.833984 0.624023 0.0429688 0.0332031
0 0.647461 0.293457 0.0371094 0.0556641
0 0.447266 0.673828 0.0429688 0.0507812
0 0.700195 0.145996 0.0292969 0.0537109
0 0.246582 0.572266 0.0380859 0.0585938
0 0.163086 0.372559 0.0410156 0.0400391
0 0.58252 0.79248 0.0380859 0.0615234
0 0.882812 0.779297 0.0351562 0.0546875
0 0.137207 0.179199 0.0341797 0.0595703
0 0.0576172 0.21582 0.0410156 0.0527344
0 0.262207 0.145508 0.0439453 0.046875
0 0.448242 0.344727 0.0371094 0.0449219
0 0.744629 0.291016 0.0419922 0.0429688
0 0.729492 0.645508 0.0410156 0.0449219
0 0.864746 0.51709 0.0419922 0.0419922
0 0.213867 0.211914 0.0488281 0.0488281
0 0.508301 0.114258 0.0380859 0.0488281
0 0.880859 0.459961 0.0410156 0.0429688
