0 0.326172 0.650391 0.0429688 0.0351562
0 0.389648 0.732422 0.0332031 0.0546875
0 0.451172 0.709961 0.0273438 0.0683594
0 0.586914 0.515625 0.0449219 0.03125
0 0.505859 0.380859 0.0507812 0.0273438
0 0.621094 0.542969 0.0429688 0.0273438
0 0.299805 0.193359 0.0292969 0.0585938
0 0.416504 0.52002 0.0361328 0.0419922
0 0.541992 0.615234 0.0449219 0.0351562
0 0.501953 0.321289 0.0273438 0.0566406
0 0.291504 0.117676 0.0400391 0.0419922
0 0.326172 0.345215 0.0351562 0.0517578
0 0.553223 0.8125 0.0341797 0.078125
0 0.30957 0.527344 0.03125 0.0625
0 0.614258 0.614258 0.0488281 0.0410156
0 0.605469 0.446777 0.0390625 0.0595703
0 0.555664 0.376953 0.0371094 0.0527344
0 0.466797 0.310059 0.0390625 0.0458984
0 0.366211 0.569336 0.0371094 0.0566406
