0 0.509277 0.625977 0.0751953 0.0839844
0 0.636719 0.263184 0.0996094 0.0771484
0 0.699707 0.48877 0.118164 0.0947266
0 0.541504 0.780762 0.0888672 0.0947266
0 0.415039 0.574219 0.0332031 0.117188
0 0.569336 0.691895 0.0957031 0.0751953
0 0.665039 0.503906 0.0878906 0.078125
0 0.561035 0.642578 0.0556641 0.0996094
1 0.650879 0.0522461 0.110352 0.104492
0 0.62207 0.585449 0.0683594 0.15332
0 0.583984 0.448242 0.0742188 0.101562
0 0.552734 0.154297 0.101562 0.09375
0 0.516602 0.272461 0.0488281 0.128906
0 0.49707 0.371582 0.0566406 0.114258
0 0.490234 0.67627 0.0683594 0.0888672
0 0.426758 0.350586 0.0449219 0.0996094
0 0.456055 0.369141 0.0351562 0.128906
0 0.46582 0.788086 0.0839844 0.078125
0 0.498535 0.55957 0.0322266 0.111328
0 0.60791 0.364258 0.0478516 0.121094
0 0.560059 0.299805 0.0517578 0.146484
0 0.540039 0.0952148 0.0996094 0.0849609
0 0.646484 0.430664 0.09375 0.0527344
0 0.746094 0.313477 0.0585938 0.128906
0 0.47998 0.201172 0.0537109 0.132812
0 0.663086 0.711914 0.103516 0.0839844
0 0.37207 0.440918 0.0878906 0.0888672
0 0.661133 0.207031 0.0976562 0.0605469
0 0.65332 0.648926 0.0703125 0.110352
0 0.461914 0.144043 0.0644531 0.116211
0 0.388184 0.54248 0.0419922 0.12207
0 0.476562 0.855469 0.0351562 0.105469
0 0.419434 0.256348 0.0791016 0.112305
0 0.670898 0.334473 0.0878906 0.0927734
0 0.540527 0.858887 0.0986328 0.0673828
