0 0.504883 0.639648 0.0722656 0.03125
0 0.634766 0.575195 0.0507812 0.0332031
0 0.663086 0.566406 0.0605469 0.046875
0 0.716309 0.59668 0.0556641 0.0390625
0 0.668945 0.588379 0.0527344 0.0380859
0 0.540039 0.604004 0.0449219 0.0478516
0 0.464355 0.536133 0.0400391 0.0527344
0 0.629395 0.418457 0.0380859 0.0986328
0 0.544922 0.442383 0.0546875 0.0585938
0 0.649414 0.376953 0.0546875 0.0332031
0 0.478027 0.48584 0.0322266 0.0927734
0 0.596191 0.479492 0.0654297 0.0488281
0 0.561035 0.501953 0.0595703 0.0664062
0 0.566406 0.373535 0.0351562 0.102539
0 0.603516 0.375488 0.0390625 0.0732422
0 0.716309 0.550781 0.0615234 0.0527344
0 0.530273 0.405273 0.0449219 0.0742188
0 0.658691 0.430664 0.0302734 0.0800781
0 0.676758 0.62207 0.0644531 0.0488281
0 0.634766 0.625977 0.0507812 0.0507812
0 0.512695 0.466797 0.0527344 0.0507812
0 0.596191 0.415039 0.0361328 0.107422
0 0.674805 0.745117 0.0761719 0.0507812
0 0.585938 0.598145 0.0625 0.0322266
0 0.666016 0.527832 0.0625 0.0380859
0 0.455078 0.583008 0.0546875 0.046875
0 0.581055 0.716797 0.0664062 0.0488281
0 0.685059 0.697266 0.0634766 0.0742188
0 0.5 0.543457 0.0605469 0.0517578
0 0.595703 0.567383 0.0664062 0.0332031
0 0.519043 0.502441 0.0556641 0.0556641
0 0.728516 0.728516 0.0351562 0.109375
0 0.67627 0.490723 0.0830078 0.0439453
0 0.623047 0.729492 0.0371094 0.0761719
0 0.556641 0.546875 0.0722656 0.0390625
0 0.455078 0.616211 0.0566406 0.0488281
0 0.613281 0.526367 0.0507812 0.0566406
0 0.697266 0.537109 0.0605469 0.0507812
0 0.567383 0.753906 0.0683594 0.0546875
0 0.502441 0.604492 0.0419922 0.09375
