0 0.564453 0.500977 0.0429688 0.0449219
0 0.655762 0.452148 0.0439453 0.046875
0 0.897461 0.588379 0.0859375 0.0341797
0 0.506348 0.756836 0.0498047 0.0214844
0 0.642578 0.714844 0.0371094 0.0488281
0 0.686035 0.922852 0.0498047 0.0371094
0 0.688965 0.165527 0.0419922 0.0478516
0 0.59668 0.281738 0.0683594 0.0498047
0 0.19043 0.592773 0.0664062 0.0332031
0 0.431152 0.234863 0.0576172 0.0283203
0 0.0805664 0.516113 0.0458984 0.0439453
0 0.135254 0.599609 0.0576172 0.0351562
0 0.231934 0.5 0.0537109 0.03125
0 0.69873 0.824219 0.0341797 0.0488281
0 0.229004 0.164551 0.0380859 0.0478516
0 0.786621 0.397461 0.0419922 0.0449219
0 0.516602 0.885742 0.0488281 0.0273438
0 0.586426 0.804688 0.0361328 0.046875
0 0.869141 0.414551 0.0703125 0.0302734
0 0.467773 0.521973 0.0585938 0.0263672
0 0.581055 0.675781 0.0625 0.0273438
0 0.216309 0.28418 0.0576172 0.0292969
0 0.256348 0.316406 0.0615234 0.0292969
0 0.333496 0.407715 0.0498047 0.0322266
0 0.617188 0.907227 0.0507812 0.0273438
0 0.550293 0.470703 0.0556641 0.0351562
0 0.687988 0.331055 0.0478516 0.0488281
0 0.258301 0.757812 0.0380859 0.046875
0 0.583008 0.707031 0.0449219 0.03125
0 0.592773 0.741211 0.046875 0.0371094
0 0.514648 0.570312 0.0507812 0.0429688
0 0.227051 0.20166 0.0615234 0.0361328
0 0.442383 0.612305 0.0371094 0.0488281
0 0.244141 0.627441 0.0546875 0.0322266
0 0.490723 0.717773 0.0478516 0.0332031
0 0.245117 0.37207 0.0410156 0.0449219
0 0.819336 0.651367 0.0566406 0.0390625
0 0.432129 0.888184 0.0439453 0.0439453
0 0.401367 0.819824 0.0527344 0.0361328
0 0.390137 0.853516 0.0478516 0.0390625
0 0.333984 0.489258 0.0488281 0.0371094
0 0.409668 0.72168 0.0458984 0.0449219
