0 0.466309 0.505859 0.0126953 0.0351562
0 0.451172 0.517578 0.0390625 0.0234375
0 0.52832 0.506836 0.0410156 0.0214844
0 0.412109 0.332031 0.0253906 0.00976562
0 0.533203 0.492676 0.0351562 0.0498047
0 0.388184 0.329102 0.0361328 0.00976562
0 0.286621 0.337891 0.0341797 0.0195312
0 0.244629 0.324219 0.0361328 0.0195312
0 0.838379 0.324707 0.0419922 0.0166016
0 0.762695 0.328613 0.0253906 0.0185547
0 0.924316 0.326172 0.0205078 0.0117188
0 0.45459 0.332031 0.0283203 0.015625
0 0.464355 0.479004 0.0244141 0.0419922
0 0.530762 0.331055 0.0283203 0.0175781
0 0.562988 0.333008 0.0322266 0.0136719
0 0.727539 0.325684 0.0410156 0.0283203
0 0.612305 0.460938 0.0253906 0.0429688
0 0.47998 0.514648 0.0166016 0.0507812
0 0.599609 0.464355 0.0234375 0.0341797
0 0.49707 0.480469 0.0214844 0.0390625
0 0.380371 0.552734 0.0244141 0.0351562
0 0.579102 0.440918 0.0234375 0.0341797
