0 0.582031 0.481445 0.0429688 0.0117188
0 0.504395 0.433105 0.0478516 0.0146484
0 0.517578 0.107422 0.0507812 0.0117188
0 0.638672 0.202148 0.0234375 0.0136719
0 0.645996 0.326172 0.0224609 0.0234375
0 0.615234 0.191406 0.0351562 0.0195312
0 0.592773 0.34668 0.0371094 0.0175781
0 0.635254 0.314941 0.0341797 0.0126953
0 0.631348 0.446777 0.0185547 0.0205078
0 0.598633 0.481445 0.0585938 0.0136719
0 0.556152 0.354492 0.0419922 0.0078125
0 0.520508 0.449219 0.0273438 0.0117188
0 0.605469 0.383789 0.0546875 0.015625
0 0.496094 0.627441 0.0507812 0.0185547
0 0.644531 0.578125 0.0234375 0.0253906
0 0.626953 0.577148 0.03125 0.0253906
0 0.498047 0.637695 0.0527344 0.0195312
0 0.498535 0.62207 0.0556641 0.00976562
0 0.480469 0.598633 0.03125 0.0214844
0 0.73877 0.347656 0.0322266 0.015625
0 0.56543 0.655273 0.0253906 0.0175781
0 0.463379 0.780273 0.0244141 0.03125
0 0.615234 0.371094 0.0429688 0.015625
0 0.766113 0.376953 0.0400391 0.0195312
0 0.749023 0.633789 0.0410156 0.0175781
0 0.675781 0.202148 0.0332031 0.0175781
0 0.524902 0.594727 0.0537109 0.0136719
0 0.552734 0.320801 0.0449219 0.0166016
0 0.472656 0.897949 0.046875 0.0185547
0 0.739258 0.621094 0.0292969 0.0195312
0 0.348633 0.56543 0.0292969 0.0253906
0 0.522461 0.258789 0.0527344 0.0234375
0 0.619141 0.212891 0.0351562 0.015625
0 0.32373 0.570312 0.0361328 0.0136719
0 0.716797 0.335449 0.0429688 0.0126953
0 0.537109 0.441406 0.0351562 0.015625
0 0.694336 0.369141 0.0488281 0.0234375
0 0.553223 0.32959 0.0478516 0.0107422
0 0.59082 0.359375 0.0449219 0.00976562
0 0.623535 0.297852 0.0263672 0.0214844
0 0.564453 0.381348 0.03125 0.0224609
0 0.647461 0.444824 0.0292969 0.0185547
0 0.654297 0.40625 0.0195312 0.015625
0 0.552734 0.390137 0.0429688 0.0166016
0 0.747559 0.341797 0.0205078 0.0253906
0 0.746094 0.383301 0.0390625 0.0107422
0 0.560547 0.343262 0.0429688 0.0185547
0 0.604004 0.475098 0.0478516 0.0126953
0 0.489746 0.101074 0.0400391 0.0166016
0 0.845703 0.584961 0.0449219 0.0175781
0 0.645996 0.279785 0.0283203 0.0224609
0 0.624023 0.227539 0.0371094 0.00976562
0 0.679688 0.670898 0.03125 0.0234375
0 0.480469 0.572266 0.0390625 0.0117188
0 0.493164 0.532715 0.0488281 0.0107422
0 0.444336 0.164551 0.0449219 0.0205078
0 0.777344 0.360352 0.0351562 0.0214844
0 0.785156 0.407715 0.03125 0.0166016
0 0.798828 0.387695 0.0351562 0.0175781
0 0.559082 0.699219 0.0478516 0.0273438
0 0.720215 0.62207 0.0302734 0.0253906
0 0.59668 0.680176 0.0527344 0.0146484
0 0.573242 0.537109 0.0234375 0.015625
0 0.583008 0.399902 0.0449219 0.0146484
0 0.561035 0.412109 0.0439453 0.015625
0 0.611816 0.520508 0.0556641 0.0136719
0 0.644531 0.419434 0.0429688 0.0146484
0 0.76123 0.394043 0.0263672 0.0185547
0 0.287598 0.574219 0.0419922 0.015625
0 0.529297 0.421387 0.0429688 0.0126953
0 0.614258 0.437012 0.0292969 0.0205078
0 0.516602 0.571777 0.0292969 0.0185547
0 0.605957 0.314941 0.0380859 0.0205078
0 0.56543 0.255371 0.0273438 0.0224609
1 0.768555 0.511719 0.134766 0.0644531
0 0.533203 0.553711 0.046875 0.0136719
0 0.462402 0.586914 0.0517578 0.0136719
0 0.581055 0.564453 0.0527344 0.015625
0 0.572266 0.276367 0.0429688 0.0195312
0 0.528809 0.529297 0.0380859 0.0214844
0 0.671875 0.544922 0.0351562 0.0234375
0 0.558594 0.541992 0.0351562 0.0175781
0 0.622559 0.462891 0.0498047 0.0117188
0 0.538574 0.490723 0.0400391 0.0166016
0 0.490234 0.54834 0.0410156 0.0146484
0 0.543945 0.473633 0.0292969 0.0214844
0 0.59668 0.298828 0.0410156 0.015625
