0 0.525391 0.501465 0.0195312 0.0419922
0 0.512207 0.463379 0.0263672 0.0224609
0 0.519531 0.496582 0.0136719 0.0439453
0 0.507324 0.492676 0.0166016 0.0419922
0 0.530273 0.503906 0.0136719 0.0390625
0 0.523926 0.53125 0.0322266 0.0234375
0 0.5 0.598633 0.0195312 0.0351562
0 0.533691 0.47168 0.0302734 0.0371094
0 0.591797 0.307129 0.0273438 0.0205078
0 0.516602 0.439453 0.0292969 0.0351562
0 0.550781 0.506348 0.015625 0.0419922
0 0.516602 0.592773 0.0273438 0.0292969
0 0.519531 0.560547 0.0234375 0.0449219
0 0.498535 0.563965 0.0185547 0.0283203
0 0.555176 0.548828 0.0244141 0.03125
0 0.501953 0.397949 0.0234375 0.0361328
0 0.507812 0.418457 0.03125 0.0478516
0 0.466797 0.567383 0.03125 0.0292969
0 0.495117 0.614258 0.0273438 0.0371094
0 0.502441 0.35791 0.0263672 0.0361328
0 0.497559 0.544922 0.0224609 0.0351562
