0 0.174316 0.439453 0.0185547 0.0429688
0 0.237793 0.43457 0.0302734 0.0175781
0 0.215332 0.516602 0.0615234 0.0566406
0 0.504883 0.25 0.0683594 0.109375
0 0.512695 0.518555 0.0371094 0.0273438
0 0.517578 0.619141 0.0292969 0.0253906
0 0.538086 0.31543 0.03125 0.0566406
0 0.379395 0.65918 0.0263672 0.0449219
0 0.380859 0.488281 0.0234375 0.0703125
0 0.35498 0.396484 0.0419922 0.0429688
0 0.231445 0.483398 0.0410156 0.0253906
0 0.553711 0.629883 0.046875 0.0527344
0 0.546875 0.525391 0.0351562 0.0371094
0 0.396484 0.466309 0.0195312 0.0771484
0 0.5625 0.567383 0.0195312 0.0527344
0 0.438477 0.421875 0.0527344 0.0507812
0 0.538086 0.591309 0.0214844 0.0771484
0 0.556152 0.668945 0.0478516 0.0410156
0 0.349121 0.308105 0.0517578 0.0439453
0 0.37207 0.308594 0.0449219 0.0410156
0 0.420898 0.436523 0.0292969 0.0644531
0 0.520508 0.691895 0.0214844 0.0634766
0 0.424316 0.620117 0.0244141 0.0761719
0 0.37793 0.619141 0.0566406 0.046875
0 0.428711 0.31543 0.0292969 0.046875
0 0.39209 0.365234 0.0458984 0.0546875
0 0.459961 0.34668 0.0351562 0.0722656
0 0.483398 0.541016 0.0332031 0.03125
0 0.265625 0.658203 0.03125 0.0546875
0 0.577148 0.509277 0.0449219 0.0556641
0 0.38916 0.69043 0.0419922 0.0371094
0 0.569336 0.730469 0.0410156 0.0234375
0 0.34082 0.422363 0.0371094 0.0615234
0 0.390625 0.319336 0.046875 0.0351562
0 0.424805 0.357422 0.0253906 0.078125
0 0.350586 0.644531 0.0488281 0.0664062
0 0.32959 0.364258 0.0537109 0.0488281
0 0.367676 0.438965 0.0361328 0.0419922
0 0.214355 0.638672 0.0478516 0.0273438
0 0.18457 0.402344 0.0292969 0.0546875
0 0.294922 0.695312 0.0351562 0.0605469
0 0.287598 0.572754 0.0439453 0.0244141
0 0.550781 0.703125 0.0429688 0.0507812
0 0.416016 0.670898 0.0566406 0.046875
