0 0.46582 0.504395 0.0253906 0.0380859
0 0.00683594 0.379883 0.0136719 0.0761719
0 0.266113 0.623047 0.0634766 0.03125
0 0.413086 0.727539 0.0332031 0.0488281
0 0.386719 0.505859 0.0234375 0.078125
0 0.395508 0.339844 0.0449219 0.078125
0 0.532227 0.609375 0.0292969 0.0722656
0 0.449707 0.691895 0.0576172 0.0478516
0 0.541992 0.552734 0.0214844 0.078125
0 0.753418 0.535156 0.0244141 0.0683594
0 0.507812 0.610352 0.0429688 0.0644531
0 0.458984 0.664062 0.0761719 0.0507812
0 0.580566 0.546875 0.0224609 0.078125
0 0.403809 0.680664 0.0458984 0.0527344
0 0.738281 0.453613 0.0664062 0.0380859
0 0.471191 0.578613 0.0419922 0.0556641
0 0.335449 0.925781 0.0400391 0.101562
0 0.29541 0.980469 0.0263672 0.0390625
0 0.560547 0.552246 0.03125 0.0791016
0 0.424316 0.618652 0.0595703 0.0380859
0 0.32959 0.841797 0.0263672 0.0703125
0 0.56543 0.500977 0.0605469 0.0449219
0 0.48291 0.45459 0.0263672 0.0869141
0 0.603516 0.476074 0.0742188 0.0732422
0 0.272949 0.600586 0.0673828 0.0507812
0 0.331543 0.624023 0.0673828 0.0566406
0 0.54541 0.853516 0.0673828 0.0390625
0 0.452637 0.480469 0.0322266 0.0703125
0 0.543945 0.302734 0.0644531 0.046875
0 0.574219 0.419434 0.03125 0.0869141
0 0.44043 0.558594 0.0527344 0.0371094
0 0.583008 0.597168 0.0644531 0.0322266
0 0.480469 0.17334 0.0585938 0.0341797
0 0.543945 0.638184 0.0410156 0.0634766
0 0.606445 0.104004 0.0253906 0.0888672
0 0.713867 0.48877 0.0371094 0.0693359
0 0.568359 0.67627 0.0625 0.0361328
0 0.457031 0.379883 0.0234375 0.0761719
0 0.401367 0.220215 0.0410156 0.0595703
0 0.606445 0.647461 0.0292969 0.0839844
0 0.494141 0.39502 0.0546875 0.0439453
0 0.442871 0.451172 0.0283203 0.0761719
