0 0.667969 0.350098 0.0214844 0.0419922
0 0.698242 0.617188 0.0410156 0.015625
0 0.535156 0.505859 0.0136719 0.0390625
0 0.560059 0.527344 0.0322266 0.0273438
0 0.572266 0.509766 0.046875 0.0273438
0 0.383301 0.471191 0.0244141 0.0205078
0 0.639648 0.345215 0.0214844 0.0224609
0 0.489258 0.474121 0.0253906 0.0185547
0 0.520996 0.516113 0.0322266 0.0224609
0 0.425293 0.454102 0.0146484 0.0371094
0 0.439453 0.447754 0.0195312 0.0263672
0 0.541016 0.516602 0.015625 0.0332031
0 0.415039 0.481445 0.015625 0.0449219
0 0.676758 0.623047 0.0214844 0.0273438
0 0.736328 0.65625 0.0234375 0.0429688
0 0.393066 0.499023 0.0205078 0.0332031
0 0.594727 0.382324 0.0351562 0.0185547
0 0.682617 0.688477 0.0410156 0.0175781
0 0.398926 0.488281 0.0224609 0.03125
0 0.455566 0.463867 0.0302734 0.0214844
0 0.739746 0.641602 0.0244141 0.0429688
0 0.416504 0.448242 0.0283203 0.0253906
0 0.705078 0.407715 0.0195312 0.0478516
0 0.584961 0.506348 0.0332031 0.0244141
0 0.534668 0.445312 0.0146484 0.03125
0 0.69873 0.65918 0.0283203 0.0371094
0 0.711914 0.585449 0.0351562 0.0244141
0 0.390625 0.449219 0.03125 0.03125
0 0.774414 0.665039 0.0449219 0.0253906
0 0.442383 0.46875 0.0292969 0.015625
0 0.674805 0.373047 0.0292969 0.0351562
0 0.674805 0.347656 0.0214844 0.0429688
0 0.431152 0.481445 0.0263672 0.015625
0 0.794922 0.716797 0.046875 0.0234375
0 0.411133 0.566895 0.015625 0.0400391
0 0.519531 0.495605 0.0351562 0.0205078
0 0.56543 0.408691 0.0332031 0.0224609
0 0.666016 0.629883 0.0214844 0.0449219
0 0.643555 0.557617 0.0371094 0.0214844
0 0.718262 0.644531 0.0244141 0.0507812
0 0.597656 0.358887 0.0351562 0.0322266
0 0.518066 0.478516 0.0322266 0.015625
0 0.672852 0.518066 0.0253906 0.0419922
0 0.399902 0.464355 0.0126953 0.0361328
0 0.589844 0.325195 0.0351562 0.0214844
0 0.538086 0.538086 0.0292969 0.0253906
0 0.661621 0.319824 0.0361328 0.0341797
0 0.433594 0.500977 0.0351562 0.0253906
0 0.243652 0.459473 0.0322266 0.0126953
0 0.693359 0.543945 0.0234375 0.03125
0 0.284668 0.464844 0.0322266 0.0175781
0 0.56543 0.534668 0.0332031 0.0166016
0 0.499023 0.509277 0.015625 0.0458984
0 0.305664 0.459473 0.0371094 0.0205078
0 0.696289 0.608398 0.0371094 0.0273438
0 0.667969 0.546875 0.0234375 0.0546875
0 0.595703 0.482422 0.0214844 0.0429688
0 0.491211 0.421387 0.03125 0.0283203
0 0.556641 0.515625 0.0273438 0.03125
0 0.226074 0.472168 0.0322266 0.0166016
0 0.583008 0.349121 0.0214844 0.0400391
0 0.751465 0.499023 0.0185547 0.0488281
0 0.688477 0.669922 0.0390625 0.0195312
0 0.685547 0.257324 0.0234375 0.0537109
0 0.633301 0.52832 0.0341797 0.0253906
0 0.674805 0.398926 0.0332031 0.0263672
0 0.562988 0.302734 0.0341797 0.0371094
0 0.832031 0.621094 0.0214844 0.0546875
0 0.550293 0.481934 0.0224609 0.0419922
0 0.537109 0.558594 0.03125 0.03125
0 0.693359 0.568359 0.03125 0.03125
0 0.384766 0.531738 0.0273438 0.0380859
0 0.748047 0.626953 0.0351562 0.03125
0 0.582031 0.421875 0.0234375 0.0429688
0 0.566406 0.605469 0.03125 0.03125
0 0.799316 0.649414 0.0361328 0.0253906
0 0.513672 0.424805 0.0234375 0.0410156
0 0.191895 0.46875 0.0341797 0.0234375
0 0.254395 0.474609 0.0341797 0.0175781
0 0.374023 0.503418 0.0195312 0.0439453
0 0.731445 0.47998 0.0371094 0.0302734
