0 0.763672 0.393555 0.0898438 0.0410156
0 0.526367 0.544922 0.0507812 0.0292969
0 0.725098 0.317871 0.0302734 0.0732422
0 0.76416 0.491211 0.0458984 0.123047
0 0.478516 0.54541 0.0234375 0.0478516
0 0.626465 0.202148 0.0498047 0.0449219
0 0.910156 0.436035 0.0742188 0.0986328
0 0.557129 0.477539 0.0595703 0.0371094
0 0.902344 0.893555 0.0976562 0.0761719
0 0.513184 0.577148 0.0419922 0.0410156
0 0.954102 0.730469 0.0878906 0.0800781
0 0.646484 0.515625 0.0585938 0.0664062
0 0.475098 0.520508 0.0537109 0.0410156
0 0.71875 0.762695 0.0429688 0.117188
0 0.891602 0.52832 0.0449219 0.0800781
0 0.530273 0.439941 0.0566406 0.0654297
0 0.541016 0.518555 0.0507812 0.03125
0 0.719727 0.447754 0.0722656 0.0556641
0 0.700195 0.335449 0.0371094 0.0869141
0 0.553711 0.569336 0.0527344 0.0371094
0 0.578125 0.523438 0.0351562 0.0703125
0 0.700684 0.565918 0.0595703 0.0712891
0 0.679688 0.500977 0.03125 0.0644531
0 0.753418 0.365234 0.0693359 0.0273438
0 0.65332 0.585938 0.0527344 0.0546875
0 0.48877 0.581055 0.0419922 0.0722656
0 0.71582 0.254395 0.0527344 0.0654297
0 0.636719 0.570312 0.0585938 0.0488281
0 0.665039 0.460449 0.0507812 0.0517578
0 0.646973 0.267578 0.0595703 0.0371094
0 0.599609 0.569336 0.0371094 0.0683594
0 0.584961 0.652344 0.0527344 0.0761719
0 0.575195 0.275879 0.0644531 0.0400391
0 0.61377 0.651367 0.0517578 0.0683594
0 0.777344 0.666992 0.078125 0.0507812
0 0.486816 0.442383 0.0537109 0.0449219
0 0.763672 0.330078 0.0644531 0.0390625
0 0.736816 0.22998 0.0341797 0.0732422
0 0.510254 0.616211 0.0576172 0.0527344
