0 0.376953 0.441406 0.03125 0.03125
0 0.0166016 0.027832 0.0332031 0.0283203
0 0.441406 0.478027 0.0390625 0.0341797
0 0.285645 0.100586 0.0400391 0.03125
0 0.256348 0.10498 0.0322266 0.0400391
0 0.17334 0.0400391 0.0205078 0.015625
0 0.15918 0.413086 0.0214844 0.0546875
0 0.331543 0.0898438 0.0576172 0.0625
0 0.0449219 0.0297852 0.0429688 0.0244141
0 0.0458984 0.459961 0.0292969 0.0566406
0 0.644531 0.443359 0.0507812 0.0390625
0 0.561523 0.585449 0.0292969 0.0576172
0 0.298828 0.0668945 0.0390625 0.0166016
0 0.444824 0.0683594 0.0478516 0.0214844
0 0.0957031 0.30127 0.0332031 0.0224609
0 0.504883 0.419922 0.0371094 0.0546875
0 0.187012 0.269043 0.0537109 0.0322266
0 0.509766 0.610352 0.0546875 0.0273438
0 0.012207 0.425293 0.0244141 0.0380859
0 0.402344 0.532227 0.0429688 0.0488281
0 0.553711 0.48291 0.0253906 0.0634766
0 0.584961 0.0976562 0.0527344 0.0332031
0 0.416992 0.464355 0.0214844 0.0673828
0 0.566406 0.669434 0.046875 0.0380859
0 0.360352 0.179199 0.03125 0.0595703
0 0.299805 0.29541 0.0371094 0.0341797
