0 0.84375 0.494629 0.0234375 0.0458984
0 0.570312 0.249023 0.0410156 0.0332031
0 0.32959 0.610352 0.0302734 0.0605469
0 0.560547 0.255859 0.0429688 0.0351562
0 0.442383 0.455566 0.0214844 0.0517578
0 0.699219 0.472168 0.046875 0.0283203
0 0.369141 0.206543 0.0351562 0.0458984
0 0.299805 0.444824 0.0292969 0.0576172
0 0.78418 0.34375 0.0449219 0.0429688
0 0.545898 0.503418 0.0449219 0.0302734
0 0.745117 0.611328 0.046875 0.0371094
0 0.640625 0.228027 0.0351562 0.0498047
0 0.440918 0.784668 0.0361328 0.0634766
0 0.606445 0.711914 0.0449219 0.0449219
0 0.336426 0.320801 0.0400391 0.0419922
