0 0.573242 0.58252 0.0410156 0.0107422
0 0.675293 0.527832 0.0439453 0.0146484
0 0.264648 0.52832 0.0371094 0.0117188
0 0.668945 0.542969 0.0488281 0.015625
0 0.362793 0.575195 0.0439453 0.0175781
0 0.292969 0.574219 0.0351562 0.0234375
0 0.542969 0.592773 0.0371094 0.0175781
0 0.590332 0.580078 0.0341797 0.0175781
0 0.571289 0.400391 0.0332031 0.0371094
0 0.564453 0.599121 0.0585938 0.0126953
0 0.607422 0.569336 0.0429688 0.0136719
0 0.208984 0.607422 0.0449219 0.0117188
0 0.68457 0.444336 0.0332031 0.0117188
0 0.67041 0.535156 0.0498047 0.015625
0 0.336914 0.413574 0.0253906 0.0263672
0 0.333496 0.602539 0.0341797 0.0214844
0 0.303711 0.454102 0.0292969 0.0253906
0 0.650879 0.550781 0.0400391 0.0195312
0 0.705566 0.530273 0.0478516 0.0136719
0 0.366211 0.581055 0.0371094 0.0136719
0 0.398926 0.46582 0.0244141 0.0253906
0 0.670898 0.475586 0.0253906 0.0292969
0 0.667969 0.550781 0.046875 0.0175781
0 0.396973 0.548828 0.0458984 0.0214844
0 0.416992 0.467773 0.0351562 0.0175781
0 0.544922 0.391113 0.03125 0.0244141
0 0.47168 0.374023 0.0585938 0.0175781
0 0.640137 0.439941 0.0478516 0.0185547
0 0.408203 0.578125 0.0273438 0.0292969
0 0.378418 0.400391 0.0400391 0.0117188
0 0.20752 0.59082 0.0283203 0.0234375
0 0.486328 0.526367 0.0273438 0.0292969
0 0.563477 0.473633 0.0527344 0.0136719
0 0.369141 0.367188 0.0273438 0.0253906
0 0.36084 0.404785 0.0361328 0.0224609
0 0.367676 0.387695 0.0439453 0.015625
0 0.446777 0.401855 0.0322266 0.0244141
0 0.330078 0.402832 0.0273438 0.0263672
0 0.291992 0.529297 0.0253906 0.0273438
0 0.391602 0.381348 0.0371094 0.0126953
0 0.227539 0.590332 0.0214844 0.0263672
0 0.651367 0.454102 0.0449219 0.0117188
0 0.638672 0.577148 0.03125 0.0273438
0 0.624023 0.493164 0.0273438 0.0253906
0 0.612305 0.55957 0.0410156 0.0195312
0 0.248535 0.452148 0.0439453 0.0136719
0 0.35791 0.568848 0.0498047 0.0126953
0 0.341797 0.375 0.046875 0.015625
0 0.485352 0.324219 0.0292969 0.0273438
0 0.541504 0.456543 0.0283203 0.0283203
0 0.339844 0.501953 0.046875 0.015625
0 0.435547 0.445801 0.0273438 0.0283203
0 0.163086 0.5625 0.0449219 0.0117188
0 0.329102 0.583008 0.0234375 0.0253906
0 0.406738 0.355469 0.0439453 0.015625
0 0.231934 0.441406 0.0439453 0.015625
0 0.558594 0.368652 0.0488281 0.0146484
0 0.467773 0.493164 0.0351562 0.0214844
0 0.54541 0.5625 0.0380859 0.0195312
0 0.171875 0.549805 0.0449219 0.0136719
0 0.488281 0.672852 0.0507812 0.0175781
0 0.558594 0.521484 0.0507812 0.015625
0 0.198242 0.574219 0.0390625 0.0234375
0 0.541992 0.40625 0.0449219 0.015625
0 0.225586 0.537109 0.0292969 0.0195312
0 0.411621 0.341797 0.0458984 0.0175781
0 0.311523 0.508789 0.0332031 0.0214844
0 0.402832 0.523926 0.0439453 0.0244141
0 0.533203 0.583496 0.0488281 0.0146484
0 0.282715 0.59082 0.0263672 0.0214844
0 0.245605 0.578613 0.0361328 0.0244141
0 0.512695 0.617188 0.0429688 0.0117188
0 0.448242 0.480957 0.046875 0.0146484
0 0.425293 0.495605 0.0458984 0.0166016
0 0.270996 0.48877 0.0478516 0.0224609
0 0.39209 0.57959 0.0224609 0.0283203
0 0.319824 0.533203 0.0419922 0.0195312
0 0.32959 0.482422 0.0419922 0.0214844
0 0.246094 0.52002 0.0429688 0.0185547
0 0.585938 0.558105 0.0332031 0.0224609
0 0.5 0.498047 0.0390625 0.0195312
0 0.299316 0.38623 0.0380859 0.0322266
0 0.510742 0.513184 0.0214844 0.0263672
0 0.588379 0.490723 0.0498047 0.0146484
0 0.308105 0.46875 0.0400391 0.0214844
0 0.583008 0.628906 0.0449219 0.015625
0 0.40332 0.447266 0.0292969 0.0234375
0 0.236328 0.474121 0.046875 0.0126953
0 0.598633 0.660156 0.0292969 0.0273438
0 0.365234 0.348145 0.0410156 0.0205078
0 0.238281 0.552734 0.0429688 0.0195312
0 0.30957 0.581543 0.0292969 0.0244141
