0 0.797852 0.459473 0.0449219 0.0185547
0 0.561035 0.293945 0.0263672 0.0175781
0 0.495605 0.532227 0.0302734 0.0253906
0 0.299805 0.654297 0.0214844 0.0234375
0 0.450195 0.442871 0.0273438 0.0283203
0 0.357422 0.506836 0.0371094 0.0136719
0 0.330078 0.453125 0.03125 0.0292969
0 0.437988 0.640137 0.0322266 0.0205078
0 0.302246 0.675293 0.0244141 0.0283203
0 0.710449 0.541992 0.0166016 0.0371094
0 0.429688 0.587891 0.0332031 0.0117188
0 0.605469 0.372559 0.046875 0.0146484
0 0.518555 0.333008 0.0175781 0.0253906
0 0.730469 0.515625 0.0371094 0.015625
0 0.606445 0.271973 0.0253906 0.0322266
0 0.790039 0.46582 0.03125 0.0175781
0 0.510254 0.486816 0.0224609 0.0302734
0 0.731445 0.574219 0.0332031 0.0234375
0 0.646484 0.322754 0.0273438 0.0205078
0 0.525391 0.575195 0.0429688 0.0136719
0 0.424316 0.87207 0.0322266 0.0253906
0 0.311523 0.70459 0.0136719 0.0361328
0 0.30957 0.55127 0.0371094 0.0224609
0 0.606445 0.523438 0.0332031 0.015625
0 0.21582 0.546875 0.03125 0.0214844
0 0.397949 0.347656 0.0283203 0.0234375
0 0.738281 0.633789 0.0351562 0.0214844
0 0.30127 0.586426 0.0439453 0.0146484
0 0.412598 0.373047 0.0400391 0.0136719
0 0.294922 0.803711 0.0429688 0.0214844
0 0.702148 0.505371 0.0175781 0.0283203
0 0.550781 0.664062 0.0253906 0.0234375
0 0.677246 0.441406 0.0166016 0.0273438
0 0.373047 0.460449 0.015625 0.0283203
0 0.474609 0.439453 0.0332031 0.0195312
0 0.825684 0.397461 0.0283203 0.015625
0 0.554688 0.37207 0.0195312 0.0175781
0 0.824707 0.579102 0.0166016 0.0253906
0 0.294922 0.391602 0.0390625 0.0175781
0 0.269043 0.44873 0.0439453 0.0205078
0 0.302246 0.604492 0.0439453 0.0214844
0 0.293945 0.621094 0.0332031 0.0136719
0 0.651367 0.564453 0.0175781 0.0253906
0 0.231445 0.330078 0.03125 0.0136719
0 0.433105 0.865234 0.0263672 0.0351562
0 0.27002 0.415039 0.0341797 0.0175781
0 0.316895 0.674805 0.0205078 0.0371094
0 0.646484 0.547852 0.0351562 0.0136719
0 0.739258 0.549316 0.0273438 0.0185547
0 0.746582 0.297852 0.0322266 0.0253906
0 0.171387 0.577148 0.0400391 0.0136719
0 0.417969 0.366699 0.0371094 0.0126953
0 0.525391 0.386719 0.03125 0.0234375
0 0.59375 0.560547 0.0195312 0.0273438
0 0.495605 0.424316 0.0302734 0.0146484
0 0.383789 0.775391 0.0175781 0.0351562
0 0.15332 0.59375 0.0429688 0.0117188
0 0.635742 0.515137 0.0253906 0.0244141
0 0.670898 0.463867 0.0136719 0.0253906
0 0.419434 0.764648 0.0322266 0.0253906
0 0.597656 0.274414 0.0234375 0.0292969
0 0.676758 0.52832 0.0371094 0.0175781
0 0.788086 0.718262 0.0253906 0.0341797
0 0.475586 0.518555 0.0332031 0.0253906
0 0.751953 0.672363 0.015625 0.0322266
0 0.330566 0.681641 0.0146484 0.0351562
0 0.425293 0.35791 0.0419922 0.0107422
0 0.219238 0.431152 0.0283203 0.0205078
0 0.720215 0.541992 0.0205078 0.0371094
0 0.746094 0.518555 0.0390625 0.0175781
0 0.270508 0.428223 0.0292969 0.0185547
0 0.786133 0.392578 0.0214844 0.0175781
0 0.663086 0.56543 0.0136719 0.03125
0 0.576172 0.482422 0.046875 0.0175781
0 0.443848 0.345703 0.0302734 0.0195312
0 0.787598 0.438965 0.0419922 0.0126953
0 0.866211 0.539062 0.0292969 0.03125
0 0.266602 0.358398 0.0214844 0.0273438
0 0.224609 0.444824 0.0390625 0.0166016
0 0.487305 0.45166 0.0332031 0.0146484
0 0.316406 0.537109 0.03125 0.0234375
0 0.808594 0.594727 0.0507812 0.0136719
0 0.248047 0.798828 0.0273438 0.0273438
0 0.618164 0.375 0.0410156 0.0175781
0 0.452148 0.634277 0.0292969 0.0302734
0 0.552734 0.760254 0.0351562 0.0185547
0 0.225098 0.308594 0.0205078 0.03125
0 0.289551 0.542969 0.0185547 0.0195312
0 0.561523 0.35791 0.0332031 0.0166016
0 0.446777 0.458984 0.0322266 0.015625
0 0.271973 0.81543 0.0341797 0.0253906
0 0.702148 0.61084 0.0390625 0.0107422
0 0.243164 0.40625 0.0332031 0.0195312
0 0.143555 0.507812 0.0292969 0.0195312
0 0.680664 0.595703 0.0332031 0.0214844
0 0.287598 0.600586 0.0361328 0.0175781
0 0.415039 0.854492 0.0488281 0.0175781
0 0.380371 0.828125 0.0166016 0.0429688
0 0.204102 0.360352 0.0429688 0.00976562
0 0.620117 0.316895 0.0449219 0.0146484
0 0.187012 0.301758 0.0263672 0.0332031
0 0.291504 0.702148 0.0302734 0.0351562
0 0.380859 0.359375 0.0351562 0.015625
0 0.28125 0.68457 0.03125 0.03125
0 0.60498 0.55957 0.0185547 0.0292969
0 0.247559 0.432617 0.0302734 0.0195312
0 0.837891 0.32959 0.03125 0.0185547
0 0.668457 0.589844 0.0439453 0.015625
0 0.738281 0.300293 0.0234375 0.0263672
0 0.318848 0.375488 0.0380859 0.0126953
0 0.745117 0.321289 0.0410156 0.00976562
0 0.554688 0.29834 0.03125 0.0224609
0 0.626953 0.759766 0.0273438 0.0234375
0 0.765625 0.3125 0.0390625 0.0175781
0 0.583984 0.805664 0.03125 0.0253906
0 0.290039 0.416992 0.0253906 0.0253906
0 0.751953 0.567383 0.0175781 0.0292969
0 0.565918 0.417969 0.0322266 0.0117188
0 0.346191 0.288086 0.0361328 0.0175781
0 0.534668 0.330566 0.0263672 0.0126953
0 0.160645 0.497559 0.0400391 0.0185547
0 0.376953 0.265625 0.0292969 0.0234375
0 0.334961 0.359375 0.0195312 0.0292969
0 0.445312 0.400391 0.03125 0.0234375
0 0.532227 0.369629 0.0292969 0.0244141
0 0.326172 0.731445 0.0234375 0.0332031
0 0.46582 0.663086 0.0292969 0.0292969
0 0.33252 0.280762 0.0380859 0.0146484
0 0.451172 0.501953 0.0234375 0.0234375
0 0.563477 0.246094 0.0292969 0.0292969
0 0.521484 0.672852 0.046875 0.0136719
0 0.490234 0.703125 0.0390625 0.015625
0 0.584961 0.527344 0.0390625 0.0195312
0 0.266602 0.76416 0.0351562 0.0263672
0 0.65625 0.32959 0.0292969 0.0263672
0 0.412109 0.842773 0.0429688 0.015625
0 0.280273 0.626465 0.0292969 0.0244141
0 0.520508 0.568848 0.0429688 0.0146484
0 0.266602 0.575195 0.0253906 0.0253906
0 0.580078 0.772461 0.015625 0.0332031
0 0.814453 0.574219 0.0234375 0.0273438
0 0.45166 0.420898 0.0283203 0.0332031
0 0.675293 0.535156 0.0380859 0.015625
0 0.584473 0.427734 0.0322266 0.0117188
0 0.519531 0.52002 0.0253906 0.0283203
0 0.441406 0.516602 0.03125 0.0175781
0 0.225586 0.564453 0.0371094 0.0273438
0 0.49707 0.462891 0.0410156 0.0136719
0 0.503906 0.28125 0.0410156 0.0136719
0 0.412109 0.562988 0.0332031 0.0302734
0 0.750977 0.636719 0.0410156 0.0234375
0 0.394531 0.862305 0.03125 0.0332031
0 0.639648 0.467773 0.0214844 0.0273438
0 0.179688 0.366211 0.0195312 0.0332031
0 0.62207 0.265137 0.0332031 0.0224609
0 0.433105 0.433105 0.0322266 0.0263672
0 0.643555 0.586914 0.0195312 0.0371094
0 0.576172 0.453125 0.0273438 0.0273438
0 0.233887 0.59375 0.0439453 0.0195312
0 0.369141 0.788086 0.0253906 0.0292969
0 0.154297 0.447754 0.03125 0.0107422
0 0.324219 0.61084 0.0410156 0.0224609
0 0.481445 0.421875 0.0371094 0.015625
0 0.844238 0.595703 0.0458984 0.0117188
0 0.36084 0.354492 0.0283203 0.0253906
0 0.47168 0.499023 0.0292969 0.0253906
0 0.400879 0.739258 0.0458984 0.0234375
0 0.813477 0.391602 0.015625 0.0292969
0 0.527344 0.395508 0.03125 0.0253906
0 0.538086 0.803711 0.0332031 0.0332031
0 0.547852 0.737305 0.03125 0.0351562
0 0.679688 0.373047 0.0234375 0.0273438
0 0.462402 0.345703 0.0244141 0.0273438
0 0.395508 0.782227 0.0175781 0.0292969
0 0.318848 0.391113 0.0322266 0.0224609
0 0.380859 0.871094 0.015625 0.0292969
0 0.693848 0.513672 0.0205078 0.0292969
0 0.311523 0.842773 0.0449219 0.0136719
0 0.432617 0.499023 0.0136719 0.0292969
0 0.673828 0.475586 0.0292969 0.0273438
0 0.254395 0.785645 0.0380859 0.0263672
0 0.505371 0.442383 0.0341797 0.0253906
0 0.428711 0.576172 0.0410156 0.0234375
0 0.663086 0.440918 0.0273438 0.0302734
0 0.225586 0.580078 0.0292969 0.0195312
0 0.569336 0.552734 0.0214844 0.03125
0 0.737305 0.730469 0.0429688 0.015625
0 0.208496 0.33252 0.0146484 0.0302734
0 0.163086 0.697754 0.0332031 0.0263672
0 0.535156 0.76709 0.0351562 0.0185547
0 0.680664 0.357422 0.0332031 0.0195312
0 0.579102 0.290039 0.0175781 0.0253906
0 0.463867 0.362793 0.0410156 0.0205078
0 0.507812 0.349121 0.0390625 0.0126953
0 0.141113 0.583496 0.0361328 0.0107422
0 0.387207 0.80957 0.0205078 0.0292969
0 0.437012 0.891602 0.0400391 0.0175781
0 0.308594 0.290527 0.0507812 0.0146484
0 0.54248 0.458008 0.0400391 0.0234375
0 0.732422 0.506348 0.0429688 0.0146484
0 0.59668 0.458008 0.0175781 0.0292969
0 0.17334 0.760742 0.0419922 0.0214844
0 0.341797 0.455566 0.0332031 0.0302734
0 0.56543 0.588867 0.0371094 0.015625
0 0.75 0.407227 0.0273438 0.0273438
0 0.661133 0.394531 0.0410156 0.015625
0 0.743164 0.592773 0.0332031 0.0214844
0 0.793945 0.403809 0.0214844 0.0322266
0 0.193848 0.415039 0.0419922 0.0136719
0 0.29834 0.637207 0.0322266 0.0244141
0 0.845703 0.56543 0.0429688 0.0175781
0 0.657227 0.472656 0.0175781 0.0351562
0 0.406738 0.764648 0.0361328 0.0292969
0 0.308594 0.472656 0.0429688 0.0234375
0 0.479492 0.541992 0.0175781 0.0292969
0 0.337891 0.618164 0.0429688 0.0175781
0 0.374512 0.496582 0.0439453 0.0126953
0 0.476074 0.409668 0.0419922 0.0146484
0 0.476562 0.25 0.0429688 0.0195312
0 0.342285 0.410156 0.0380859 0.0234375
0 0.561523 0.806641 0.0175781 0.0351562
0 0.608398 0.432617 0.0175781 0.0292969
0 0.261719 0.633789 0.0253906 0.0332031
0 0.494141 0.541016 0.0234375 0.0234375
0 0.165527 0.362793 0.0263672 0.0322266
0 0.450195 0.599609 0.0410156 0.0195312
0 0.285156 0.661133 0.0273438 0.0214844
0 0.568359 0.50293 0.0195312 0.0214844
0 0.186523 0.522461 0.0449219 0.0214844
0 0.519531 0.432617 0.0195312 0.0332031
0 0.447754 0.65918 0.0244141 0.0332031
0 0.328125 0.431152 0.0273438 0.0263672
0 0.561035 0.3125 0.0205078 0.03125
0 0.634766 0.422363 0.0351562 0.0126953
0 0.760254 0.614258 0.0205078 0.0292969
0 0.61377 0.764648 0.0302734 0.0253906
0 0.359863 0.726562 0.0439453 0.0234375
0 0.728027 0.566406 0.0400391 0.0234375
0 0.270508 0.584961 0.0273438 0.0292969
0 0.662109 0.407227 0.0429688 0.0136719
0 0.65918 0.514648 0.0371094 0.0117188
0 0.590332 0.511719 0.0419922 0.0117188
0 0.541016 0.530273 0.0234375 0.03125
0 0.280273 0.788086 0.0292969 0.0371094
0 0.633789 0.503418 0.0253906 0.0244141
0 0.412598 0.461914 0.0380859 0.0136719
0 0.683594 0.438965 0.015625 0.0283203
0 0.217773 0.702148 0.0136719 0.0253906
0 0.680664 0.494141 0.0175781 0.03125
0 0.418945 0.390625 0.0351562 0.015625
0 0.522461 0.744141 0.0253906 0.0351562
0 0.458984 0.541016 0.0273438 0.0253906
0 0.710449 0.307129 0.0302734 0.0224609
0 0.449219 0.485352 0.0273438 0.0253906
0 0.257812 0.754883 0.0429688 0.0253906
0 0.625 0.437012 0.0234375 0.0244141
0 0.285156 0.759277 0.0253906 0.0361328
0 0.494141 0.69043 0.0390625 0.0214844
0 0.230957 0.546875 0.0341797 0.0234375
0 0.509766 0.719727 0.0449219 0.0136719
0 0.782715 0.42041 0.0185547 0.0283203
0 0.710449 0.416016 0.0322266 0.03125
0 0.700195 0.554688 0.0175781 0.03125
0 0.257812 0.807129 0.0234375 0.0322266
0 0.600098 0.785156 0.0283203 0.03125
0 0.838867 0.549805 0.0332031 0.0292969
0 0.362305 0.533203 0.0332031 0.0234375
0 0.573242 0.271973 0.0175781 0.0283203
0 0.439453 0.386719 0.0390625 0.0214844
0 0.344727 0.519531 0.0292969 0.0234375
0 0.506836 0.388672 0.0214844 0.0273438
0 0.731934 0.606934 0.0361328 0.0263672
0 0.342773 0.68457 0.0234375 0.0332031
0 0.549805 0.39209 0.0234375 0.0302734
0 0.617188 0.505859 0.0195312 0.0273438
0 0.422852 0.605469 0.0195312 0.0351562
0 0.74707 0.529297 0.0390625 0.0117188
0 0.302734 0.567871 0.0429688 0.0244141
0 0.163086 0.651367 0.0527344 0.0175781
0 0.558105 0.525391 0.0263672 0.0234375
0 0.173828 0.543945 0.0175781 0.0253906
0 0.124023 0.432129 0.0410156 0.0126953
0 0.746094 0.452637 0.03125 0.0283203
0 0.404785 0.791016 0.0224609 0.0371094
0 0.674316 0.69043 0.0263672 0.0332031
0 0.466797 0.630859 0.0234375 0.0273438
0 0.19873 0.568359 0.0419922 0.0117188
0 0.582031 0.387207 0.015625 0.0322266
0 0.645508 0.530273 0.0292969 0.0273438
0 0.40918 0.275391 0.0449219 0.0117188
0 0.310059 0.76709 0.0361328 0.0185547
0 0.362305 0.323242 0.03125 0.0253906
0 0.679688 0.554688 0.03125 0.0253906
0 0.46582 0.46875 0.0332031 0.0234375
0 0.692383 0.38623 0.0292969 0.0263672
0 0.336426 0.571289 0.0439453 0.0175781
0 0.569824 0.377441 0.0166016 0.0341797
0 0.491699 0.737305 0.0205078 0.0292969
0 0.661133 0.715332 0.0332031 0.0224609
0 0.255859 0.655762 0.046875 0.0146484
0 0.802734 0.453125 0.0390625 0.015625
0 0.25293 0.356445 0.0175781 0.03125
0 0.15332 0.365723 0.0273438 0.0263672
0 0.848633 0.580078 0.0410156 0.0117188
0 0.411621 0.379395 0.0419922 0.0107422
0 0.616211 0.593262 0.0371094 0.0205078
0 0.762695 0.589355 0.0214844 0.0283203
0 0.535645 0.348633 0.0166016 0.0273438
0 0.17334 0.782227 0.0400391 0.0253906
0 0.507812 0.236328 0.0332031 0.0214844
0 0.17041 0.682617 0.0185547 0.0292969
0 0.412109 0.411621 0.0273438 0.0302734
0 0.320801 0.501953 0.0400391 0.0117188
0 0.537109 0.787109 0.0351562 0.0273438
0 0.207031 0.610352 0.046875 0.015625
0 0.237793 0.300781 0.0205078 0.0292969
0 0.432129 0.540527 0.0380859 0.0166016
0 0.595703 0.307129 0.0332031 0.0126953
0 0.25 0.676758 0.0273438 0.0292969
0 0.699219 0.470215 0.0351562 0.0224609
0 0.171387 0.405273 0.0439453 0.0136719
0 0.552734 0.339844 0.0175781 0.0273438
0 0.576172 0.408203 0.0390625 0.0117188
0 0.199219 0.760742 0.0195312 0.0371094
0 0.548828 0.648438 0.0273438 0.03125
0 0.411133 0.619141 0.0214844 0.03125
0 0.324707 0.405273 0.0302734 0.0292969
0 0.616211 0.30127 0.0410156 0.0146484
0 0.573242 0.742676 0.0234375 0.0361328
0 0.504395 0.59375 0.0224609 0.03125
0 0.566406 0.434082 0.0371094 0.0185547
0 0.497559 0.523438 0.0380859 0.0195312
0 0.308594 0.487305 0.0351562 0.0253906
0 0.644043 0.729004 0.0185547 0.0361328
0 0.314941 0.637695 0.0244141 0.0292969
0 0.600098 0.717285 0.0263672 0.0361328
0 0.481445 0.47998 0.0371094 0.0263672
0 0.756836 0.488281 0.0253906 0.0273438
0 0.182617 0.496094 0.0371094 0.0234375
0 0.334473 0.479004 0.0224609 0.0302734
0 0.39502 0.608398 0.0185547 0.0292969
0 0.408691 0.489258 0.0185547 0.03125
0 0.33252 0.657227 0.0361328 0.0253906
0 0.727051 0.483398 0.0185547 0.0292969
0 0.411133 0.637695 0.0429688 0.0214844
0 0.561523 0.681641 0.0371094 0.015625
0 0.191406 0.341797 0.0351562 0.0195312
0 0.185059 0.320312 0.0185547 0.0292969
0 0.543945 0.248535 0.0175781 0.0302734
0 0.725586 0.446777 0.0371094 0.0166016
0 0.540527 0.429199 0.0283203 0.0263672
0 0.280762 0.386719 0.0361328 0.0234375
0 0.630859 0.557129 0.03125 0.0283203
0 0.506836 0.655762 0.0410156 0.0205078
0 0.237793 0.461914 0.0400391 0.0195312
0 0.455566 0.260742 0.0185547 0.0253906
0 0.760254 0.418457 0.0244141 0.0283203
0 0.711914 0.702637 0.0449219 0.0263672
0 0.152832 0.711914 0.0341797 0.0195312
0 0.189941 0.598633 0.0458984 0.0175781
0 0.339844 0.539062 0.03125 0.0273438
0 0.464355 0.712402 0.0419922 0.0205078
0 0.76709 0.45752 0.0224609 0.0361328
0 0.229492 0.81543 0.0410156 0.0214844
0 0.184082 0.724121 0.0498047 0.0166016
0 0.206543 0.305176 0.0302734 0.0322266
0 0.289062 0.724609 0.0351562 0.0273438
0 0.371094 0.252441 0.0371094 0.0244141
0 0.389648 0.514648 0.0175781 0.0332031
0 0.453613 0.291992 0.0400391 0.0175781
0 0.524414 0.890625 0.0449219 0.03125
0 0.162598 0.633789 0.0361328 0.0292969
0 0.620117 0.401367 0.0253906 0.0292969
0 0.499023 0.48877 0.0292969 0.0341797
0 0.612305 0.733887 0.0175781 0.0361328
0 0.818359 0.618652 0.015625 0.0361328
0 0.306641 0.745117 0.0273438 0.0371094
0 0.658691 0.497559 0.0322266 0.0244141
0 0.354492 0.384766 0.0292969 0.0273438
0 0.708984 0.291016 0.0234375 0.03125
0 0.730957 0.279297 0.0185547 0.0234375
0 0.349121 0.649902 0.0380859 0.0166016
0 0.527344 0.316406 0.0410156 0.0195312
0 0.369141 0.304199 0.03125 0.0224609
0 0.69043 0.414551 0.0136719 0.0341797
0 0.229004 0.771484 0.0419922 0.015625
0 0.532227 0.595703 0.0410156 0.0195312
0 0.521973 0.503906 0.0419922 0.015625
0 0.369629 0.231934 0.0283203 0.0244141
0 0.755859 0.740723 0.03125 0.0380859
0 0.342285 0.325195 0.0302734 0.0273438
0 0.333984 0.78418 0.046875 0.0214844
0 0.371094 0.760254 0.0253906 0.0361328
0 0.259766 0.705078 0.0351562 0.0234375
0 0.545898 0.565918 0.0332031 0.0302734
0 0.799805 0.381348 0.0175781 0.0361328
0 0.566406 0.789062 0.0195312 0.0351562
0 0.379395 0.282227 0.0380859 0.0136719
0 0.803711 0.698242 0.0175781 0.0371094
0 0.191406 0.542969 0.0253906 0.0234375
0 0.26709 0.558594 0.0380859 0.015625
0 0.422852 0.291992 0.0410156 0.0117188
0 0.780273 0.677734 0.0410156 0.0234375
0 0.288086 0.43457 0.0371094 0.0234375
0 0.39502 0.311035 0.0400391 0.0185547
0 0.352051 0.481934 0.0244141 0.0302734
0 0.40332 0.323242 0.0390625 0.0175781
0 0.583984 0.242188 0.0195312 0.03125
0 0.346191 0.634277 0.0439453 0.0166016
0 0.697266 0.599609 0.0390625 0.0214844
0 0.886719 0.55957 0.0371094 0.0214844
0 0.628418 0.724609 0.0185547 0.0351562
0 0.411621 0.505859 0.0185547 0.0332031
0 0.561523 0.60791 0.0488281 0.0146484
0 0.308105 0.319824 0.0224609 0.0302734
0 0.207031 0.746094 0.0175781 0.0332031
0 0.686523 0.708984 0.0175781 0.0390625
0 0.692383 0.576172 0.0449219 0.015625
0 0.629883 0.700195 0.0429688 0.0273438
0 0.55127 0.27832 0.0322266 0.0253906
0 0.692871 0.625 0.0400391 0.0234375
0 0.662598 0.616211 0.0263672 0.0332031
0 0.605469 0.356445 0.03125 0.0292969
0 0.196777 0.510254 0.0419922 0.0166016
0 0.52832 0.27002 0.0175781 0.0283203
0 0.338867 0.708008 0.0429688 0.0214844
0 0.501953 0.77832 0.0371094 0.0292969
0 0.480469 0.655273 0.0371094 0.0253906
0 0.169434 0.740234 0.0361328 0.0273438
0 0.440918 0.692871 0.0458984 0.0244141
0 0.622559 0.243652 0.0380859 0.0244141
0 0.772461 0.506836 0.0488281 0.00976562
0 0.583008 0.319336 0.0234375 0.0292969
0 0.680176 0.29248 0.0400391 0.0126953
0 0.547852 0.230957 0.0371094 0.0107422
0 0.739258 0.425781 0.0292969 0.03125
0 0.482422 0.567383 0.0351562 0.0214844
0 0.769531 0.712891 0.0429688 0.0195312
0 0.47998 0.683594 0.0361328 0.0234375
0 0.878418 0.544922 0.0283203 0.03125
0 0.816406 0.327148 0.0273438 0.0273438
0 0.623047 0.459961 0.0273438 0.0253906
0 0.712891 0.641113 0.03125 0.0244141
0 0.811523 0.537109 0.0449219 0.0195312
0 0.698242 0.672852 0.0371094 0.0253906
0 0.42041 0.791504 0.0244141 0.0341797
0 0.591309 0.760742 0.0185547 0.0332031
0 0.446777 0.561523 0.0400391 0.0234375
0 0.666016 0.342285 0.0195312 0.0302734
0 0.250977 0.489258 0.0234375 0.0292969
0 0.191406 0.435547 0.0429688 0.0234375
0 0.477539 0.750977 0.0273438 0.0371094
0 0.551758 0.505859 0.0292969 0.0273438
0 0.154297 0.482422 0.0488281 0.015625
0 0.490234 0.231934 0.0390625 0.0205078
0 0.372559 0.382324 0.0205078 0.0302734
0 0.588379 0.68457 0.0263672 0.0332031
0 0.686523 0.318359 0.0292969 0.0332031
0 0.71875 0.37207 0.0234375 0.0332031
0 0.729492 0.665039 0.0332031 0.0292969
0 0.503906 0.743652 0.0175781 0.0361328
0 0.336914 0.872559 0.0214844 0.0380859
0 0.487305 0.32666 0.0292969 0.0244141
0 0.414551 0.238281 0.0341797 0.0195312
0 0.312012 0.866211 0.0380859 0.0332031
0 0.191406 0.788086 0.0351562 0.0253906
0 0.442871 0.770508 0.0283203 0.03125
0 0.395508 0.253906 0.0234375 0.03125
0 0.38916 0.229004 0.0361328 0.0263672
0 0.645508 0.762695 0.0214844 0.0371094
0 0.37793 0.715332 0.0371094 0.0283203
0 0.40332 0.888672 0.0371094 0.03125
0 0.788086 0.488281 0.0429688 0.0234375
0 0.314941 0.353516 0.0283203 0.0292969
0 0.605469 0.330078 0.03125 0.0273438
0 0.429199 0.248535 0.0244141 0.0341797
0 0.511719 0.861816 0.0390625 0.0322266
0 0.475098 0.861816 0.0361328 0.0322266
0 0.154297 0.430664 0.0332031 0.0253906
0 0.826172 0.759766 0.0527344 0.015625
0 0.633789 0.791016 0.0332031 0.0234375
0 0.795898 0.62793 0.0234375 0.0332031
0 0.284668 0.368652 0.0341797 0.0224609
0 0.567383 0.629883 0.0332031 0.0332031
0 0.756836 0.354004 0.03125 0.0283203
0 0.584961 0.921875 0.0449219 0.0273438
0 0.391602 0.473145 0.0292969 0.0302734
0 0.358398 0.825195 0.0332031 0.03125
0 0.824219 0.359375 0.03125 0.0273438
0 0.213867 0.791992 0.0429688 0.0214844
0 0.782227 0.782715 0.0273438 0.0400391
0 0.615234 0.811035 0.0273438 0.0380859
0 0.237793 0.393066 0.0439453 0.0146484
0 0.693359 0.341797 0.0351562 0.0234375
0 0.127441 0.643555 0.0263672 0.0292969
0 0.141602 0.407227 0.0273438 0.03125
0 0.193359 0.394531 0.0429688 0.0136719
0 0.104492 0.637695 0.0449219 0.0253906
0 0.793945 0.318359 0.0292969 0.0234375
0 0.648926 0.292969 0.0224609 0.03125
0 0.432617 0.324707 0.0214844 0.0302734
0 0.476074 0.892578 0.0419922 0.0234375
0 0.666016 0.762695 0.0214844 0.0371094
0 0.868652 0.51416 0.0322266 0.0302734
0 0.192871 0.693359 0.0361328 0.0332031
0 0.281738 0.856445 0.0341797 0.0332031
0 0.467773 0.826172 0.0253906 0.0390625
0 0.829102 0.661133 0.0371094 0.0253906
0 0.121094 0.501953 0.0351562 0.0273438
0 0.505371 0.366211 0.0361328 0.0195312
0 0.475098 0.308594 0.0322266 0.0214844
0 0.567383 0.183105 0.0253906 0.0302734
0 0.549805 0.817871 0.0175781 0.0361328
0 0.362793 0.558594 0.0419922 0.0195312
0 0.810059 0.791016 0.0244141 0.0429688
0 0.813965 0.736328 0.0361328 0.0273438
0 0.736328 0.76416 0.046875 0.0263672
0 0.78418 0.363281 0.0332031 0.0273438
0 0.14502 0.606934 0.0400391 0.0107422
0 0.483398 0.832031 0.0214844 0.0390625
