0 0.183594 0.337402 0.0625 0.0947266
0 0.818359 0.734375 0.0546875 0.0839844
0 0.798828 0.220215 0.0820312 0.0517578
0 0.870117 0.473633 0.0800781 0.0800781
0 0.247559 0.712402 0.0869141 0.0771484
0 0.658691 0.677734 0.0810547 0.121094
0 0.551758 0.319336 0.0625 0.123047
0 0.760742 0.893555 0.09375 0.0898438
0 0.538086 0.640137 0.107422 0.112305
0 0.285156 0.412109 0.0683594 0.115234
0 0.112793 0.666016 0.0712891 0.0878906
0 0.710449 0.394531 0.112305 0.117188
0 0.757812 0.722656 0.078125 0.101562
