0 0.300781 0.458984 0.0175781 0.0234375
0 0.519043 0.645508 0.0400391 0.0449219
0 0.478516 0.584961 0.0273438 0.0214844
0 0.481445 0.463379 0.0234375 0.0185547
0 0.499023 0.563477 0.0175781 0.0644531
0 0.516602 0.48584 0.0195312 0.0439453
0 0.504883 0.621094 0.0292969 0.03125
0 0.474121 0.569336 0.0244141 0.0175781
0 0.480957 0.598633 0.0302734 0.0195312
0 0.51123 0.538574 0.0185547 0.0400391
0 0.474121 0.287109 0.0107422 0.0273438
0 0.493164 0.625977 0.015625 0.0410156
0 0.48584 0.39209 0.0185547 0.0478516
0 0.505371 0.517578 0.0263672 0.0371094
0 0.475586 0.493652 0.0136719 0.0439453
0 0.489258 0.50293 0.0175781 0.046875
0 0.5 0.458008 0.0273438 0.0332031
0 0.524902 0.501953 0.0126953 0.0488281
0 0.479492 0.442871 0.0351562 0.0244141
0 0.470703 0.623047 0.0351562 0.0273438
0 0.488281 0.557617 0.015625 0.0566406
0 0.331543 0.509277 0.0302734 0.0537109
0 0.467285 0.772461 0.0322266 0.0429688
0 0.446777 0.568359 0.0341797 0.0351562
0 0.494141 0.432617 0.0273438 0.0253906
0 0.522949 0.447754 0.0341797 0.0302734
0 0.51416 0.599609 0.0419922 0.0195312
0 0.508301 0.473633 0.0263672 0.0332031
0 0.536133 0.401367 0.0371094 0.0253906
0 0.453613 0.601074 0.0283203 0.0419922
0 0.55957 0.747559 0.0292969 0.0458984
0 0.422852 0.575684 0.0253906 0.0478516
0 0.510742 0.393555 0.0175781 0.0527344
0 0.46582 0.666504 0.0253906 0.0458984
0 0.467285 0.550293 0.0283203 0.0439453
