0 0.369629 0.519531 0.0693359 0.0664062
0 0.431641 0.858398 0.0703125 0.0859375
0 0.404297 0.650879 0.0507812 0.116211
0 0.449219 0.606934 0.0390625 0.102539
0 0.497559 0.518066 0.0341797 0.0927734
0 0.404785 0.561523 0.0771484 0.0683594
0 0.503418 0.84668 0.0615234 0.130859
0 0.455566 0.788086 0.0380859 0.142578
0 0.523438 0.5625 0.0703125 0.0507812
0 0.589844 0.554688 0.0898438 0.109375
0 0.65625 0.65332 0.0761719 0.0957031
0 0.605469 0.8125 0.0820312 0.128906
0 0.662598 0.771484 0.0556641 0.132812
0 0.705078 0.828125 0.0585938 0.123047
