0 0.450195 0.574707 0.0488281 0.145508
0 0.289062 0.279297 0.0605469 0.0605469
0 0.318848 0.614258 0.0595703 0.0527344
0 0.62793 0.757812 0.0371094 0.117188
0 0.392578 0.610352 0.0488281 0.0917969
0 0.727051 0.975586 0.0576172 0.0488281
0 0.172852 0.4375 0.0742188 0.0507812
0 0.361816 0.695312 0.0556641 0.0664062
0 0.160645 0.472656 0.0615234 0.0351562
0 0.394531 0.493652 0.0683594 0.0869141
0 0.341797 0.577148 0.0800781 0.113281
0 0.425293 0.410156 0.0810547 0.0507812
0 0.0942383 0.128906 0.0498047 0.0996094
0 0.162109 0.222656 0.0820312 0.0664062
0 0.387695 0.749023 0.0410156 0.130859
0 0.477051 0.551758 0.0439453 0.130859
0 0.518555 0.575195 0.0332031 0.123047
0 0.601562 0.770996 0.0351562 0.15918
0 0.688477 0.78125 0.0566406 0.113281
0 0.17627 0.287598 0.0595703 0.112305
0 0.551758 0.685547 0.0449219 0.175781
0 0.319336 0.448242 0.0371094 0.111328
0 0.923828 0.837891 0.0898438 0.0898438
0 0.446289 0.342773 0.0488281 0.128906
0 0.419922 0.931152 0.0664062 0.0576172
0 0.0810547 0.650391 0.0507812 0.121094
0 0.397949 0.890137 0.0908203 0.0595703
0 0.492676 0.451172 0.0693359 0.078125
0 0.387695 0.287109 0.0761719 0.0761719
0 0.605957 0.614258 0.0498047 0.154297
0 0.181641 0.368164 0.0761719 0.0800781
0 0.277832 0.589844 0.0439453 0.101562
0 0.360352 0.933105 0.0644531 0.0849609
0 0.472168 0.701172 0.0654297 0.103516
0 0.451172 0.744141 0.0664062 0.117188
0 0.334473 0.37793 0.0830078 0.0683594
0 0.268066 0.537109 0.0654297 0.0996094
0 0.229492 0.651855 0.0625 0.114258
0 0.65918 0.465332 0.0683594 0.100586
