0 0.550293 0.0341797 0.0869141 0.0683594
0 0.607422 0.672852 0.0800781 0.0332031
0 0.367188 0.285645 0.0703125 0.0517578
0 0.557617 0.650391 0.107422 0.0546875
0 0.620605 0.711426 0.0673828 0.0439453
0 0.705078 0.702148 0.0390625 0.0878906
0 0.495605 0.309082 0.0322266 0.0732422
0 0.32373 0.392578 0.0458984 0.0859375
0 0.529785 0.612305 0.0673828 0.0429688
0 0.555176 0.302734 0.0732422 0.0644531
0 0.527832 0.462891 0.0302734 0.0976562
0 0.506836 0.256836 0.0839844 0.0527344
0 0.560547 0.691406 0.0859375 0.0390625
0 0.586426 0.602539 0.0751953 0.0527344
0 0.290039 0.384277 0.0371094 0.104492
0 0.473633 0.612305 0.0722656 0.0917969
0 0.425293 0.594727 0.0595703 0.103516
0 0.472656 0.306641 0.0351562 0.0898438
0 0.662598 0.744141 0.0419922 0.115234
0 0.57959 0.554199 0.0615234 0.0712891
0 0.541992 0.412109 0.0449219 0.078125
0 0.717773 0.610352 0.107422 0.138672
0 0.365234 0.490723 0.0625 0.104492
0 0.719727 0.756836 0.0761719 0.107422
0 0.755859 0.824219 0.0585938 0.103516
0 0.794922 0.798828 0.0625 0.113281
