0 0.540527 0.699219 0.0244141 0.0507812
0 0.520508 0.697266 0.0332031 0.0703125
0 0.376465 0.249512 0.0322266 0.0732422
0 0.520508 0.42334 0.0332031 0.0634766
0 0.266113 0.647461 0.0478516 0.0292969
0 0.41748 0.515137 0.0498047 0.0419922
0 0.183105 0.635254 0.0478516 0.0322266
0 0.48584 0.262207 0.0322266 0.0595703
0 0.384766 0.414551 0.03125 0.0693359
0 0.421875 0.34668 0.0488281 0.0488281
0 0.52002 0.45752 0.0380859 0.0556641
0 0.402344 0.609863 0.0390625 0.0458984
0 0.20752 0.563965 0.0322266 0.0712891
0 0.425781 0.628418 0.0292969 0.0595703
0 0.505859 0.361328 0.0449219 0.0507812
0 0.150879 0.352539 0.0595703 0.0546875
