1 0.453125 0.45166 0.132812 0.0595703
0 0.452148 0.45166 0.130859 0.0576172
0 0.367188 0.519531 0.0742188 0.0722656
1 0.366699 0.520508 0.0751953 0.0722656
0 0.467773 0.549316 0.0878906 0.0693359
0 0.402344 0.513672 0.046875 0.0507812
0 0.315918 0.568359 0.0654297 0.0625
0 0.328125 0.371582 0.0429688 0.0771484
1 0.466309 0.549316 0.0908203 0.0712891
0 0.364258 0.375488 0.0566406 0.0771484
0 0.425781 0.569336 0.0507812 0.0800781
0 0.481445 0.589844 0.0761719 0.03125
0 0.413574 0.484863 0.0966797 0.0400391
0 0.555664 0.526367 0.0996094 0.0546875
0 0.480957 0.397461 0.0986328 0.0761719
0 0.358398 0.441406 0.0605469 0.0664062
0 0.36377 0.586914 0.0888672 0.0722656
0 0.31543 0.492676 0.0664062 0.0986328
