0 0.445801 0.463867 0.0458984 0.0351562
0 0.554199 0.462402 0.0244141 0.0439453
0 0.431641 0.580078 0.0253906 0.0683594
0 0.446289 0.574219 0.0175781 0.0585938
0 0.572266 0.566406 0.0507812 0.0703125
0 0.542969 0.466309 0.0371094 0.0419922
0 0.606445 0.30957 0.0449219 0.0683594
0 0.423828 0.40332 0.0195312 0.0703125
0 0.303223 0.553711 0.0517578 0.0371094
0 0.337891 0.708984 0.03125 0.0703125
0 0.452148 0.360352 0.0332031 0.0410156
0 0.581055 0.318848 0.0371094 0.0380859
0 0.519043 0.298828 0.0263672 0.0507812
0 0.486816 0.66748 0.0458984 0.0380859
0 0.286133 0.530273 0.0410156 0.0371094
