0 0.493164 0.42334 0.1875 0.0400391
0 0.167969 0.470215 0.105469 0.108398
0 0.364746 0.40332 0.18457 0.0527344
0 0.608398 0.472168 0.162109 0.0419922
0 0.157227 0.605957 0.123047 0.112305
0 0.486328 0.532227 0.109375 0.0722656
0 0.559082 0.608398 0.139648 0.0800781
0 0.253906 0.430664 0.160156 0.0527344
0 0.632812 0.588867 0.140625 0.0605469
0 0.683594 0.447266 0.152344 0.0625
0 0.452637 0.658203 0.0986328 0.078125
0 0.714844 0.547363 0.179688 0.0458984
0 0.807617 0.494629 0.189453 0.0458984
0 0.143555 0.527344 0.0917969 0.0507812
