0 0.533203 0.311035 0.015625 0.0341797
0 0.515625 0.336426 0.0273438 0.0166016
0 0.311035 0.347656 0.0166016 0.046875
0 0.609863 0.867676 0.0224609 0.0126953
0 0.317383 0.377441 0.0214844 0.0263672
0 0.344727 0.361328 0.0195312 0.0410156
0 0.304199 0.493164 0.0146484 0.03125
0 0.674805 0.290039 0.0117188 0.0410156
0 0.328613 0.345703 0.0224609 0.0371094
0 0.420898 0.602051 0.0195312 0.0283203
0 0.19043 0.48877 0.0273438 0.0185547
0 0.631836 0.401367 0.03125 0.0429688
0 0.200195 0.47168 0.0234375 0.0351562
0 0.522461 0.536133 0.0253906 0.0253906
0 0.521484 0.3125 0.0234375 0.0390625
0 0.650391 0.517578 0.0195312 0.0507812
0 0.353027 0.370117 0.0146484 0.0371094
0 0.397461 0.300781 0.015625 0.0390625
0 0.45459 0.287109 0.0224609 0.0195312
0 0.204102 0.446289 0.0292969 0.0214844
0 0.400879 0.741211 0.0224609 0.0292969
0 0.750977 0.177734 0.0332031 0.0195312
0 0.298828 0.358398 0.0175781 0.0390625
0 0.28418 0.344238 0.0292969 0.0302734
0 0.318359 0.569336 0.0234375 0.0371094
0 0.805176 0.22168 0.0205078 0.0429688
0 0.735352 0.828613 0.0175781 0.0439453
0 0.500977 0.527344 0.00976562 0.0390625
0 0.297363 0.398926 0.0341797 0.0361328
0 0.214355 0.468262 0.0146484 0.0439453
0 0.720703 0.905273 0.0195312 0.0488281
0 0.376953 0.348633 0.015625 0.0566406
0 0.206055 0.307129 0.0234375 0.0400391
0 0.453613 0.424805 0.0302734 0.0253906
0 0.566406 0.661621 0.03125 0.0263672
0 0.301758 0.569336 0.0175781 0.0429688
0 0.548828 0.444824 0.0195312 0.0361328
0 0.820312 0.350586 0.03125 0.0410156
0 0.478516 0.295898 0.03125 0.0214844
0 0.728516 0.735352 0.0195312 0.0371094
0 0.704102 0.599609 0.0195312 0.0546875
0 0.728027 0.194336 0.0166016 0.0449219
0 0.525391 0.65625 0.0234375 0.0273438
0 0.435059 0.339355 0.0302734 0.0341797
0 0.615723 0.812012 0.0166016 0.0361328
0 0.184082 0.457031 0.0126953 0.0390625
0 0.819336 0.22168 0.0253906 0.046875
0 0.612793 0.685547 0.0224609 0.0390625
0 0.371094 0.548828 0.015625 0.0351562
0 0.682617 0.311523 0.0292969 0.0371094
0 0.384766 0.660156 0.0136719 0.0390625
0 0.787598 0.369629 0.0341797 0.0263672
0 0.524414 0.631348 0.0214844 0.0400391
0 0.567871 0.774414 0.0205078 0.0332031
0 0.567383 0.730469 0.0253906 0.03125
0 0.375488 0.424316 0.0400391 0.0302734
0 0.68457 0.212402 0.0273438 0.0419922
0 0.79834 0.512207 0.0263672 0.0361328
