0 0.645508 0.458496 0.0800781 0.0166016
0 0.433594 0.313965 0.0605469 0.0166016
0 0.542969 0.814453 0.0507812 0.0351562
0 0.833008 0.413086 0.0527344 0.0292969
0 0.401367 0.743652 0.0429688 0.0341797
0 0.298828 0.64502 0.0644531 0.0244141
0 0.525391 0.527344 0.0390625 0.03125
0 0.94043 0.239258 0.0605469 0.0214844
0 0.478516 0.371582 0.0546875 0.0166016
0 0.374512 0.560547 0.0615234 0.0195312
0 0.447754 0.470703 0.0380859 0.03125
0 0.545898 0.673828 0.0488281 0.0234375
0 0.421387 0.478516 0.0439453 0.0214844
0 0.396973 0.46582 0.0498047 0.015625
0 0.250977 0.477539 0.0488281 0.0253906
