0 0.557617 0.871094 0.015625 0.0507812
0 0.733398 0.828125 0.0253906 0.03125
0 0.37207 0.589844 0.015625 0.0429688
0 0.691406 0.810547 0.0273438 0.0371094
0 0.699707 0.925293 0.0185547 0.0263672
0 0.509766 0.415039 0.0195312 0.0332031
0 0.458496 0.924805 0.0244141 0.0332031
0 0.708984 0.872559 0.03125 0.0263672
0 0.602539 0.401855 0.0234375 0.0439453
0 0.799316 0.78125 0.0107422 0.03125
0 0.710938 0.740723 0.0234375 0.0341797
0 0.533691 0.844727 0.0263672 0.0292969
0 0.741699 0.724121 0.0341797 0.0361328
0 0.660156 0.980469 0.0195312 0.0390625
0 0.297363 0.683105 0.0244141 0.0244141
0 0.749023 0.761719 0.0234375 0.0195312
0 0.521973 0.417969 0.0224609 0.0273438
0 0.708008 0.912109 0.015625 0.0429688
0 0.508301 0.442383 0.0419922 0.0214844
0 0.685547 0.537109 0.0234375 0.0429688
0 0.535156 0.658203 0.015625 0.0273438
0 0.475586 0.90918 0.0253906 0.0292969
0 0.201172 0.710938 0.0195312 0.03125
0 0.646484 0.39502 0.0234375 0.0419922
0 0.583984 0.363281 0.0234375 0.0371094
0 0.609863 0.639648 0.0400391 0.0332031
0 0.248535 0.561523 0.0146484 0.0371094
0 0.504883 0.837891 0.0175781 0.0273438
0 0.662598 0.763672 0.0322266 0.0234375
0 0.526855 0.977051 0.0205078 0.0224609
0 0.659668 0.794922 0.0146484 0.0273438
0 0.646484 0.724121 0.0390625 0.0185547
0 0.518555 0.789062 0.0214844 0.0410156
0 0.270996 0.459473 0.0361328 0.0283203
0 0.685547 0.816406 0.0195312 0.03125
0 0.544922 0.986328 0.03125 0.0234375
0 0.636719 0.40918 0.015625 0.0488281
0 0.680176 0.885254 0.0146484 0.0341797
0 0.242676 0.700195 0.0263672 0.0175781
0 0.299805 0.745117 0.0175781 0.0332031
0 0.460938 0.71875 0.03125 0.0390625
0 0.494629 0.955566 0.0126953 0.0361328
0 0.328613 0.688965 0.0341797 0.0166016
0 0.742676 0.748535 0.0361328 0.0380859
0 0.516602 0.863281 0.0253906 0.0273438
0 0.691895 0.713867 0.0166016 0.0390625
0 0.537109 0.385254 0.0273438 0.0166016
0 0.482422 0.697266 0.0195312 0.0351562
0 0.328125 0.731445 0.0429688 0.0292969
0 0.263672 0.616211 0.0292969 0.0253906
0 0.512695 0.613281 0.0175781 0.0429688
0 0.510742 0.964844 0.0332031 0.03125
0 0.26416 0.54248 0.0185547 0.0419922
0 0.450195 0.735352 0.0253906 0.0292969
0 0.463379 0.566406 0.0244141 0.03125
0 0.572754 0.941895 0.0185547 0.0400391
0 0.532227 0.853516 0.0253906 0.0195312
0 0.757324 0.819336 0.0185547 0.0410156
0 0.661133 0.33252 0.0234375 0.0244141
0 0.453125 0.483398 0.0273438 0.0214844
0 0.509277 0.93457 0.0205078 0.0292969
0 0.690918 0.902344 0.0341797 0.0273438
0 0.438477 0.578613 0.0292969 0.0185547
0 0.262695 0.601562 0.0253906 0.0195312
0 0.373047 0.549805 0.0195312 0.0371094
0 0.424805 0.923828 0.0234375 0.0390625
0 0.306641 0.464355 0.0292969 0.0166016
0 0.524414 0.755371 0.03125 0.0302734
0 0.552734 0.970703 0.0234375 0.0273438
0 0.5625 0.683594 0.03125 0.0273438
0 0.356934 0.521973 0.0224609 0.0283203
0 0.424316 0.745117 0.0126953 0.0371094
0 0.650391 0.743164 0.0292969 0.0214844
0 0.516602 0.730957 0.0175781 0.0283203
0 0.710938 0.683594 0.0273438 0.0253906
0 0.516602 0.64209 0.0332031 0.0166016
0 0.508301 0.660156 0.0224609 0.03125
0 0.541016 0.650391 0.0195312 0.0332031
0 0.640625 0.821289 0.0253906 0.0449219
0 0.271484 0.666016 0.0371094 0.0195312
0 0.522949 0.665039 0.0107422 0.0332031
0 0.491211 0.855469 0.0253906 0.0292969
0 0.489258 0.708008 0.0195312 0.0292969
0 0.550781 0.586914 0.0195312 0.0390625
0 0.653809 0.716797 0.0341797 0.0234375
0 0.458496 0.867676 0.0185547 0.0380859
0 0.555664 0.743164 0.0136719 0.0449219
0 0.200195 0.621094 0.0253906 0.0292969
0 0.365723 0.513184 0.0244141 0.0361328
0 0.413086 0.704102 0.0253906 0.0253906
0 0.628906 0.876953 0.0175781 0.046875
0 0.458496 0.765137 0.0146484 0.0419922
0 0.651367 0.856445 0.0253906 0.0253906
0 0.644531 0.94043 0.015625 0.0488281
0 0.509277 0.495605 0.0166016 0.0478516
0 0.420898 0.862793 0.0253906 0.0400391
0 0.205078 0.692383 0.0273438 0.0253906
0 0.67627 0.706055 0.0166016 0.0410156
0 0.756348 0.771973 0.0380859 0.0166016
0 0.685059 0.936523 0.0205078 0.0449219
0 0.236816 0.52832 0.0322266 0.0332031
0 0.720215 0.817871 0.0185547 0.0400391
0 0.272461 0.499023 0.0175781 0.0449219
0 0.698242 0.508301 0.0253906 0.0419922
0 0.539062 0.870117 0.0234375 0.0351562
0 0.575195 0.73877 0.0253906 0.0302734
0 0.310059 0.702637 0.0302734 0.0166016
0 0.637207 0.975586 0.0244141 0.0449219
0 0.378418 0.586914 0.0146484 0.0429688
0 0.555664 0.572266 0.0175781 0.0390625
0 0.544922 0.78418 0.0234375 0.0449219
0 0.488281 0.5 0.0273438 0.0175781
0 0.446777 0.774902 0.0166016 0.0341797
0 0.59375 0.988281 0.0234375 0.0234375
0 0.672363 0.871094 0.0224609 0.0292969
0 0.376953 0.677246 0.0234375 0.0302734
0 0.361816 0.554688 0.0166016 0.0371094
0 0.407715 0.923828 0.0185547 0.046875
0 0.468262 0.975098 0.0166016 0.0498047
0 0.506348 0.581055 0.0302734 0.0253906
0 0.341309 0.493164 0.0263672 0.0410156
0 0.387695 0.624023 0.0175781 0.0449219
0 0.697266 0.646484 0.03125 0.0429688
0 0.3125 0.666992 0.03125 0.0214844
0 0.416016 0.55957 0.0234375 0.0410156
0 0.669922 0.353027 0.0234375 0.0400391
0 0.682129 0.481445 0.0146484 0.0488281
0 0.49707 0.447266 0.0253906 0.0234375
0 0.583496 0.714844 0.0185547 0.0273438
0 0.722656 0.900879 0.0195312 0.0517578
0 0.786621 0.790039 0.0302734 0.015625
0 0.514648 0.395508 0.0332031 0.0234375
0 0.550781 0.606934 0.0214844 0.0322266
0 0.464355 0.665527 0.0224609 0.0400391
0 0.388672 0.759766 0.0253906 0.0234375
0 0.568359 0.972656 0.0117188 0.0351562
0 0.605469 0.803711 0.0371094 0.0214844
0 0.686035 0.795898 0.0224609 0.0273438
0 0.592773 0.930664 0.0351562 0.0175781
0 0.336914 0.519043 0.0175781 0.0400391
0 0.654297 0.94873 0.015625 0.0498047
0 0.238281 0.644531 0.03125 0.03125
0 0.485352 0.614258 0.0175781 0.0488281
0 0.703125 0.756348 0.0234375 0.0419922
0 0.379883 0.741211 0.0214844 0.0253906
0 0.512207 0.991211 0.0380859 0.0175781
0 0.458496 0.938965 0.0302734 0.0244141
0 0.618164 0.94043 0.0371094 0.0214844
0 0.475586 0.478516 0.0175781 0.0449219
0 0.657715 0.821289 0.0224609 0.0410156
0 0.617676 0.711914 0.0185547 0.0410156
0 0.433105 0.716797 0.0185547 0.0351562
0 0.722656 0.692871 0.0273438 0.0380859
0 0.737305 0.706055 0.0332031 0.0214844
0 0.333008 0.764648 0.015625 0.0429688
0 0.295898 0.451172 0.0332031 0.0136719
0 0.672852 0.845215 0.0292969 0.0361328
0 0.438965 0.680176 0.0283203 0.0302734
0 0.739258 0.919922 0.0175781 0.0507812
0 0.335938 0.801758 0.0332031 0.0214844
0 0.644043 0.868164 0.0283203 0.0253906
0 0.669434 0.581543 0.0439453 0.0322266
0 0.50293 0.745117 0.0253906 0.0253906
0 0.490234 0.935059 0.03125 0.0146484
0 0.561523 0.927734 0.0214844 0.046875
0 0.464355 0.692383 0.0205078 0.0253906
0 0.559082 0.647461 0.0185547 0.0332031
0 0.650879 0.777344 0.0302734 0.0195312
0 0.541992 0.947754 0.0214844 0.0478516
0 0.398926 0.682617 0.0185547 0.0410156
0 0.626953 0.600586 0.0214844 0.046875
0 0.425781 0.559082 0.0195312 0.0439453
0 0.409668 0.670898 0.0224609 0.0410156
0 0.493164 0.725586 0.0273438 0.0234375
0 0.517578 0.438965 0.0273438 0.0205078
0 0.229004 0.573242 0.0224609 0.0371094
0 0.350098 0.471191 0.0166016 0.0419922
0 0.82666 0.558594 0.0400391 0.0195312
0 0.520508 0.510742 0.0175781 0.0527344
0 0.662598 0.682617 0.0341797 0.0175781
0 0.593262 0.788086 0.0322266 0.0273438
0 0.535645 0.904297 0.0302734 0.0390625
0 0.352539 0.675781 0.0136719 0.0429688
0 0.358887 0.604492 0.0263672 0.0332031
0 0.550781 0.416504 0.015625 0.0361328
0 0.0917969 0.708984 0.0351562 0.0273438
0 0.35498 0.80957 0.0361328 0.0175781
0 0.405273 0.516602 0.015625 0.0390625
0 0.585449 0.556641 0.0380859 0.0234375
0 0.446777 0.607422 0.0205078 0.0507812
0 0.477539 0.677734 0.0175781 0.0351562
0 0.473633 0.85791 0.0214844 0.0498047
0 0.353027 0.569336 0.0185547 0.0410156
0 0.397949 0.638184 0.0244141 0.0419922
0 0.668945 0.514648 0.0253906 0.0449219
0 0.527344 0.466797 0.0273438 0.0273438
0 0.467773 0.61377 0.0253906 0.0322266
0 0.800781 0.804688 0.0234375 0.03125
0 0.244629 0.662598 0.0263672 0.0302734
0 0.199707 0.647461 0.0224609 0.0253906
0 0.610352 0.761719 0.0253906 0.0410156
0 0.282227 0.737793 0.0292969 0.0283203
0 0.231445 0.724609 0.0253906 0.0273438
0 0.51416 0.826172 0.0302734 0.0351562
0 0.491699 0.766602 0.0283203 0.0332031
0 0.68457 0.978516 0.0332031 0.0390625
0 0.785156 0.769531 0.03125 0.03125
0 0.480469 0.776367 0.0195312 0.0351562
0 0.681641 0.779297 0.0292969 0.0273438
0 0.427734 0.952148 0.0351562 0.0332031
0 0.753418 0.797852 0.0263672 0.0410156
0 0.392578 0.595215 0.0195312 0.0400391
0 0.304199 0.587891 0.0244141 0.0410156
0 0.700684 0.845215 0.0263672 0.0400391
0 0.694336 0.681152 0.0332031 0.0341797
0 0.630859 0.788574 0.0351562 0.0185547
0 0.494141 0.417969 0.015625 0.0429688
0 0.455078 0.464844 0.03125 0.0273438
0 0.614258 0.982422 0.0253906 0.0351562
0 0.77832 0.806152 0.0292969 0.0322266
0 0.681152 0.746094 0.0283203 0.0429688
0 0.551758 0.447754 0.0253906 0.0380859
