1 0.374023 0.486328 0.0957031 0.210938
1 0.46875 0.166992 0.078125 0.201172
1 0.150391 0.776367 0.134766 0.119141
1 0.131836 0.343262 0.115234 0.21582
1 0.227051 0.593262 0.125977 0.231445
1 0.516113 0.496094 0.139648 0.140625
1 0.208008 0.886719 0.0839844 0.222656
1 0.72168 0.832031 0.189453 0.191406
1 0.45459 0.763672 0.139648 0.183594
1 0.569824 0.206543 0.0927734 0.200195
1 0.553711 0.771484 0.166016 0.136719
1 0.286133 0.311523 0.142578 0.207031
1 0.758789 0.770508 0.130859 0.208984
1 0.567871 0.370117 0.15332 0.162109
1 0.685059 0.119141 0.180664 0.199219
