0 0.518555 0.695312 0.0136719 0.0351562
0 0.498047 0.449707 0.015625 0.0380859
0 0.503906 0.365723 0.015625 0.0361328
0 0.582031 0.693359 0.0214844 0.03125
0 0.536133 0.658203 0.015625 0.0371094
0 0.355957 0.486816 0.0185547 0.0361328
0 0.564941 0.566895 0.0224609 0.0244141
0 0.365234 0.483398 0.0175781 0.0371094
0 0.498047 0.793457 0.0117188 0.0361328
0 0.610352 0.393066 0.0214844 0.0341797
0 0.467773 0.81543 0.0117188 0.0449219
0 0.439453 0.377441 0.0136719 0.0439453
0 0.369629 0.724609 0.0224609 0.0449219
0 0.311523 0.568359 0.0175781 0.0351562
0 0.557617 0.683594 0.0136719 0.0429688
0 0.543945 0.631348 0.015625 0.0439453
0 0.486328 0.583008 0.015625 0.0371094
0 0.413086 0.732422 0.0136719 0.0351562
0 0.351074 0.470703 0.0146484 0.0429688
0 0.533203 0.62207 0.015625 0.0371094
0 0.364746 0.523438 0.0126953 0.0449219
0 0.560547 0.590332 0.0117188 0.0341797
0 0.524902 0.576172 0.0185547 0.0371094
0 0.544434 0.700195 0.0224609 0.0234375
0 0.364746 0.400879 0.0126953 0.0458984
0 0.540527 0.446289 0.0224609 0.0253906
0 0.308594 0.550781 0.015625 0.0351562
0 0.54834 0.606934 0.0166016 0.0322266
0 0.478027 0.814453 0.0126953 0.046875
0 0.306152 0.682617 0.0146484 0.0390625
0 0.441895 0.393555 0.0224609 0.0234375
0 0.373535 0.602539 0.0146484 0.0371094
0 0.561035 0.39209 0.0185547 0.0400391
0 0.586914 0.535156 0.0234375 0.0351562
0 0.543945 0.677734 0.0175781 0.0390625
0 0.34668 0.40332 0.0292969 0.0332031
0 0.611328 0.376953 0.0234375 0.0273438
0 0.624023 0.420898 0.0136719 0.0449219
0 0.52832 0.600586 0.0214844 0.0351562
0 0.335938 0.467285 0.015625 0.0400391
0 0.527344 0.533691 0.0195312 0.0400391
0 0.546875 0.324707 0.0195312 0.0380859
0 0.489258 0.464355 0.0234375 0.0244141
0 0.506836 0.526367 0.0175781 0.0292969
0 0.59375 0.373047 0.015625 0.046875
0 0.506836 0.708008 0.0214844 0.0292969
0 0.310059 0.637695 0.0146484 0.0449219
0 0.369629 0.745605 0.0146484 0.0419922
0 0.522949 0.713379 0.0146484 0.0380859
0 0.494141 0.6875 0.0234375 0.0273438
0 0.564941 0.636719 0.0126953 0.0371094
0 0.378418 0.47168 0.0166016 0.0351562
0 0.493652 0.773438 0.0205078 0.0351562
0 0.477539 0.643555 0.0136719 0.0449219
0 0.484375 0.78418 0.0175781 0.0332031
0 0.386719 0.608398 0.0195312 0.0292969
0 0.394043 0.618164 0.0126953 0.0410156
0 0.504883 0.680664 0.0214844 0.0292969
0 0.31543 0.688477 0.0136719 0.0449219
0 0.466309 0.561523 0.0205078 0.0371094
0 0.492188 0.490234 0.0195312 0.0234375
0 0.510742 0.362793 0.0175781 0.0400391
0 0.435547 0.527344 0.0195312 0.0332031
0 0.35791 0.379395 0.0126953 0.0439453
0 0.466797 0.650879 0.015625 0.0419922
0 0.47168 0.675781 0.0136719 0.0429688
0 0.377441 0.727539 0.0146484 0.0449219
0 0.532227 0.689453 0.0214844 0.0195312
0 0.50293 0.727051 0.0253906 0.0263672
0 0.616699 0.427246 0.0146484 0.0439453
0 0.299805 0.615234 0.0214844 0.0273438
0 0.346191 0.455078 0.0166016 0.0429688
0 0.42041 0.803711 0.0166016 0.0410156
0 0.374023 0.542969 0.0117188 0.0488281
0 0.486816 0.555664 0.0244141 0.0253906
0 0.562988 0.706055 0.0205078 0.0273438
0 0.3125 0.594727 0.0234375 0.0234375
0 0.449219 0.366211 0.0136719 0.0488281
0 0.52832 0.555664 0.0253906 0.0253906
0 0.506836 0.575684 0.0214844 0.0224609
0 0.371582 0.458008 0.0244141 0.0253906
0 0.413086 0.77832 0.0214844 0.0410156
0 0.494141 0.646484 0.0273438 0.0234375
0 0.594238 0.557129 0.0224609 0.0263672
0 0.48877 0.330078 0.0166016 0.046875
0 0.466797 0.49707 0.0195312 0.0332031
0 0.350586 0.572266 0.0136719 0.0390625
0 0.312012 0.711914 0.0166016 0.0390625
0 0.325195 0.50293 0.0234375 0.0332031
0 0.539062 0.432129 0.0273438 0.0322266
0 0.521484 0.757812 0.0117188 0.0429688
0 0.338379 0.569336 0.0205078 0.0253906
0 0.426758 0.462402 0.015625 0.0478516
0 0.479004 0.575684 0.0205078 0.0400391
0 0.510742 0.798828 0.0214844 0.0292969
0 0.360352 0.556641 0.0253906 0.0273438
0 0.35791 0.738281 0.0166016 0.0390625
0 0.439453 0.46875 0.015625 0.0429688
0 0.439453 0.298828 0.0234375 0.0214844
0 0.454102 0.29541 0.0175781 0.0439453
0 0.513672 0.330078 0.0234375 0.0214844
0 0.385742 0.439453 0.0214844 0.03125
0 0.540527 0.842773 0.0146484 0.0449219
0 0.489258 0.816406 0.0175781 0.0429688
0 0.32373 0.611328 0.0146484 0.0449219
0 0.325195 0.577148 0.0214844 0.0371094
0 0.556641 0.750977 0.015625 0.0488281
0 0.469727 0.52832 0.0292969 0.0292969
0 0.326172 0.330078 0.0214844 0.0429688
0 0.418457 0.180176 0.0166016 0.0458984
0 0.503906 0.480957 0.0234375 0.0244141
0 0.574219 0.603516 0.0195312 0.03125
0 0.317871 0.65918 0.0146484 0.0449219
0 0.487793 0.532227 0.0244141 0.0253906
0 0.494141 0.427734 0.0234375 0.0273438
0 0.355469 0.526367 0.015625 0.0449219
0 0.602051 0.688965 0.0166016 0.0380859
0 0.557617 0.620117 0.0195312 0.0371094
0 0.422852 0.51123 0.0214844 0.0322266
0 0.285645 0.622559 0.0224609 0.0419922
0 0.45752 0.798828 0.0244141 0.0351562
0 0.444336 0.855957 0.0136719 0.0458984
0 0.53418 0.318359 0.0214844 0.0273438
0 0.536133 0.502441 0.0136719 0.0478516
0 0.459473 0.338379 0.0224609 0.0224609
0 0.438965 0.777344 0.0126953 0.0390625
0 0.525391 0.637695 0.0117188 0.0488281
0 0.443359 0.321289 0.0195312 0.03125
0 0.436523 0.274414 0.0253906 0.0253906
0 0.510742 0.31543 0.0214844 0.0273438
0 0.331543 0.536133 0.0224609 0.0351562
0 0.449707 0.680664 0.0263672 0.0253906
0 0.42041 0.532227 0.0224609 0.0332031
0 0.427734 0.321777 0.015625 0.0439453
0 0.515625 0.777344 0.0175781 0.0371094
0 0.408691 0.68457 0.0205078 0.0292969
0 0.59668 0.337402 0.0136719 0.0439453
0 0.469238 0.458496 0.0146484 0.0458984
0 0.492188 0.373047 0.0214844 0.0273438
0 0.538086 0.466797 0.0253906 0.0234375
0 0.400879 0.776367 0.0185547 0.0449219
0 0.257812 0.55127 0.0214844 0.0517578
0 0.45166 0.428711 0.0224609 0.0253906
0 0.432617 0.842285 0.0136719 0.0517578
0 0.602539 0.716309 0.0214844 0.0302734
0 0.287109 0.716797 0.0273438 0.03125
0 0.470215 0.741211 0.0263672 0.0273438
0 0.504395 0.750488 0.0185547 0.0380859
0 0.571289 0.380859 0.0253906 0.0273438
0 0.447754 0.601562 0.0166016 0.0332031
0 0.457031 0.48877 0.015625 0.0458984
0 0.549805 0.392578 0.0136719 0.0429688
0 0.618164 0.314453 0.0214844 0.046875
0 0.456543 0.834473 0.0146484 0.0439453
0 0.529297 0.402832 0.0214844 0.0341797
0 0.421875 0.395996 0.015625 0.0439453
0 0.409668 0.353027 0.0244141 0.0341797
0 0.541992 0.576172 0.0253906 0.0273438
0 0.466309 0.299805 0.0126953 0.0449219
0 0.564453 0.552734 0.0253906 0.0234375
0 0.525391 0.375977 0.0234375 0.03125
0 0.579102 0.30957 0.0175781 0.0429688
0 0.573242 0.691895 0.0175781 0.0400391
0 0.45166 0.651367 0.0224609 0.03125
0 0.640625 0.700684 0.0273438 0.0283203
0 0.544922 0.75293 0.015625 0.0429688
0 0.295898 0.667969 0.0175781 0.0429688
0 0.560547 0.654297 0.0195312 0.0351562
0 0.477539 0.355957 0.0136719 0.0498047
0 0.668457 0.518555 0.0224609 0.0410156
0 0.566406 0.527832 0.0175781 0.0380859
0 0.456543 0.777344 0.0205078 0.0351562
0 0.435547 0.743164 0.0234375 0.0371094
0 0.40332 0.56543 0.0175781 0.0429688
0 0.547852 0.284668 0.0253906 0.0361328
0 0.540039 0.798828 0.0175781 0.0429688
0 0.626953 0.350098 0.0195312 0.0283203
0 0.309082 0.455078 0.0185547 0.046875
0 0.380371 0.372559 0.0185547 0.0361328
0 0.636719 0.724121 0.0234375 0.0322266
0 0.458008 0.584961 0.0214844 0.0332031
0 0.362793 0.626465 0.0166016 0.0361328
0 0.425781 0.606445 0.0253906 0.0332031
