0 0.0146484 0.315918 0.0273438 0.0322266
0 0.356934 0.416504 0.0498047 0.0244141
0 0.244629 0.540039 0.0615234 0.0214844
0 0.544922 0.548828 0.03125 0.0410156
0 0.54541 0.79541 0.0634766 0.0283203
0 0.607422 0.702148 0.046875 0.0410156
0 0.560547 0.564453 0.0390625 0.0351562
0 0.736328 0.366699 0.0585938 0.0224609
0 0.297852 0.429199 0.0332031 0.0361328
0 0.603516 0.187012 0.0390625 0.0361328
0 0.20752 0.39209 0.0537109 0.0244141
0 0.270508 0.408203 0.0332031 0.0351562
0 0.341309 0.40332 0.0380859 0.0332031
0 0.708984 0.45459 0.0371094 0.0400391
0 0.558594 0.390625 0.046875 0.03125
0 0.369141 0.238281 0.0585938 0.0273438
0 0.648926 0.30957 0.0537109 0.0292969
0 0.381348 0.426758 0.0458984 0.0332031
0 0.675781 0.638672 0.0585938 0.03125
0 0.496582 0.335938 0.0400391 0.0390625
0 0.411133 0.801758 0.0527344 0.0292969
0 0.742188 0.660156 0.0546875 0.0292969
0 0.655273 0.575195 0.0449219 0.0410156
0 0.312012 0.597656 0.0478516 0.0390625
