0 0.524902 0.65625 0.0263672 0.0175781
0 0.449219 0.652344 0.0253906 0.015625
0 0.586914 0.473145 0.0214844 0.0166016
0 0.385742 0.608398 0.00976562 0.0332031
0 0.537109 0.574219 0.0136719 0.0351562
0 0.469238 0.645508 0.0126953 0.0292969
0 0.530273 0.843262 0.0136719 0.0224609
0 0.399414 0.372559 0.015625 0.0224609
0 0.251465 0.470703 0.0166016 0.0273438
0 0.362305 0.417969 0.0253906 0.0175781
0 0.536133 0.296387 0.0253906 0.0146484
0 0.244141 0.616699 0.0234375 0.0185547
0 0.568359 0.311035 0.0234375 0.0205078
0 0.454102 0.775879 0.0332031 0.0322266
0 0.200684 0.552734 0.0263672 0.0292969
0 0.725586 0.625977 0.0117188 0.0332031
0 0.370117 0.474609 0.0195312 0.0214844
0 0.20752 0.526855 0.0263672 0.0146484
0 0.62793 0.373047 0.0214844 0.0214844
0 0.481445 0.28125 0.0117188 0.0332031
0 0.683105 0.591797 0.0283203 0.015625
0 0.34375 0.595703 0.0195312 0.015625
0 0.39502 0.552734 0.0126953 0.0273438
0 0.478516 0.346191 0.0234375 0.0283203
0 0.329102 0.44873 0.0136719 0.0283203
0 0.251465 0.443359 0.0166016 0.0253906
0 0.252441 0.582031 0.0185547 0.0273438
0 0.243652 0.630859 0.0166016 0.0292969
0 0.167969 0.495117 0.00976562 0.0332031
0 0.174316 0.628906 0.0107422 0.0273438
0 0.503418 0.664551 0.0166016 0.0205078
0 0.59668 0.439453 0.0214844 0.0195312
0 0.362793 0.532227 0.0185547 0.0175781
0 0.152344 0.525391 0.015625 0.0351562
0 0.183594 0.521484 0.0214844 0.0195312
0 0.244629 0.404297 0.0126953 0.03125
0 0.482422 0.649414 0.015625 0.0332031
0 0.755371 0.363281 0.0126953 0.0273438
0 0.454102 0.634766 0.0214844 0.015625
0 0.505371 0.563477 0.0126953 0.0214844
0 0.623047 0.599121 0.0117188 0.0302734
0 0.60791 0.255371 0.0185547 0.0146484
0 0.221191 0.447266 0.0302734 0.0195312
0 0.509766 0.251953 0.015625 0.0371094
0 0.536133 0.274414 0.0234375 0.0136719
0 0.345215 0.608398 0.0205078 0.0175781
0 0.683105 0.577148 0.0244141 0.0175781
0 0.373047 0.385254 0.0195312 0.0244141
0 0.152344 0.606445 0.0292969 0.0136719
0 0.370117 0.546387 0.0136719 0.0224609
0 0.415527 0.350098 0.0205078 0.0224609
0 0.529297 0.675781 0.0117188 0.0273438
0 0.766602 0.339844 0.0136719 0.0351562
0 0.309082 0.43457 0.0224609 0.0214844
0 0.480469 0.613281 0.0234375 0.015625
0 0.588867 0.410645 0.0273438 0.0302734
0 0.429199 0.661621 0.0244141 0.0166016
0 0.478516 0.581055 0.0117188 0.0332031
0 0.526367 0.353027 0.0292969 0.0185547
0 0.725586 0.522461 0.0253906 0.0253906
0 0.415039 0.641602 0.0136719 0.0253906
0 0.533203 0.211426 0.0234375 0.0224609
0 0.673828 0.529297 0.015625 0.0273438
0 0.146973 0.614258 0.0224609 0.0175781
0 0.330566 0.539551 0.0126953 0.0224609
0 0.558594 0.282715 0.0195312 0.0205078
0 0.473145 0.665039 0.0224609 0.0195312
0 0.223633 0.490234 0.0195312 0.0195312
0 0.27832 0.387695 0.0175781 0.0390625
0 0.428711 0.373047 0.0175781 0.0273438
0 0.45752 0.306641 0.0283203 0.0175781
0 0.660156 0.547852 0.015625 0.0195312
0 0.77832 0.441406 0.0175781 0.0273438
0 0.53125 0.634766 0.0195312 0.0273438
0 0.381836 0.362305 0.0136719 0.0253906
0 0.62207 0.588379 0.0136719 0.0263672
0 0.337402 0.582031 0.0126953 0.0273438
0 0.494629 0.643555 0.0146484 0.0292969
0 0.520996 0.306641 0.0126953 0.0332031
0 0.776367 0.40918 0.00976562 0.0410156
0 0.621094 0.553711 0.03125 0.0175781
0 0.208496 0.570312 0.0224609 0.0195312
0 0.188965 0.642578 0.0224609 0.0195312
0 0.208008 0.638672 0.0195312 0.0234375
0 0.22168 0.573242 0.015625 0.0292969
0 0.368652 0.514648 0.0302734 0.0175781
0 0.493652 0.280273 0.0146484 0.0332031
0 0.751953 0.455566 0.0273438 0.0146484
0 0.456543 0.673828 0.0263672 0.0195312
0 0.34082 0.750977 0.0214844 0.0175781
0 0.755859 0.388672 0.0136719 0.0273438
0 0.182129 0.542969 0.0146484 0.0292969
0 0.535156 0.563965 0.0117188 0.0341797
0 0.745117 0.439453 0.0117188 0.0351562
0 0.345703 0.574219 0.0136719 0.0273438
0 0.404785 0.461914 0.0107422 0.0292969
0 0.449219 0.394043 0.03125 0.0126953
0 0.758789 0.432617 0.0136719 0.0332031
0 0.285156 0.523926 0.0195312 0.0263672
0 0.508301 0.432617 0.0146484 0.0292969
0 0.183105 0.603516 0.0263672 0.015625
0 0.696777 0.603027 0.0224609 0.0166016
0 0.524414 0.702148 0.0175781 0.0371094
0 0.436523 0.681152 0.0253906 0.0146484
0 0.433105 0.629883 0.0263672 0.0136719
0 0.382324 0.428711 0.0205078 0.0175781
0 0.37793 0.456055 0.0195312 0.0234375
0 0.150391 0.555664 0.0214844 0.0214844
0 0.239746 0.567871 0.0205078 0.0205078
0 0.710938 0.391602 0.0195312 0.0195312
0 0.565918 0.236328 0.0185547 0.0390625
0 0.555664 0.566406 0.0214844 0.0234375
0 0.576172 0.620117 0.0195312 0.0253906
0 0.257324 0.631836 0.0205078 0.0253906
0 0.353027 0.494629 0.0224609 0.0244141
0 0.614258 0.527344 0.0175781 0.0351562
0 0.527344 0.216309 0.0195312 0.0283203
0 0.486328 0.5625 0.015625 0.0195312
0 0.37793 0.62793 0.0175781 0.0273438
0 0.426758 0.675781 0.0214844 0.015625
0 0.567871 0.338379 0.0244141 0.0283203
0 0.493164 0.418945 0.0136719 0.0371094
0 0.321777 0.733398 0.0146484 0.0332031
0 0.38623 0.452148 0.0205078 0.0253906
0 0.491699 0.35498 0.0146484 0.0322266
0 0.228027 0.462891 0.0224609 0.0195312
0 0.633789 0.428711 0.0214844 0.0292969
0 0.599609 0.629883 0.0117188 0.0332031
0 0.535156 0.510254 0.0195312 0.0224609
0 0.418457 0.40918 0.0224609 0.0175781
0 0.253418 0.601074 0.0146484 0.0263672
0 0.349609 0.447266 0.0273438 0.015625
0 0.202148 0.498535 0.0136719 0.0380859
0 0.57373 0.688477 0.0146484 0.0253906
0 0.775391 0.372559 0.0117188 0.0458984
0 0.378906 0.672852 0.0117188 0.0253906
0 0.29248 0.625977 0.0166016 0.0175781
0 0.29248 0.723633 0.0263672 0.0175781
0 0.347168 0.642578 0.0126953 0.0351562
0 0.571289 0.231934 0.0136719 0.0419922
0 0.338379 0.557617 0.0166016 0.0253906
0 0.543945 0.335938 0.0175781 0.0390625
0 0.397461 0.630371 0.0214844 0.0263672
0 0.447266 0.333496 0.015625 0.0302734
0 0.466309 0.395508 0.0341797 0.0175781
0 0.262695 0.42334 0.0214844 0.0166016
0 0.408203 0.654785 0.0234375 0.0126953
0 0.54248 0.266602 0.0263672 0.0214844
0 0.35791 0.560547 0.0224609 0.015625
0 0.696289 0.572266 0.0214844 0.0195312
0 0.373047 0.77832 0.0234375 0.0253906
0 0.770508 0.316406 0.0136719 0.0390625
0 0.440918 0.355957 0.0166016 0.0263672
0 0.538086 0.375 0.0273438 0.0234375
0 0.1875 0.507812 0.0214844 0.0234375
0 0.461426 0.341309 0.0205078 0.0283203
0 0.551758 0.674805 0.0175781 0.0292969
0 0.328125 0.574219 0.00976562 0.0390625
0 0.487793 0.609863 0.0146484 0.0244141
0 0.668457 0.355957 0.0166016 0.0263672
0 0.751953 0.503906 0.0117188 0.03125
0 0.543945 0.394531 0.0273438 0.0234375
0 0.717773 0.451172 0.0175781 0.0234375
0 0.301758 0.45166 0.0253906 0.0146484
0 0.383789 0.416504 0.0195312 0.0126953
0 0.736816 0.339844 0.0185547 0.0292969
0 0.473633 0.57666 0.0117188 0.0361328
0 0.158691 0.67041 0.0166016 0.0322266
0 0.203125 0.424805 0.0175781 0.0253906
0 0.251953 0.533203 0.0195312 0.0195312
0 0.464355 0.446289 0.0205078 0.0214844
0 0.563477 0.320801 0.0253906 0.0302734
0 0.529297 0.256836 0.0195312 0.0351562
0 0.605469 0.597656 0.0273438 0.015625
0 0.370605 0.792969 0.0283203 0.015625
0 0.691895 0.618652 0.0341797 0.0166016
0 0.462891 0.429199 0.0234375 0.0224609
0 0.167969 0.523926 0.0117188 0.0322266
0 0.657227 0.579102 0.0253906 0.0136719
0 0.745117 0.541992 0.0292969 0.0175781
0 0.362305 0.776855 0.015625 0.0224609
0 0.51709 0.75293 0.0166016 0.0175781
0 0.303223 0.404297 0.0205078 0.0273438
0 0.1875 0.483398 0.015625 0.0332031
0 0.290527 0.520508 0.0146484 0.0273438
0 0.556641 0.247559 0.0117188 0.0322266
0 0.618652 0.564453 0.0302734 0.0117188
0 0.689453 0.334473 0.0214844 0.0146484
0 0.294434 0.559082 0.0263672 0.0166016
0 0.276855 0.727051 0.0283203 0.0146484
0 0.763672 0.366699 0.015625 0.0224609
0 0.404785 0.661621 0.0224609 0.0205078
0 0.685059 0.540039 0.0224609 0.0214844
0 0.219727 0.538086 0.0117188 0.0292969
0 0.262695 0.402344 0.0214844 0.015625
0 0.489258 0.312012 0.0234375 0.0146484
0 0.259277 0.600586 0.0107422 0.0292969
0 0.35791 0.410156 0.0263672 0.015625
0 0.588867 0.462891 0.015625 0.03125
0 0.204102 0.62207 0.0253906 0.0214844
0 0.416016 0.436523 0.0195312 0.0214844
0 0.577148 0.265137 0.0175781 0.0302734
0 0.16748 0.46582 0.0166016 0.0292969
0 0.242676 0.585938 0.0205078 0.0234375
0 0.158203 0.571777 0.0136719 0.0283203
0 0.140625 0.630371 0.0136719 0.0283203
0 0.728027 0.512695 0.0244141 0.0214844
0 0.200684 0.599121 0.0107422 0.0302734
0 0.692383 0.642578 0.0136719 0.0371094
0 0.27002 0.601562 0.0146484 0.0273438
0 0.345215 0.540527 0.0224609 0.0205078
0 0.223633 0.42334 0.0273438 0.0185547
0 0.440918 0.47168 0.0107422 0.0332031
0 0.402832 0.341309 0.0322266 0.0166016
0 0.544922 0.697266 0.0195312 0.015625
0 0.34082 0.467773 0.0253906 0.0117188
0 0.427734 0.425781 0.015625 0.03125
0 0.587891 0.255859 0.0117188 0.0351562
0 0.318359 0.720215 0.0195312 0.0322266
0 0.551758 0.619141 0.0136719 0.0351562
0 0.632812 0.443359 0.0195312 0.0234375
0 0.626953 0.603516 0.00976562 0.03125
0 0.556152 0.579102 0.0205078 0.0292969
0 0.464844 0.322266 0.03125 0.0195312
0 0.286133 0.470703 0.0214844 0.0195312
0 0.555664 0.661133 0.0175781 0.0292969
0 0.795898 0.488281 0.0136719 0.0371094
0 0.753906 0.331055 0.0136719 0.0410156
0 0.593262 0.717773 0.0146484 0.0371094
0 0.697266 0.644043 0.0117188 0.0361328
0 0.742188 0.500977 0.015625 0.03125
0 0.276855 0.743652 0.0166016 0.0263672
0 0.569336 0.468262 0.0253906 0.0283203
0 0.592285 0.748535 0.0185547 0.0400391
0 0.399902 0.418457 0.0146484 0.0322266
0 0.283203 0.457031 0.0234375 0.0117188
0 0.69043 0.692383 0.0214844 0.0292969
0 0.520508 0.416504 0.0175781 0.0361328
0 0.383789 0.634766 0.0136719 0.03125
0 0.605469 0.60498 0.0273438 0.0185547
0 0.391113 0.371094 0.0146484 0.0214844
0 0.563965 0.375488 0.0224609 0.0244141
0 0.356934 0.623047 0.0224609 0.015625
0 0.768555 0.539062 0.0175781 0.0273438
0 0.503418 0.259766 0.0126953 0.0429688
0 0.799316 0.359375 0.0146484 0.0351562
0 0.739258 0.556641 0.0332031 0.0214844
0 0.215332 0.635742 0.0302734 0.0214844
0 0.512695 0.635254 0.0253906 0.0283203
0 0.732422 0.409668 0.0117188 0.0400391
0 0.547852 0.209961 0.0136719 0.0292969
0 0.141113 0.539062 0.0244141 0.015625
0 0.519531 0.250488 0.015625 0.0400391
0 0.317871 0.501465 0.0244141 0.0224609
0 0.518066 0.699707 0.0166016 0.0341797
0 0.63916 0.608398 0.0185547 0.0292969
0 0.579102 0.434082 0.0175781 0.0263672
0 0.175781 0.581055 0.0136719 0.03125
0 0.613281 0.424316 0.0234375 0.0283203
0 0.509766 0.282227 0.015625 0.0332031
0 0.505371 0.480469 0.0166016 0.0273438
0 0.720703 0.290039 0.015625 0.0410156
0 0.560547 0.233398 0.0117188 0.0390625
0 0.638184 0.52832 0.0263672 0.0175781
0 0.574219 0.717773 0.015625 0.03125
0 0.253418 0.39209 0.0107422 0.0283203
0 0.705078 0.621094 0.0273438 0.0195312
0 0.587891 0.609375 0.0117188 0.0351562
0 0.539062 0.870117 0.0117188 0.0449219
0 0.602539 0.456543 0.0136719 0.0322266
0 0.415039 0.683594 0.0117188 0.0273438
0 0.518066 0.487305 0.0185547 0.0195312
0 0.288574 0.50293 0.0185547 0.0273438
0 0.322266 0.474121 0.0273438 0.0205078
0 0.277832 0.6875 0.0244141 0.0117188
0 0.642578 0.276855 0.015625 0.0166016
0 0.324219 0.412598 0.0234375 0.0224609
0 0.317871 0.575195 0.0146484 0.0371094
0 0.399414 0.688477 0.0136719 0.0371094
0 0.758789 0.469238 0.0136719 0.0302734
0 0.550293 0.308594 0.0244141 0.0195312
0 0.589844 0.233887 0.0234375 0.0380859
0 0.280273 0.434082 0.0136719 0.0283203
0 0.673828 0.341797 0.00976562 0.0429688
0 0.645508 0.427734 0.0214844 0.0390625
0 0.250488 0.55127 0.0283203 0.0126953
0 0.583008 0.740234 0.0214844 0.0234375
0 0.681641 0.519043 0.0195312 0.0263672
0 0.619141 0.447754 0.0234375 0.0244141
0 0.310547 0.748047 0.0195312 0.0234375
0 0.588867 0.63623 0.0136719 0.0341797
0 0.272949 0.636719 0.0166016 0.0273438
0 0.565918 0.688965 0.0146484 0.0263672
0 0.677246 0.548828 0.0283203 0.015625
0 0.424805 0.606445 0.015625 0.0332031
0 0.442383 0.618164 0.0214844 0.0175781
0 0.399414 0.327637 0.0253906 0.0166016
0 0.597168 0.411621 0.0185547 0.0341797
0 0.677246 0.487305 0.0224609 0.0175781
0 0.185547 0.452148 0.0234375 0.0253906
0 0.574219 0.636719 0.0195312 0.015625
0 0.23584 0.503906 0.0126953 0.0351562
0 0.397461 0.602539 0.0195312 0.0292969
0 0.554688 0.55127 0.0195312 0.0146484
0 0.65918 0.529785 0.0175781 0.0224609
0 0.629883 0.251953 0.0253906 0.0371094
0 0.435059 0.30957 0.0166016 0.0332031
0 0.787109 0.345703 0.015625 0.0429688
0 0.368164 0.366211 0.0195312 0.015625
0 0.634766 0.267578 0.0234375 0.0195312
0 0.545898 0.411621 0.0214844 0.0322266
0 0.48877 0.299805 0.0244141 0.0175781
0 0.558594 0.764648 0.0273438 0.0175781
0 0.130859 0.642578 0.0195312 0.0234375
0 0.541016 0.604004 0.0117188 0.0439453
0 0.275879 0.657227 0.0205078 0.0253906
0 0.767578 0.410645 0.0117188 0.0458984
0 0.283691 0.584961 0.0185547 0.0214844
0 0.733398 0.382812 0.0292969 0.0195312
0 0.383789 0.695312 0.0234375 0.0273438
0 0.302734 0.518555 0.0117188 0.0332031
0 0.181641 0.614258 0.0273438 0.0175781
0 0.521973 0.497559 0.0205078 0.0166016
0 0.479492 0.450195 0.0175781 0.0351562
0 0.799805 0.400879 0.0136719 0.0341797
0 0.355957 0.355469 0.0302734 0.0175781
0 0.707031 0.283203 0.0195312 0.0332031
0 0.328125 0.779297 0.0273438 0.0136719
0 0.679199 0.657227 0.0224609 0.0175781
0 0.496094 0.457031 0.0234375 0.0195312
0 0.342773 0.427246 0.0136719 0.0263672
0 0.726562 0.455078 0.0253906 0.0371094
0 0.30127 0.587891 0.0166016 0.03125
0 0.351074 0.691895 0.0224609 0.0126953
0 0.35791 0.585938 0.0166016 0.03125
0 0.511719 0.452148 0.0234375 0.0253906
0 0.696777 0.360352 0.0146484 0.0449219
0 0.696289 0.491211 0.0214844 0.0292969
0 0.538086 0.732422 0.0136719 0.0234375
0 0.731445 0.626953 0.015625 0.0351562
0 0.630859 0.384766 0.0273438 0.015625
0 0.416016 0.368652 0.0234375 0.0244141
0 0.623047 0.690918 0.0117188 0.0400391
0 0.414551 0.311035 0.0224609 0.0400391
0 0.469238 0.467773 0.0185547 0.0175781
0 0.567871 0.272461 0.0205078 0.0253906
0 0.388184 0.65918 0.0166016 0.0214844
0 0.282227 0.675293 0.0253906 0.0146484
0 0.567383 0.44873 0.0292969 0.0126953
0 0.705566 0.311035 0.0322266 0.0205078
0 0.331055 0.518066 0.0253906 0.0146484
0 0.193848 0.462891 0.0224609 0.0136719
0 0.537109 0.758789 0.0273438 0.0136719
0 0.253418 0.491211 0.0244141 0.0136719
0 0.708984 0.424805 0.0175781 0.0332031
0 0.587402 0.696289 0.0185547 0.0410156
0 0.547852 0.921387 0.0175781 0.0400391
0 0.731445 0.583008 0.0214844 0.0136719
0 0.719238 0.575195 0.0185547 0.0351562
0 0.525879 0.563965 0.0166016 0.0302734
0 0.6875 0.446777 0.0234375 0.0322266
0 0.400391 0.450195 0.015625 0.0292969
0 0.723145 0.411133 0.0107422 0.0449219
0 0.57373 0.349121 0.0263672 0.0224609
0 0.48877 0.691406 0.0146484 0.0351562
0 0.710449 0.708008 0.0380859 0.0175781
0 0.341309 0.805176 0.0302734 0.0146484
0 0.378418 0.34375 0.0107422 0.0292969
0 0.457031 0.78418 0.0292969 0.0175781
0 0.487305 0.43457 0.0136719 0.0292969
0 0.472168 0.292969 0.0107422 0.03125
0 0.546875 0.855469 0.015625 0.0351562
0 0.652832 0.566406 0.0263672 0.015625
0 0.795898 0.42334 0.0273438 0.0263672
0 0.350586 0.780762 0.0214844 0.0185547
0 0.702637 0.673828 0.0263672 0.0234375
0 0.72168 0.649414 0.0253906 0.0214844
0 0.34668 0.388672 0.0292969 0.015625
0 0.286133 0.704102 0.0117188 0.0292969
0 0.15918 0.642578 0.0234375 0.0234375
0 0.62207 0.625977 0.0214844 0.0253906
0 0.546875 0.716797 0.0273438 0.015625
0 0.647949 0.590332 0.0263672 0.0166016
0 0.493164 0.589844 0.0273438 0.015625
0 0.339844 0.367676 0.0234375 0.0244141
0 0.525391 0.78125 0.0390625 0.0195312
0 0.126953 0.625 0.0234375 0.0195312
0 0.221191 0.676758 0.0244141 0.0253906
0 0.521484 0.737305 0.015625 0.0371094
0 0.407227 0.477539 0.0253906 0.0234375
0 0.337891 0.765137 0.0273438 0.0166016
0 0.388184 0.322266 0.0263672 0.0195312
0 0.633789 0.462891 0.0253906 0.0195312
0 0.35498 0.332031 0.0224609 0.0351562
0 0.303711 0.708008 0.0175781 0.0332031
0 0.645508 0.513184 0.0253906 0.0146484
0 0.462891 0.60791 0.0195312 0.0302734
0 0.261719 0.661621 0.015625 0.0263672
0 0.205566 0.541504 0.0244141 0.0205078
0 0.558594 0.739746 0.015625 0.0361328
0 0.708008 0.512695 0.0214844 0.0253906
0 0.254395 0.737305 0.0244141 0.015625
0 0.806641 0.455566 0.0117188 0.0439453
0 0.291016 0.612305 0.0292969 0.0175781
0 0.782715 0.510742 0.0146484 0.0371094
0 0.519531 0.550781 0.015625 0.0371094
0 0.763184 0.517578 0.0205078 0.0351562
0 0.548828 0.51123 0.0195312 0.0361328
0 0.657227 0.615234 0.0136719 0.03125
0 0.589844 0.288574 0.0136719 0.0302734
0 0.294434 0.658203 0.0224609 0.0136719
0 0.660156 0.633301 0.015625 0.0302734
0 0.311035 0.692383 0.0224609 0.0214844
0 0.196289 0.55957 0.0253906 0.0214844
0 0.446777 0.428711 0.0224609 0.0253906
0 0.582031 0.40918 0.0234375 0.0214844
0 0.252441 0.683594 0.0263672 0.0195312
0 0.450195 0.689453 0.0273438 0.0195312
0 0.419922 0.737793 0.0273438 0.0126953
0 0.305176 0.387207 0.0185547 0.0263672
0 0.208496 0.666992 0.0283203 0.0234375
0 0.613281 0.683594 0.015625 0.0429688
0 0.260742 0.522461 0.0175781 0.0214844
0 0.248047 0.65918 0.0195312 0.0195312
0 0.689941 0.322266 0.0244141 0.0195312
0 0.61377 0.240723 0.0224609 0.0263672
0 0.639648 0.63916 0.0253906 0.0244141
0 0.340332 0.73877 0.0263672 0.0146484
0 0.410645 0.727539 0.0244141 0.0273438
0 0.314941 0.676758 0.0224609 0.0253906
0 0.266602 0.538086 0.0214844 0.0175781
0 0.579102 0.376953 0.0136719 0.0351562
0 0.782227 0.54834 0.0136719 0.0400391
0 0.737305 0.48291 0.0175781 0.0341797
0 0.433594 0.500977 0.0234375 0.0195312
0 0.524414 0.466797 0.0292969 0.0234375
0 0.712402 0.334473 0.0244141 0.0322266
0 0.726562 0.597656 0.0234375 0.0234375
0 0.605469 0.219727 0.0273438 0.0234375
0 0.388672 0.850098 0.0175781 0.0380859
0 0.495117 0.576172 0.0214844 0.0175781
0 0.412598 0.70459 0.0244141 0.0185547
0 0.708496 0.555664 0.0205078 0.0332031
0 0.327148 0.377441 0.0175781 0.0302734
0 0.260742 0.712891 0.015625 0.03125
0 0.472656 0.695801 0.0214844 0.0224609
0 0.461914 0.575195 0.0136719 0.0332031
0 0.677734 0.640625 0.0175781 0.0273438
0 0.504883 0.501953 0.0175781 0.0273438
0 0.483887 0.80127 0.0283203 0.0185547
0 0.512695 0.835938 0.0214844 0.0273438
0 0.330078 0.655273 0.0234375 0.0273438
0 0.371582 0.71582 0.0224609 0.0214844
0 0.474121 0.727539 0.0166016 0.0351562
0 0.352051 0.713867 0.0244141 0.0253906
0 0.663086 0.378906 0.0253906 0.0214844
