0 0.361328 0.489746 0.0371094 0.12207
0 0.573242 0.505371 0.0683594 0.110352
0 0.398438 0.509766 0.0625 0.130859
0 0.285156 0.158691 0.0820312 0.0888672
0 0.298828 0.505859 0.0234375 0.113281
0 0.546875 0.285645 0.0351562 0.116211
0 0.672363 0.645508 0.0830078 0.0800781
0 0.48584 0.730469 0.0732422 0.0683594
0 0.466797 0.445801 0.0546875 0.102539
0 0.512695 0.32373 0.0644531 0.108398
0 0.466309 0.772461 0.0517578 0.0527344
0 0.556641 0.680664 0.0507812 0.111328
0 0.518555 0.424805 0.0332031 0.0839844
0 0.34375 0.165039 0.03125 0.0761719
0 0.45166 0.248047 0.0244141 0.105469
0 0.46582 0.702148 0.0800781 0.0703125
0 0.496582 0.621094 0.0302734 0.109375
0 0.688965 0.524414 0.0869141 0.0839844
0 0.583008 0.772461 0.0605469 0.119141
0 0.324707 0.457031 0.0419922 0.132812
0 0.575684 0.59082 0.0751953 0.0683594
0 0.53418 0.791016 0.0605469 0.078125
0 0.395996 0.396973 0.0322266 0.116211
0 0.414062 0.682617 0.0625 0.101562
0 0.462891 0.156738 0.0625 0.0810547
0 0.551758 0.150391 0.0703125 0.0527344
0 0.36377 0.663086 0.0439453 0.0839844
0 0.619629 0.174316 0.0712891 0.0537109
0 0.381836 0.73291 0.0605469 0.0439453
0 0.491211 0.852539 0.0585938 0.0566406
