0 0.411133 0.672852 0.0214844 0.0332031
0 0.411621 0.643066 0.0244141 0.0244141
0 0.603516 0.235352 0.0234375 0.0292969
0 0.344727 0.348633 0.0253906 0.0390625
0 0.614746 0.560547 0.0380859 0.0390625
0 0.555176 0.489258 0.0224609 0.0371094
0 0.35498 0.599609 0.0361328 0.0214844
0 0.365234 0.649902 0.015625 0.0517578
0 0.40918 0.484863 0.0371094 0.0302734
0 0.552246 0.394043 0.0283203 0.0341797
0 0.327637 0.668945 0.0263672 0.0410156
0 0.34668 0.574219 0.03125 0.046875
0 0.352051 0.529785 0.0322266 0.0380859
0 0.453125 0.638672 0.0273438 0.0585938
0 0.631836 0.311035 0.0371094 0.0263672
0 0.221191 0.34082 0.0224609 0.0507812
0 0.584473 0.490723 0.0283203 0.0185547
0 0.337891 0.325684 0.0390625 0.0244141
0 0.355469 0.360352 0.0234375 0.0488281
0 0.379883 0.506836 0.0234375 0.0527344
0 0.326172 0.391602 0.03125 0.0449219
0 0.577148 0.0522461 0.0214844 0.0556641
0 0.307617 0.364258 0.0351562 0.0507812
0 0.387695 0.56543 0.0253906 0.0488281
0 0.334961 0.563477 0.0253906 0.0449219
0 0.314453 0.626953 0.015625 0.0546875
0 0.371582 0.416992 0.0302734 0.0507812
0 0.303711 0.403809 0.0175781 0.0517578
0 0.276855 0.572266 0.0185547 0.046875
0 0.529297 0.660156 0.0390625 0.0351562
0 0.273438 0.333984 0.0195312 0.0585938
0 0.373047 0.71875 0.0273438 0.0585938
0 0.53418 0.385742 0.0253906 0.0527344
0 0.443848 0.584961 0.0400391 0.0253906
0 0.393066 0.388672 0.0244141 0.0507812
0 0.54248 0.155273 0.0419922 0.0195312
0 0.353516 0.74707 0.0195312 0.0527344
0 0.356445 0.78125 0.0390625 0.0429688
0 0.49707 0.416016 0.0410156 0.0371094
0 0.548828 0.334473 0.0234375 0.0576172
0 0.304688 0.314453 0.0390625 0.0332031
0 0.414062 0.52002 0.0351562 0.0302734
0 0.486816 0.662109 0.0341797 0.0429688
0 0.373047 0.339844 0.0234375 0.046875
0 0.360352 0.262695 0.03125 0.0527344
0 0.597656 0.457031 0.0332031 0.0507812
0 0.356445 0.197754 0.0214844 0.0478516
