0 0.534668 0.45752 0.0205078 0.0341797
0 0.53125 0.591797 0.0175781 0.0195312
0 0.477051 0.509766 0.0146484 0.0488281
0 0.549805 0.430176 0.0253906 0.0302734
0 0.513184 0.405273 0.0166016 0.0292969
0 0.403809 0.607422 0.0126953 0.0390625
0 0.512695 0.419922 0.0175781 0.0292969
0 0.503906 0.390625 0.0117188 0.0371094
0 0.495605 0.327637 0.0166016 0.0419922
0 0.480957 0.402344 0.0146484 0.046875
0 0.529297 0.529297 0.0195312 0.0351562
0 0.501465 0.30957 0.0244141 0.0214844
0 0.518555 0.375 0.0136719 0.0429688
0 0.472168 0.502441 0.0185547 0.0419922
0 0.55957 0.74707 0.0175781 0.0410156
0 0.540039 0.462891 0.0136719 0.0429688
0 0.48291 0.43457 0.0166016 0.0410156
0 0.5 0.462891 0.015625 0.0410156
0 0.631836 0.704102 0.0214844 0.0332031
0 0.542969 0.518555 0.0234375 0.0175781
0 0.525391 0.413574 0.0136719 0.0361328
0 0.473145 0.386719 0.0107422 0.0390625
0 0.453613 0.32373 0.0185547 0.0244141
0 0.511719 0.509766 0.0195312 0.0214844
0 0.48291 0.311035 0.0146484 0.0458984
0 0.647461 0.544922 0.0253906 0.03125
0 0.53125 0.624023 0.015625 0.046875
0 0.554199 0.39209 0.0166016 0.0341797
0 0.49707 0.522461 0.0136719 0.0410156
0 0.505859 0.232422 0.015625 0.0390625
0 0.459473 0.608887 0.0126953 0.0419922
0 0.495605 0.388672 0.0146484 0.0332031
0 0.567383 0.358398 0.0253906 0.03125
0 0.516113 0.527832 0.0166016 0.0322266
0 0.446289 0.59668 0.0136719 0.0449219
0 0.496582 0.413086 0.0224609 0.0253906
0 0.509766 0.338867 0.015625 0.0449219
0 0.551758 0.467773 0.0253906 0.0234375
0 0.584961 0.674805 0.0117188 0.0410156
0 0.494141 0.450195 0.0195312 0.0292969
0 0.524414 0.297852 0.0273438 0.0234375
0 0.509766 0.650391 0.0214844 0.0292969
0 0.503418 0.366211 0.0166016 0.0371094
0 0.520508 0.635742 0.0136719 0.0449219
0 0.529297 0.508789 0.0253906 0.0253906
0 0.537109 0.393066 0.0195312 0.0322266
0 0.537109 0.423828 0.015625 0.0390625
0 0.435547 0.489746 0.0234375 0.0244141
0 0.508789 0.720215 0.015625 0.0439453
0 0.504395 0.496582 0.0205078 0.0302734
0 0.490723 0.558594 0.0126953 0.046875
0 0.556641 0.53125 0.0273438 0.0234375
0 0.655273 0.905273 0.0175781 0.0488281
0 0.668945 0.697266 0.0175781 0.0429688
0 0.527344 0.483398 0.0136719 0.0410156
0 0.552734 0.320801 0.0195312 0.0244141
0 0.465332 0.396973 0.0166016 0.0419922
0 0.374023 0.672363 0.0253906 0.0263672
0 0.495605 0.635254 0.0126953 0.0458984
0 0.365234 0.516602 0.015625 0.0605469
0 0.505859 0.541992 0.0117188 0.0410156
0 0.554199 0.349609 0.0166016 0.046875
0 0.528809 0.765625 0.0126953 0.0429688
0 0.558594 0.431152 0.0195312 0.0341797
0 0.508789 0.626953 0.0175781 0.0351562
0 0.462891 0.481445 0.015625 0.046875
0 0.445312 0.302734 0.015625 0.0292969
0 0.525391 0.696289 0.015625 0.0410156
0 0.638672 0.686035 0.0234375 0.0341797
0 0.583984 0.562012 0.0234375 0.0283203
0 0.455566 0.711914 0.0205078 0.0214844
0 0.533203 0.376953 0.0234375 0.03125
0 0.568359 0.731445 0.015625 0.0488281
0 0.536133 0.3125 0.0214844 0.0273438
0 0.626465 0.649902 0.0263672 0.0283203
0 0.449219 0.686523 0.015625 0.0410156
0 0.399414 0.619141 0.015625 0.0410156
0 0.512695 0.675781 0.0253906 0.0234375
0 0.459961 0.586914 0.0175781 0.0371094
0 0.526367 0.456055 0.0214844 0.0292969
0 0.549805 0.688477 0.0136719 0.0449219
0 0.518555 0.435547 0.0253906 0.0234375
0 0.428711 0.358887 0.0136719 0.0419922
0 0.455078 0.400879 0.0195312 0.0380859
0 0.462891 0.696289 0.0234375 0.0292969
0 0.700195 0.385254 0.0136719 0.0478516
0 0.606445 0.706055 0.0292969 0.0332031
0 0.522461 0.941406 0.0175781 0.0351562
0 0.382812 0.349609 0.0273438 0.0273438
0 0.464355 0.52832 0.0244141 0.0332031
0 0.438965 0.445801 0.0244141 0.0244141
0 0.553711 0.490234 0.0136719 0.0390625
0 0.450195 0.48877 0.0136719 0.0419922
0 0.56543 0.592773 0.0136719 0.0449219
0 0.532227 0.354004 0.0234375 0.0283203
0 0.441406 0.569824 0.0195312 0.0283203
0 0.469238 0.668945 0.0224609 0.03125
0 0.564453 0.569336 0.0195312 0.0410156
0 0.705078 0.561523 0.0273438 0.0332031
0 0.551758 0.409668 0.0214844 0.0224609
0 0.564453 0.458496 0.0234375 0.0283203
0 0.457031 0.654297 0.0234375 0.0234375
0 0.449219 0.518555 0.0234375 0.0214844
0 0.589844 0.507324 0.015625 0.0439453
0 0.540039 0.740234 0.0175781 0.0429688
0 0.512695 0.591309 0.0214844 0.0439453
0 0.59668 0.35498 0.0136719 0.0380859
0 0.476562 0.605469 0.0273438 0.0273438
0 0.629883 0.67627 0.0175781 0.0400391
0 0.504883 0.694336 0.0195312 0.0273438
0 0.480469 0.642578 0.0253906 0.0234375
0 0.517578 0.771484 0.015625 0.046875
0 0.345703 0.419434 0.015625 0.0439453
0 0.384766 0.33252 0.0253906 0.0244141
0 0.444824 0.339355 0.0166016 0.0419922
0 0.556641 0.224609 0.015625 0.046875
0 0.533691 0.551758 0.0224609 0.0332031
0 0.429199 0.65332 0.0224609 0.0253906
0 0.654785 0.526367 0.0244141 0.0292969
0 0.504395 0.565918 0.0205078 0.0224609
0 0.42041 0.475586 0.0205078 0.0292969
0 0.464355 0.291992 0.0146484 0.0410156
0 0.624023 0.754883 0.0136719 0.0449219
0 0.580078 0.387695 0.0273438 0.0273438
0 0.457031 0.560059 0.015625 0.0322266
0 0.620117 0.806641 0.0214844 0.046875
0 0.460938 0.435547 0.0273438 0.0273438
0 0.669922 0.553711 0.0195312 0.0371094
0 0.466309 0.338379 0.0166016 0.0439453
0 0.435547 0.597656 0.0175781 0.0390625
0 0.54541 0.638184 0.0166016 0.0478516
0 0.729492 0.721191 0.0175781 0.0498047
0 0.427734 0.637207 0.0273438 0.0224609
0 0.496094 0.240723 0.0234375 0.0322266
0 0.480957 0.35791 0.0205078 0.0341797
0 0.568359 0.173828 0.0234375 0.0351562
0 0.501953 0.791992 0.0234375 0.0410156
0 0.385742 0.689453 0.0175781 0.0371094
0 0.583984 0.33252 0.015625 0.0419922
0 0.479004 0.706055 0.0224609 0.0371094
0 0.381348 0.636719 0.0166016 0.0429688
0 0.452148 0.738281 0.0195312 0.0390625
0 0.537109 0.337891 0.0253906 0.03125
0 0.339844 0.511719 0.0253906 0.0273438
0 0.610352 0.561035 0.0214844 0.0283203
0 0.356934 0.654297 0.0166016 0.0429688
0 0.56543 0.308594 0.0253906 0.03125
0 0.418457 0.506836 0.0185547 0.0429688
0 0.543945 0.172852 0.0175781 0.0449219
0 0.429688 0.308594 0.0136719 0.0507812
0 0.352539 0.338867 0.0175781 0.03125
0 0.574219 0.409668 0.0253906 0.0302734
0 0.542969 0.709961 0.0234375 0.0371094
0 0.410156 0.435059 0.0214844 0.0322266
0 0.40918 0.579102 0.0253906 0.0292969
0 0.54834 0.291504 0.0244141 0.0283203
0 0.364258 0.618164 0.0214844 0.0332031
0 0.38623 0.436035 0.0224609 0.0361328
0 0.409668 0.668945 0.0244141 0.0292969
0 0.401367 0.489258 0.0214844 0.0371094
0 0.661621 0.604004 0.0302734 0.0322266
