0 0.495117 0.409668 0.0292969 0.0478516
0 0.683105 0.53125 0.0400391 0.0390625
0 0.264648 0.544922 0.0253906 0.0664062
0 0.667969 0.500977 0.0585938 0.0292969
0 0.488281 0.63916 0.0273438 0.0576172
0 0.30127 0.258789 0.0576172 0.0390625
0 0.439453 0.674805 0.03125 0.0644531
0 0.518555 0.400879 0.0332031 0.0576172
0 0.245117 0.302246 0.0253906 0.0654297
0 0.63916 0.69873 0.0322266 0.0634766
0 0.53418 0.64502 0.0371094 0.0341797
0 0.504883 0.736328 0.0410156 0.0234375
0 0.302734 0.352051 0.0351562 0.0537109
0 0.40332 0.305664 0.0351562 0.046875
0 0.44043 0.367676 0.0449219 0.0283203
0 0.495117 0.511719 0.0175781 0.0546875
0 0.322266 0.395508 0.0332031 0.0507812
0 0.584961 0.625488 0.0292969 0.0712891
