0 0.600586 0.483887 0.0175781 0.0400391
0 0.359863 0.307129 0.0126953 0.0537109
0 0.283203 0.308594 0.0234375 0.0507812
0 0.651855 0.396484 0.0205078 0.0351562
0 0.573242 0.48877 0.0214844 0.0380859
0 0.623047 0.395996 0.0234375 0.0263672
0 0.467285 0.00537109 0.0146484 0.0107422
0 0.477539 0.245117 0.0195312 0.0175781
0 0.576172 0.356934 0.0234375 0.0400391
0 0.333984 0.373535 0.015625 0.0498047
0 0.446289 0.254395 0.0117188 0.0419922
0 0.344238 0.370605 0.0126953 0.0478516
0 0.310547 0.256348 0.0351562 0.0302734
0 0.548828 0.676758 0.0234375 0.0214844
0 0.56543 0.340332 0.0136719 0.0380859
0 0.555664 0.537109 0.0175781 0.0429688
0 0.306641 0.17627 0.0175781 0.0732422
0 0.560547 0.606934 0.015625 0.0400391
0 0.509766 0.382812 0.015625 0.0351562
0 0.59668 0.239746 0.0214844 0.0419922
0 0.641602 0.48584 0.0234375 0.0263672
0 0.283203 0.335938 0.0234375 0.03125
0 0.334961 0.41748 0.0214844 0.0439453
0 0.348145 0.428711 0.0126953 0.0449219
0 0.543945 0.416016 0.0136719 0.0488281
0 0.561523 0.513184 0.0136719 0.0517578
0 0.516602 0.652344 0.0214844 0.03125
0 0.493652 0.442871 0.0205078 0.0400391
0 0.588379 0.437988 0.0126953 0.0380859
0 0.604004 0.402344 0.0126953 0.0546875
0 0.516602 0.59082 0.0136719 0.0488281
0 0.508789 0.410156 0.0175781 0.0390625
0 0.57666 0.325195 0.0244141 0.0214844
0 0.630859 0.335938 0.0234375 0.0410156
0 0.53418 0.447754 0.0136719 0.0439453
0 0.319336 0.418945 0.0136719 0.0488281
0 0.419434 0.354004 0.0126953 0.0419922
0 0.606934 0.307129 0.0126953 0.0439453
0 0.487305 0.797852 0.015625 0.0546875
0 0.466797 0.916016 0.0214844 0.0546875
0 0.519531 0.458984 0.0175781 0.046875
0 0.34375 0.161621 0.015625 0.0673828
0 0.556641 0.63623 0.0234375 0.0244141
0 0.598633 0.516602 0.0253906 0.0175781
0 0.537598 0.635742 0.0166016 0.0566406
0 0.509766 0.499512 0.0136719 0.0478516
0 0.595215 0.30127 0.0126953 0.0458984
0 0.52832 0.53125 0.0175781 0.046875
0 0.511719 0.143555 0.015625 0.0410156
0 0.553711 0.395508 0.0117188 0.0449219
0 0.587891 0.53418 0.0273438 0.0234375
0 0.488281 0.950684 0.0195312 0.0439453
0 0.495117 0.841797 0.0136719 0.0625
0 0.48877 0.924805 0.0205078 0.0429688
0 0.478027 0.626953 0.0185547 0.0507812
0 0.526367 0.641602 0.015625 0.0410156
0 0.56543 0.293457 0.0175781 0.0498047
0 0.590332 0.384277 0.0146484 0.0380859
0 0.348145 0.393555 0.0185547 0.0527344
0 0.557617 0.652344 0.0234375 0.0234375
0 0.473145 0.963379 0.0126953 0.0498047
0 0.491699 0.722656 0.0166016 0.0644531
0 0.665039 0.292969 0.0195312 0.0390625
0 0.471191 0.85498 0.0263672 0.0322266
0 0.609375 0.282715 0.0214844 0.0419922
0 0.581055 0.370117 0.0175781 0.0371094
0 0.481445 0.744629 0.0117188 0.0537109
0 0.504883 0.777344 0.0136719 0.0546875
0 0.347168 0.212891 0.0166016 0.0546875
0 0.641602 0.46582 0.0253906 0.0234375
0 0.545898 0.59668 0.0214844 0.0175781
0 0.40918 0.309082 0.015625 0.0478516
0 0.376953 0.328125 0.0234375 0.0390625
0 0.408691 0.364746 0.0205078 0.0498047
0 0.47168 0.833008 0.0214844 0.0214844
0 0.670898 0.337891 0.0195312 0.03125
0 0.581543 0.598633 0.0146484 0.0332031
0 0.478027 0.794922 0.0244141 0.0527344
0 0.551758 0.351562 0.0214844 0.0332031
0 0.575195 0.224609 0.015625 0.0546875
0 0.488281 0.861328 0.0117188 0.0527344
0 0.446289 0.887207 0.0136719 0.0751953
0 0.654785 0.518555 0.0263672 0.0273438
0 0.503418 0.983398 0.0166016 0.0332031
0 0.640625 0.238281 0.0175781 0.0449219
0 0.541016 0.541992 0.0117188 0.046875
0 0.584473 0.472656 0.0224609 0.0195312
0 0.605469 0.34082 0.015625 0.0371094
0 0.598633 0.362305 0.0253906 0.0273438
0 0.500488 0.650391 0.0166016 0.0546875
0 0.626465 0.29834 0.0126953 0.0498047
0 0.481934 0.34082 0.0205078 0.0449219
0 0.573242 0.445312 0.0175781 0.0429688
0 0.636719 0.543945 0.0214844 0.0332031
0 0.270996 0.355469 0.0283203 0.0195312
0 0.528809 0.412109 0.0166016 0.046875
0 0.46875 0.894531 0.0292969 0.03125
0 0.506836 0.35791 0.0234375 0.0458984
0 0.480469 0.67041 0.0273438 0.0400391
0 0.301758 0.414551 0.0195312 0.0478516
0 0.696289 0.228516 0.0175781 0.0390625
0 0.292969 0.43457 0.03125 0.0371094
0 0.477539 0.287109 0.0175781 0.0605469
0 0.551758 0.316406 0.0195312 0.0507812
0 0.473145 0.737305 0.0126953 0.0566406
0 0.634766 0.214844 0.015625 0.0527344
0 0.378906 0.352539 0.0273438 0.0371094
0 0.556641 0.454102 0.0117188 0.0410156
0 0.485352 0.494141 0.0273438 0.0351562
0 0.45752 0.346191 0.0244141 0.0224609
0 0.56543 0.69873 0.0234375 0.0205078
0 0.666016 0.318848 0.015625 0.0478516
0 0.566406 0.572754 0.0175781 0.0302734
0 0.523438 0.308594 0.0117188 0.0351562
0 0.497559 0.394043 0.0166016 0.0400391
0 0.536133 0.354492 0.0175781 0.0527344
0 0.441406 0.788574 0.0234375 0.0263672
0 0.586914 0.730469 0.0253906 0.0351562
0 0.662109 0.455078 0.015625 0.03125
0 0.541016 0.49707 0.015625 0.0449219
0 0.364258 0.357422 0.0273438 0.0273438
0 0.588867 0.705078 0.0253906 0.046875
0 0.621094 0.263184 0.0273438 0.0224609
0 0.30957 0.33252 0.0253906 0.0517578
0 0.479492 0.439453 0.0234375 0.0605469
0 0.501465 0.541016 0.0244141 0.0195312
0 0.476562 0.365234 0.0253906 0.0488281
0 0.45459 0.946777 0.0166016 0.0615234
0 0.457031 0.979492 0.0175781 0.0410156
0 0.454102 0.818359 0.0175781 0.0429688
0 0.662109 0.264648 0.0234375 0.0292969
0 0.62793 0.365234 0.0292969 0.0195312
0 0.676758 0.438477 0.0136719 0.0488281
0 0.52832 0.374512 0.0214844 0.0263672
0 0.446289 0.452148 0.0253906 0.0527344
0 0.459961 0.77002 0.0175781 0.0595703
0 0.524902 0.774902 0.0263672 0.0283203
0 0.467773 0.69043 0.0234375 0.0371094
0 0.569824 0.630859 0.0224609 0.0292969
0 0.677734 0.474121 0.015625 0.0380859
0 0.508301 0.908203 0.0166016 0.046875
0 0.496582 0.894531 0.0126953 0.0546875
0 0.507812 0.612305 0.0214844 0.0566406
0 0.642578 0.274902 0.015625 0.0498047
0 0.482422 0.989258 0.0273438 0.0214844
0 0.402832 0.616699 0.0283203 0.0556641
0 0.669434 0.491699 0.0224609 0.0439453
0 0.631836 0.493652 0.0234375 0.0380859
0 0.52832 0.803711 0.0214844 0.0390625
0 0.510742 0.816406 0.0175781 0.0566406
0 0.50293 0.568848 0.0253906 0.0380859
0 0.553711 0.761719 0.0214844 0.0585938
0 0.654297 0.183594 0.015625 0.0664062
0 0.517578 0.875977 0.015625 0.0566406
0 0.541016 0.769531 0.0273438 0.0507812
0 0.527344 0.949219 0.0136719 0.0625
0 0.458008 0.724121 0.0234375 0.0419922
0 0.619629 0.232422 0.0244141 0.0507812
0 0.706543 0.339844 0.0224609 0.0351562
0 0.513672 0.952148 0.0195312 0.0566406
0 0.683594 0.53125 0.0195312 0.0390625
0 0.435547 0.356934 0.0234375 0.0478516
0 0.569336 0.387207 0.0253906 0.0283203
0 0.736328 0.206055 0.0234375 0.0449219
0 0.653809 0.347168 0.0185547 0.0498047
0 0.415527 0.416016 0.0283203 0.0410156
0 0.355957 0.865723 0.0224609 0.0498047
0 0.545898 0.573242 0.0214844 0.0371094
