0 0.949219 0.475098 0.0351562 0.0595703
0 0.977539 0.466797 0.0449219 0.03125
0 0.516602 0.807617 0.0839844 0.0800781
0 0.38916 0.568359 0.0634766 0.0390625
0 0.652832 0.224121 0.0283203 0.0712891
0 0.956055 0.509277 0.0449219 0.0634766
0 0.916992 0.530273 0.0488281 0.0449219
0 0.307617 0.585938 0.0527344 0.0273438
0 0.648438 0.944336 0.0898438 0.0488281
0 0.79541 0.514648 0.0537109 0.0527344
0 0.875 0.428711 0.0214844 0.0683594
0 0.833008 0.680664 0.0585938 0.0449219
0 0.911133 0.878418 0.0683594 0.0537109
0 0.895508 0.925781 0.0566406 0.078125
0 0.652832 0.977539 0.0908203 0.0410156
0 0.531738 0.835938 0.0654297 0.0429688
0 0.641602 0.635742 0.0644531 0.0292969
0 0.980469 0.488281 0.0390625 0.03125
0 0.345215 0.578125 0.0556641 0.0703125
0 0.692871 0.93457 0.0439453 0.078125
0 0.931641 0.932617 0.0429688 0.0917969
0 0.47998 0.603516 0.0556641 0.0351562
0 0.480957 0.576172 0.0615234 0.0390625
0 0.688477 0.217285 0.0292969 0.0810547
0 0.685547 0.317383 0.0292969 0.0800781
0 0.666992 0.882812 0.0683594 0.0507812
0 0.977539 0.851562 0.0429688 0.09375
0 0.731445 0.407227 0.0292969 0.0917969
0 0.706055 0.157227 0.0371094 0.0722656
0 0.688477 0.116211 0.0371094 0.0722656
0 0.84668 0.897949 0.0703125 0.0888672
0 0.67334 0.0175781 0.0615234 0.0351562
0 0.648926 0.0864258 0.0400391 0.0771484
0 0.746094 0.16748 0.0371094 0.0810547
0 0.660645 0.160156 0.0361328 0.0722656
