0 0.273438 0.441406 0.0195312 0.0117188
0 0.569336 0.59668 0.0136719 0.0371094
0 0.302246 0.426758 0.0302734 0.0175781
0 0.29248 0.442383 0.0302734 0.0175781
0 0.359375 0.411133 0.0175781 0.0214844
0 0.272461 0.428711 0.0253906 0.0195312
0 0.259766 0.429199 0.0175781 0.0185547
0 0.359863 0.426758 0.0263672 0.0195312
0 0.615723 0.578613 0.0146484 0.0341797
0 0.285645 0.421875 0.0224609 0.0117188
0 0.55957 0.532227 0.0175781 0.0390625
0 0.561523 0.501953 0.0175781 0.0390625
0 0.188965 0.380371 0.0322266 0.0224609
0 0.633789 0.586914 0.0273438 0.0371094
0 0.662109 0.54541 0.015625 0.0361328
0 0.560547 0.594727 0.0234375 0.0371094
0 0.602539 0.583984 0.0332031 0.0253906
0 0.23291 0.442383 0.0302734 0.0214844
0 0.370605 0.405762 0.0244141 0.0341797
0 0.562012 0.472656 0.0302734 0.0195312
0 0.22998 0.379883 0.0263672 0.0253906
0 0.692383 0.518066 0.0253906 0.0166016
0 0.557617 0.668945 0.0332031 0.0292969
0 0.386719 0.402344 0.0117188 0.0390625
0 0.594727 0.521484 0.0292969 0.03125
