0 0.549805 0.43457 0.0214844 0.0390625
0 0.60791 0.380371 0.0400391 0.0400391
0 0.556152 0.42627 0.0322266 0.0244141
0 0.603516 0.443359 0.015625 0.0292969
0 0.580078 0.600586 0.0214844 0.0527344
0 0.59082 0.473633 0.0117188 0.0449219
0 0.599609 0.495117 0.0175781 0.0429688
0 0.573242 0.393555 0.0214844 0.0429688
0 0.611328 0.466309 0.03125 0.0224609
0 0.613281 0.646973 0.0234375 0.0302734
0 0.639648 0.472656 0.0175781 0.0507812
0 0.646484 0.428711 0.0234375 0.0390625
0 0.5625 0.514648 0.03125 0.0371094
0 0.562012 0.411621 0.0380859 0.0224609
0 0.589844 0.424805 0.0195312 0.0507812
0 0.583984 0.35791 0.015625 0.0673828
0 0.578613 0.435547 0.0205078 0.0371094
0 0.603516 0.40625 0.0332031 0.0351562
0 0.361816 0.518555 0.0439453 0.0410156
0 0.544922 0.391113 0.0332031 0.0224609
0 0.558594 0.372559 0.0332031 0.0205078
0 0.517578 0.339355 0.0214844 0.0615234
0 0.527832 0.412109 0.0166016 0.0507812
0 0.572266 0.474609 0.0253906 0.0390625
0 0.623047 0.48291 0.0253906 0.0458984
0 0.654785 0.480469 0.0205078 0.0507812
0 0.536133 0.35498 0.0175781 0.0556641
0 0.549805 0.5 0.0175781 0.0429688
0 0.625977 0.521973 0.0332031 0.0478516
0 0.61377 0.430664 0.0400391 0.0214844
0 0.558594 0.461914 0.0332031 0.0332031
0 0.573242 0.541992 0.0273438 0.0292969
0 0.521484 0.387695 0.0273438 0.0449219
0 0.524902 0.458984 0.0380859 0.0351562
0 0.519531 0.573242 0.0351562 0.0449219
0 0.591797 0.52832 0.0234375 0.0410156
