0 0.361816 0.628906 0.0693359 0.0273438
0 0.223633 0.606934 0.0664062 0.0361328
0 0.277832 0.668457 0.135742 0.0537109
0 0.207031 0.615234 0.0996094 0.0429688
0 0.259766 0.581055 0.0488281 0.0507812
0 0.283691 0.588867 0.0400391 0.0449219
0 0.366211 0.57959 0.0605469 0.0380859
0 0.352051 0.647461 0.0693359 0.0449219
0 0.320312 0.617188 0.0625 0.0546875
0 0.266113 0.627441 0.0810547 0.0361328
0 0.405273 0.513184 0.09375 0.0380859
0 0.464844 0.556641 0.105469 0.0332031
0 0.237305 0.551758 0.0527344 0.0566406
0 0.177246 0.529297 0.0791016 0.0507812
0 0.311523 0.555176 0.0585938 0.0556641
0 0.477539 0.651855 0.0878906 0.0458984
