0 0.536133 0.732422 0.0273438 0.0429688
0 0.558594 0.665527 0.0234375 0.0244141
0 0.680664 0.45752 0.0332031 0.0224609
0 0.485352 0.703125 0.0214844 0.0507812
0 0.481934 0.765137 0.0341797 0.0537109
0 0.746094 0.433105 0.0195312 0.0224609
0 0.680664 0.482422 0.0292969 0.03125
0 0.643066 0.47168 0.0263672 0.0410156
0 0.488281 0.65332 0.015625 0.0527344
0 0.480469 0.602539 0.0351562 0.0527344
0 0.434082 0.552246 0.0185547 0.0419922
0 0.729492 0.599609 0.0292969 0.0507812
0 0.446289 0.582031 0.0195312 0.0585938
0 0.555664 0.63916 0.0390625 0.0263672
0 0.595703 0.530273 0.0195312 0.0566406
0 0.552246 0.598633 0.0224609 0.0566406
0 0.487305 0.825195 0.0214844 0.0410156
0 0.659668 0.580078 0.0341797 0.03125
0 0.469727 0.826172 0.0175781 0.0585938
0 0.652832 0.560547 0.0400391 0.0292969
0 0.470215 0.606445 0.0205078 0.0449219
0 0.507324 0.713867 0.0166016 0.0488281
0 0.375488 0.659668 0.0263672 0.0595703
0 0.586914 0.65625 0.0332031 0.0351562
0 0.58252 0.68457 0.0263672 0.0527344
0 0.463379 0.711914 0.0361328 0.0292969
0 0.425293 0.631836 0.0146484 0.0449219
0 0.621094 0.454102 0.0429688 0.0410156
0 0.643555 0.63916 0.0449219 0.0341797
0 0.62793 0.669922 0.0292969 0.0703125
0 0.356445 0.535156 0.0410156 0.0742188
0 0.246094 0.526367 0.0273438 0.0683594
0 0.573242 0.713867 0.0390625 0.0214844
0 0.833008 0.441895 0.0253906 0.0341797
0 0.568359 0.731445 0.0390625 0.0253906
0 0.501953 0.740723 0.0214844 0.0419922
0 0.450195 0.771484 0.0351562 0.0546875
0 0.508789 0.786621 0.0253906 0.0478516
0 0.461914 0.666016 0.0371094 0.0253906
0 0.409668 0.665039 0.0263672 0.0507812
0 0.61084 0.585938 0.0380859 0.0351562
0 0.569824 0.454102 0.0322266 0.0527344
0 0.692383 0.563965 0.0371094 0.0439453
