0 0.464844 0.45752 0.0214844 0.0341797
0 0.3125 0.561523 0.015625 0.0449219
0 0.466797 0.532715 0.0292969 0.0244141
0 0.374023 0.537598 0.0371094 0.0322266
0 0.456055 0.56543 0.0351562 0.0214844
0 0.440918 0.470703 0.0283203 0.0332031
0 0.375977 0.421875 0.0175781 0.0507812
0 0.319824 0.344727 0.0146484 0.0332031
0 0.472656 0.308594 0.046875 0.0273438
0 0.439941 0.425781 0.0126953 0.0527344
0 0.432617 0.313477 0.0253906 0.0273438
0 0.496094 0.655273 0.0292969 0.0214844
0 0.529297 0.615723 0.0195312 0.0380859
0 0.457031 0.487305 0.0195312 0.0488281
0 0.490234 0.553711 0.0195312 0.0390625
0 0.286133 0.305176 0.0175781 0.0302734
0 0.530762 0.364746 0.0205078 0.0361328
0 0.246582 0.347168 0.0244141 0.0224609
0 0.34375 0.52832 0.0234375 0.0449219
0 0.442871 0.533691 0.0205078 0.0380859
0 0.418457 0.601562 0.0302734 0.015625
0 0.328125 0.538086 0.0292969 0.0332031
0 0.461914 0.423828 0.0234375 0.0351562
0 0.464355 0.301758 0.0361328 0.0234375
0 0.413574 0.558105 0.0224609 0.0341797
0 0.493164 0.501953 0.0234375 0.0429688
0 0.629883 0.540039 0.0214844 0.0214844
0 0.331055 0.560059 0.0292969 0.0380859
0 0.419922 0.461426 0.0234375 0.0419922
0 0.243652 0.324707 0.0263672 0.0263672
0 0.482422 0.517578 0.0234375 0.03125
0 0.546875 0.361328 0.0273438 0.0351562
0 0.517578 0.558594 0.0195312 0.0429688
0 0.394531 0.43457 0.0195312 0.0527344
0 0.473145 0.602539 0.0263672 0.0214844
0 0.547852 0.587891 0.0175781 0.0566406
0 0.224121 0.343262 0.0205078 0.0361328
0 0.372559 0.336914 0.0380859 0.0195312
0 0.415527 0.540527 0.0224609 0.0380859
0 0.433105 0.344727 0.0146484 0.0449219
0 0.476562 0.478516 0.015625 0.0429688
0 0.53125 0.552734 0.0175781 0.0429688
0 0.268555 0.327637 0.0332031 0.0302734
0 0.379883 0.479492 0.0136719 0.0449219
0 0.357422 0.570312 0.0273438 0.0390625
0 0.439453 0.71582 0.0136719 0.0410156
0 0.386719 0.566406 0.03125 0.0234375
0 0.481445 0.644531 0.0292969 0.0195312
0 0.45752 0.401367 0.0205078 0.046875
0 0.516602 0.655762 0.03125 0.0341797
0 0.413086 0.351562 0.0371094 0.046875
0 0.519043 0.524902 0.0302734 0.0224609
0 0.514648 0.597656 0.0292969 0.0234375
0 0.486328 0.584473 0.0273438 0.0341797
0 0.516602 0.338867 0.0371094 0.0175781
0 0.411133 0.479492 0.0292969 0.0371094
0 0.304199 0.534668 0.0302734 0.0361328
0 0.473633 0.32959 0.0371094 0.0146484
0 0.55957 0.564453 0.0214844 0.0390625
0 0.509766 0.317383 0.0390625 0.0214844
0 0.427734 0.509766 0.0351562 0.0175781
0 0.456543 0.723633 0.0244141 0.046875
0 0.501953 0.26709 0.0195312 0.0458984
0 0.586914 0.650391 0.0351562 0.0273438
