0 0.686523 0.992188 0.0449219 0.015625
0 0.665039 0.473633 0.015625 0.0371094
0 0.625 0.554688 0.0703125 0.0234375
0 0.468262 0.493652 0.0673828 0.0302734
0 0.277832 0.618652 0.0654297 0.0244141
0 0.671875 0.447266 0.0742188 0.0234375
0 0.540039 0.530273 0.0664062 0.0390625
0 0.539551 0.416992 0.0322266 0.0683594
0 0.395508 0.411621 0.0761719 0.0517578
0 0.487793 0.378906 0.0712891 0.0351562
0 0.637207 0.396484 0.0693359 0.0488281
0 0.588867 0.525879 0.0488281 0.0498047
0 0.712402 0.549805 0.0791016 0.0527344
