0 0.989258 0.489746 0.0214844 0.0361328
0 0.936035 0.883789 0.0634766 0.0527344
0 0.988281 0.466797 0.0234375 0.0351562
0 0.415039 0.579102 0.0800781 0.0488281
0 0.918457 0.929199 0.0537109 0.0771484
0 0.936035 0.526855 0.0517578 0.0498047
0 0.574707 0.806641 0.0810547 0.0703125
0 0.678711 0.985352 0.0859375 0.0292969
0 0.96582 0.471191 0.0390625 0.0517578
0 0.854492 0.6875 0.0605469 0.0488281
0 0.989258 0.849121 0.0214844 0.102539
0 0.896484 0.431641 0.0234375 0.0703125
0 0.95166 0.93457 0.0458984 0.0957031
0 0.662109 0.642578 0.0742188 0.0390625
0 0.716797 0.945801 0.0507812 0.0771484
0 0.708008 0.323242 0.0292969 0.0761719
0 0.364746 0.59082 0.0595703 0.0722656
0 0.706543 0.119141 0.0380859 0.078125
0 0.974609 0.513672 0.0488281 0.0585938
0 0.555176 0.849609 0.0673828 0.0429688
0 0.818359 0.519531 0.0585938 0.0546875
0 0.673828 0.225098 0.0273438 0.0849609
0 0.70752 0.219238 0.0302734 0.0849609
0 0.751953 0.413086 0.03125 0.103516
0 0.766602 0.17041 0.0410156 0.0849609
0 0.519531 0.831055 0.046875 0.0683594
0 0.5 0.614746 0.0585938 0.0380859
0 0.722656 0.158691 0.0390625 0.0732422
0 0.330566 0.599121 0.0673828 0.0283203
0 0.691406 0.89209 0.0742188 0.0537109
0 0.501465 0.585938 0.0615234 0.0390625
0 0.871094 0.907227 0.0703125 0.0957031
0 0.689453 0.0239258 0.0664062 0.0478516
0 0.666992 0.0878906 0.0410156 0.0800781
0 0.679199 0.164551 0.0361328 0.0732422
