0 0.21875 0.235352 0.0078125 0.0136719
0 0.552734 0.543945 0.03125 0.0214844
0 0.625 0.530762 0.0273438 0.0205078
0 0.347168 0.370117 0.0283203 0.0136719
0 0.552734 0.53418 0.03125 0.0195312
0 0.623047 0.562012 0.0234375 0.0341797
0 0.70752 0.558594 0.0458984 0.0273438
0 0.549316 0.561523 0.0302734 0.0214844
0 0.26709 0.550293 0.0302734 0.0205078
0 0.375 0.51123 0.0195312 0.0361328
0 0.519531 0.515625 0.015625 0.0449219
0 0.475098 0.585449 0.0126953 0.0419922
0 0.418945 0.556152 0.015625 0.0419922
0 0.260254 0.460938 0.0185547 0.03125
0 0.337891 0.578613 0.015625 0.0419922
0 0.566406 0.517578 0.0234375 0.03125
0 0.390625 0.597656 0.0292969 0.03125
