0 0.477539 0.734375 0.0214844 0.0429688
0 0.407227 0.458008 0.0878906 0.0488281
0 0.362793 0.396973 0.0732422 0.0341797
0 0.474609 0.704102 0.0390625 0.0507812
0 0.477051 0.394531 0.0283203 0.046875
0 0.446777 0.413574 0.0283203 0.0380859
0 0.480957 0.56543 0.0380859 0.0332031
0 0.844727 0.551758 0.0371094 0.0410156
0 0.480957 0.547852 0.0400391 0.0371094
0 0.433105 0.513672 0.0302734 0.0429688
0 0.441406 0.566406 0.0292969 0.0351562
0 0.393066 0.410156 0.0595703 0.0234375
0 0.560547 0.405762 0.046875 0.0283203
0 0.384277 0.826172 0.0478516 0.0371094
0 0.505859 0.552734 0.03125 0.0390625
0 0.435059 0.538086 0.0576172 0.0214844
0 0.489258 0.415039 0.0371094 0.0449219
0 0.520996 0.303223 0.0419922 0.0458984
0 0.383301 0.584961 0.0517578 0.0449219
0 0.368164 0.490723 0.0488281 0.0380859
