0 0.35791 0.802734 0.0537109 0.0410156
0 0.491211 0.576172 0.0332031 0.0292969
0 0.604004 0.843262 0.0302734 0.0322266
0 0.480469 0.719727 0.0234375 0.0410156
0 0.48877 0.656738 0.0244141 0.0263672
0 0.518555 0.239746 0.0136719 0.0517578
0 0.48584 0.780762 0.0302734 0.0556641
0 0.694336 0.348633 0.0332031 0.0214844
0 0.339844 0.696777 0.0273438 0.0537109
0 0.424805 0.762695 0.0175781 0.0605469
0 0.547363 0.607422 0.0322266 0.046875
0 0.482422 0.751465 0.03125 0.0283203
0 0.432617 0.556641 0.0332031 0.0488281
