0 0.208496 0.531738 0.0634766 0.0576172
0 0.608398 0.511719 0.0332031 0.0664062
0 0.158691 0.61084 0.0498047 0.0908203
0 0.52832 0.776367 0.0292969 0.0878906
0 0.700195 0.354492 0.0605469 0.0371094
0 0.424316 0.37207 0.0498047 0.0527344
0 0.326172 0.454102 0.0507812 0.0566406
0 0.330078 0.704102 0.0546875 0.0605469
0 0.250488 0.737305 0.0361328 0.0800781
0 0.721191 0.72168 0.0654297 0.0449219
0 0.585938 0.671875 0.0625 0.0390625
0 0.461914 0.75 0.0449219 0.0664062
0 0.323242 0.757812 0.03125 0.0742188
0 0.282227 0.629883 0.0371094 0.0761719
0 0.743652 0.490234 0.0517578 0.0742188
0 0.464844 0.418945 0.046875 0.0683594
0 0.349609 0.410645 0.0546875 0.0576172
0 0.533691 0.572754 0.0380859 0.0712891
0 0.542969 0.518555 0.0390625 0.0703125
0 0.430664 0.769531 0.0371094 0.0859375
0 0.460938 0.674805 0.0585938 0.0566406
0 0.451172 0.603027 0.0527344 0.0556641
0 0.637695 0.398926 0.0566406 0.0751953
0 0.568359 0.446289 0.0585938 0.0644531
0 0.325684 0.820312 0.0673828 0.0585938
0 0.37793 0.59668 0.0390625 0.0761719
0 0.55957 0.741211 0.0488281 0.0722656
0 0.221191 0.416992 0.0595703 0.0625
0 0.196777 0.445801 0.0556641 0.0595703
