0 0.645996 0.193359 0.0341797 0.0371094
0 0.358398 0.188477 0.0214844 0.0605469
0 0.5 0.337891 0.03125 0.0195312
0 0.433594 0.350098 0.03125 0.0537109
0 0.539062 0.142578 0.0234375 0.0664062
0 0.65918 0.249512 0.0253906 0.0615234
0 0.606445 0.745605 0.0253906 0.0927734
0 0.240234 0.59082 0.0390625 0.0390625
0 0.46582 0.140137 0.046875 0.0263672
0 0.628906 0.183105 0.0195312 0.0517578
0 0.663086 0.359375 0.0175781 0.0722656
0 0.351562 0.662109 0.0527344 0.0292969
0 0.403809 0.136719 0.0380859 0.0214844
0 0.411133 0.826172 0.0273438 0.0527344
0 0.648438 0.240723 0.0390625 0.0615234
0 0.415527 0.793945 0.0341797 0.0644531
0 0.518555 0.740234 0.0605469 0.0234375
0 0.37207 0.210938 0.0214844 0.0703125
0 0.408691 0.708008 0.0361328 0.0449219
0 0.606445 0.492676 0.0253906 0.0693359
0 0.352539 0.415039 0.0449219 0.0371094
0 0.375488 0.454102 0.0498047 0.0351562
0 0.455566 0.163086 0.0341797 0.0488281
0 0.501465 0.530762 0.0498047 0.0400391
0 0.583984 0.437012 0.0234375 0.0498047
0 0.349121 0.683594 0.0556641 0.0390625
0 0.424316 0.18457 0.0400391 0.0722656
0 0.285156 0.706055 0.0507812 0.0605469
0 0.470703 0.411133 0.03125 0.0390625
0 0.186035 0.317383 0.0458984 0.0253906
0 0.498047 0.133301 0.0175781 0.0478516
0 0.512695 0.276367 0.0527344 0.0253906
0 0.439941 0.219238 0.0439453 0.0380859
0 0.626953 0.556152 0.0390625 0.0517578
0 0.252441 0.560547 0.0537109 0.0429688
0 0.530273 0.798828 0.0488281 0.0546875
0 0.586914 0.492188 0.0332031 0.0820312
0 0.251953 0.461914 0.0527344 0.0527344
0 0.467285 0.348633 0.0224609 0.0605469
0 0.504883 0.613281 0.0214844 0.0664062
0 0.442383 0.493164 0.0410156 0.0566406
0 0.479492 0.538086 0.0527344 0.0566406
0 0.816406 0.539062 0.0390625 0.0742188
0 0.191406 0.414062 0.0351562 0.0488281
0 0.202637 0.341797 0.0595703 0.0390625
0 0.279297 0.307129 0.0546875 0.0244141
0 0.350098 0.55127 0.0400391 0.0751953
0 0.154297 0.648926 0.0429688 0.0634766
0 0.306152 0.54834 0.0615234 0.0341797
0 0.364258 0.530273 0.0371094 0.0722656
0 0.173828 0.409668 0.0507812 0.0400391
0 0.454102 0.199219 0.0546875 0.0253906
0 0.641602 0.652344 0.0253906 0.0742188
0 0.432617 0.823242 0.0234375 0.0839844
0 0.432129 0.478516 0.0400391 0.0507812
0 0.610352 0.200684 0.0175781 0.0498047
0 0.378418 0.78125 0.0615234 0.0273438
0 0.663574 0.588867 0.0380859 0.0722656
0 0.361328 0.605957 0.0703125 0.0341797
0 0.451172 0.287109 0.0175781 0.0664062
0 0.532715 0.362305 0.0205078 0.0664062
0 0.803223 0.494629 0.0244141 0.0693359
0 0.578125 0.324219 0.0273438 0.0625
0 0.297852 0.401367 0.0332031 0.0546875
0 0.326172 0.416504 0.0273438 0.0712891
0 0.338867 0.176758 0.0214844 0.0703125
0 0.568848 0.160645 0.0380859 0.0595703
0 0.501953 0.65625 0.0546875 0.03125
0 0.256348 0.540039 0.0517578 0.0449219
0 0.24707 0.830078 0.0507812 0.0546875
0 0.566406 0.75293 0.0507812 0.0253906
0 0.26416 0.28125 0.0439453 0.03125
0 0.432617 0.125488 0.0214844 0.0576172
0 0.497559 0.425293 0.0263672 0.0634766
0 0.34668 0.388672 0.0429688 0.0488281
0 0.549805 0.187012 0.0527344 0.0302734
0 0.557617 0.360352 0.0332031 0.0605469
0 0.527344 0.702637 0.0273438 0.0712891
0 0.510254 0.388672 0.0302734 0.0644531
0 0.527344 0.301758 0.0566406 0.0429688
0 0.404297 0.731445 0.0546875 0.0371094
0 0.338379 0.275391 0.0224609 0.0664062
0 0.170898 0.619629 0.0332031 0.0673828
0 0.212402 0.742676 0.0537109 0.0419922
0 0.310547 0.611816 0.0273438 0.0751953
0 0.519531 0.121094 0.0273438 0.0605469
0 0.442871 0.693848 0.0556641 0.0263672
0 0.500977 0.761719 0.0488281 0.0273438
0 0.607422 0.308105 0.0234375 0.0771484
0 0.543945 0.499512 0.0566406 0.0498047
0 0.281738 0.790039 0.0595703 0.0371094
0 0.165039 0.356934 0.0585938 0.0244141
0 0.772461 0.774902 0.0488281 0.0478516
0 0.616211 0.59082 0.0566406 0.0566406
0 0.217773 0.27832 0.0449219 0.0527344
0 0.433105 0.31543 0.0439453 0.0488281
0 0.559082 0.237305 0.0224609 0.0644531
0 0.644531 0.540527 0.0546875 0.0322266
0 0.540527 0.246094 0.0263672 0.0644531
0 0.226074 0.669922 0.0615234 0.0292969
0 0.442383 0.574219 0.0527344 0.0585938
0 0.399414 0.289551 0.03125 0.0439453
0 0.617676 0.663086 0.0302734 0.0683594
0 0.699219 0.804688 0.0429688 0.0546875
0 0.291992 0.350586 0.0292969 0.0644531
0 0.200684 0.692871 0.0576172 0.0341797
0 0.541504 0.585938 0.0283203 0.078125
0 0.616699 0.237305 0.0537109 0.0527344
0 0.702637 0.127441 0.0341797 0.0537109
0 0.612793 0.816406 0.0537109 0.0253906
0 0.626953 0.742188 0.0273438 0.0820312
0 0.758789 0.741211 0.0664062 0.0332031
0 0.557129 0.433594 0.0458984 0.0507812
0 0.35791 0.635742 0.0478516 0.0488281
0 0.627441 0.369141 0.0400391 0.0703125
0 0.309082 0.242676 0.0419922 0.0380859
0 0.561523 0.693848 0.0488281 0.0341797
0 0.432129 0.665039 0.0576172 0.046875
0 0.367676 0.701172 0.0595703 0.0429688
0 0.374512 0.398438 0.0302734 0.0605469
0 0.371582 0.737793 0.0595703 0.0283203
0 0.677246 0.793945 0.0478516 0.046875
0 0.269043 0.518066 0.0498047 0.0361328
0 0.564453 0.724609 0.0546875 0.0332031
0 0.714844 0.322266 0.0273438 0.0703125
0 0.165039 0.72168 0.0488281 0.0488281
0 0.306641 0.201172 0.0273438 0.0585938
0 0.170898 0.492188 0.0292969 0.0703125
0 0.59082 0.144531 0.0449219 0.0351562
0 0.202148 0.601562 0.0429688 0.0585938
0 0.678711 0.313477 0.0292969 0.0605469
0 0.199219 0.460938 0.0429688 0.0507812
0 0.738281 0.38916 0.0507812 0.0537109
0 0.264648 0.756348 0.0605469 0.0302734
0 0.479492 0.448242 0.0488281 0.0488281
0 0.777344 0.510742 0.0507812 0.0449219
0 0.231445 0.416992 0.0527344 0.0371094
0 0.133789 0.505371 0.0507812 0.0439453
0 0.737305 0.845703 0.0566406 0.0507812
0 0.696289 0.378906 0.0488281 0.0429688
0 0.688477 0.208496 0.0449219 0.0400391
0 0.756836 0.579102 0.0371094 0.0644531
0 0.701172 0.651367 0.0507812 0.0488281
0 0.380371 0.144531 0.0498047 0.03125
0 0.743652 0.686523 0.0478516 0.0605469
