0 0.487793 0.367676 0.0361328 0.0478516
0 0.517578 0.62793 0.0410156 0.115234
0 0.484863 0.566406 0.0302734 0.0546875
0 0.401855 0.429688 0.0341797 0.0742188
0 0.595215 0.361328 0.0498047 0.0566406
0 0.382812 0.44873 0.0273438 0.0751953
0 0.512207 0.388184 0.0576172 0.0419922
0 0.5 0.415527 0.0585938 0.0283203
0 0.464844 0.332031 0.0585938 0.0410156
0 0.54541 0.608398 0.0439453 0.0371094
0 0.619629 0.567871 0.0419922 0.0517578
0 0.462891 0.430664 0.0410156 0.0488281
0 0.437988 0.506348 0.0302734 0.0966797
0 0.526855 0.359375 0.0732422 0.0507812
0 0.578125 0.319824 0.046875 0.0595703
0 0.527344 0.662598 0.0351562 0.102539
0 0.451172 0.450195 0.0429688 0.0449219
0 0.623535 0.353027 0.0322266 0.0732422
0 0.397461 0.388184 0.0625 0.0576172
0 0.649414 0.354492 0.0371094 0.0546875
0 0.479492 0.274414 0.0253906 0.0761719
0 0.561523 0.495605 0.0253906 0.0732422
0 0.424805 0.40918 0.0449219 0.0839844
0 0.663086 0.525391 0.0253906 0.0722656
0 0.643555 0.605469 0.0488281 0.078125
0 0.643066 0.410156 0.0654297 0.0644531
0 0.671875 0.587402 0.0507812 0.0595703
0 0.564453 0.414551 0.0273438 0.0693359
0 0.458984 0.379395 0.0371094 0.0693359
0 0.549805 0.5625 0.0449219 0.078125
0 0.469727 0.642578 0.0429688 0.0898438
0 0.506836 0.484863 0.0566406 0.0458984
0 0.681641 0.350586 0.0351562 0.0722656
0 0.609375 0.303711 0.0390625 0.0546875
0 0.408691 0.520508 0.0498047 0.0722656
0 0.508789 0.610352 0.0332031 0.0800781
0 0.600586 0.482422 0.0546875 0.0585938
0 0.536133 0.506836 0.0292969 0.078125
0 0.584961 0.620117 0.0644531 0.0742188
0 0.533203 0.449219 0.0546875 0.0390625
0 0.436035 0.613281 0.0283203 0.0820312
0 0.588867 0.708008 0.0253906 0.0761719
0 0.489258 0.455078 0.0449219 0.0742188
0 0.589355 0.433594 0.0400391 0.0546875
0 0.331055 0.414551 0.0644531 0.0283203
0 0.347168 0.45752 0.0263672 0.0693359
0 0.620117 0.463379 0.0488281 0.0615234
0 0.40332 0.344238 0.0644531 0.0419922
0 0.600586 0.522461 0.0605469 0.0664062
0 0.431641 0.295898 0.03125 0.0800781
0 0.644531 0.507812 0.046875 0.0546875
0 0.458008 0.544922 0.0332031 0.0761719
0 0.587891 0.651367 0.0625 0.0605469
0 0.572266 0.759766 0.0390625 0.0761719
0 0.67627 0.663574 0.0302734 0.0810547
0 0.581055 0.569336 0.03125 0.0839844
0 0.366211 0.373535 0.0605469 0.0517578
0 0.681641 0.417969 0.0507812 0.0546875
