0 0.189453 0.726074 0.0371094 0.0439453
0 0.70752 0.556641 0.0419922 0.0234375
0 0.528809 0.467773 0.0615234 0.0332031
0 0.341797 0.764648 0.0566406 0.0332031
0 0.40625 0.369141 0.0351562 0.046875
0 0.296875 0.442383 0.0371094 0.0507812
0 0.719238 0.74707 0.0400391 0.0527344
0 0.40918 0.202637 0.0410156 0.0498047
0 0.729492 0.504883 0.0332031 0.0527344
0 0.187012 0.503906 0.0380859 0.0390625
0 0.114746 0.185059 0.0400391 0.0498047
0 0.411621 0.682129 0.0634766 0.0302734
0 0.302734 0.285156 0.0351562 0.0507812
0 0.597656 0.868164 0.0390625 0.0527344
0 0.118164 0.26123 0.0449219 0.0400391
0 0.547363 0.648438 0.0458984 0.0546875
0 0.424316 0.589844 0.0595703 0.0390625
0 0.611328 0.676758 0.046875 0.0371094
0 0.77832 0.573242 0.0527344 0.0332031
0 0.159668 0.695312 0.0556641 0.0351562
0 0.55957 0.293945 0.0527344 0.0507812
