0 0.520996 0.447754 0.0849609 0.0302734
0 0.30957 0.326172 0.0800781 0.0273438
0 0.403809 0.516602 0.0654297 0.0449219
0 0.36377 0.355957 0.0849609 0.0361328
0 0.456543 0.501465 0.0830078 0.0380859
0 0.543945 0.738281 0.101562 0.0273438
0 0.371094 0.597656 0.0820312 0.0410156
0 0.40625 0.495117 0.0722656 0.0449219
0 0.55957 0.438477 0.0488281 0.0527344
0 0.22168 0.276855 0.0449219 0.0595703
0 0.62207 0.702148 0.0761719 0.0488281
0 0.311523 0.489258 0.0507812 0.0605469
0 0.286621 0.304688 0.0595703 0.0410156
0 0.458984 0.418945 0.0625 0.0605469
0 0.32373 0.447754 0.0673828 0.0693359
0 0.545898 0.402344 0.0761719 0.0410156
0 0.233887 0.226562 0.100586 0.0507812
0 0.746582 0.585938 0.0810547 0.0703125
0 0.266602 0.445801 0.0585938 0.0498047
0 0.591309 0.663574 0.0556641 0.0595703
0 0.34082 0.308105 0.0703125 0.0517578
0 0.604492 0.628418 0.0566406 0.0517578
