0 0.55127 0.742188 0.0380859 0.03125
0 0.436523 0.818848 0.0253906 0.0263672
0 0.511719 0.708496 0.03125 0.0146484
0 0.455078 0.74707 0.0390625 0.0214844
0 0.678711 0.65918 0.0214844 0.0449219
0 0.555664 0.726074 0.0332031 0.0361328
0 0.537598 0.705078 0.0224609 0.0351562
0 0.435547 0.719727 0.0410156 0.0292969
0 0.53418 0.629395 0.0214844 0.0458984
0 0.479492 0.791504 0.0214844 0.0322266
0 0.544434 0.628906 0.0205078 0.046875
0 0.494141 0.771973 0.0234375 0.0498047
0 0.456055 0.842773 0.0371094 0.0332031
0 0.480957 0.817383 0.0244141 0.0371094
0 0.517578 0.739258 0.0234375 0.0449219
0 0.472168 0.709473 0.0244141 0.0478516
0 0.5625 0.732422 0.03125 0.0273438
0 0.570312 0.887207 0.0351562 0.0302734
0 0.437012 0.731934 0.0380859 0.0205078
0 0.455078 0.824219 0.03125 0.0351562
0 0.544434 0.914062 0.0205078 0.0546875
0 0.548828 0.716797 0.03125 0.0390625
0 0.586914 0.744141 0.0234375 0.0410156
0 0.577637 0.928223 0.0322266 0.0322266
0 0.474609 0.763184 0.0175781 0.0498047
0 0.584961 0.71582 0.0371094 0.0214844
0 0.498047 0.829102 0.03125 0.0253906
0 0.504883 0.698242 0.0410156 0.0214844
0 0.45752 0.679688 0.0322266 0.03125
0 0.520508 0.62793 0.0253906 0.046875
0 0.544922 0.750488 0.0351562 0.0322266
0 0.398926 0.73291 0.0361328 0.0302734
0 0.518066 0.660156 0.0361328 0.0214844
0 0.450195 0.795898 0.0371094 0.0234375
0 0.586914 0.686523 0.0410156 0.0332031
0 0.419434 0.790039 0.0224609 0.0371094
0 0.521484 0.776367 0.0351562 0.0292969
0 0.60791 0.724121 0.0205078 0.0556641
0 0.472168 0.644043 0.0439453 0.0244141
