0 0.555664 0.410645 0.0214844 0.0419922
0 0.490234 0.524414 0.0195312 0.0234375
0 0.555664 0.425293 0.015625 0.0361328
0 0.623047 0.587891 0.0175781 0.0390625
0 0.539551 0.501465 0.0283203 0.0517578
0 0.561523 0.505371 0.0292969 0.0185547
0 0.565918 0.588867 0.0341797 0.0253906
0 0.564453 0.620117 0.0351562 0.0214844
0 0.589844 0.611816 0.0175781 0.0458984
0 0.601074 0.51709 0.0400391 0.0341797
0 0.404297 0.545898 0.0273438 0.0371094
0 0.530273 0.398926 0.0136719 0.0439453
0 0.526367 0.481445 0.0253906 0.0332031
0 0.464844 0.651367 0.0195312 0.0449219
0 0.57373 0.552734 0.0224609 0.0351562
0 0.438965 0.518066 0.0185547 0.0419922
0 0.651367 0.538086 0.0371094 0.0214844
0 0.429199 0.611816 0.0283203 0.0537109
0 0.492676 0.486328 0.0224609 0.046875
0 0.541504 0.722168 0.0302734 0.0341797
