0 0.635742 0.435059 0.0117188 0.0361328
0 0.688477 0.46875 0.0175781 0.0273438
0 0.677734 0.45752 0.0195312 0.0341797
0 0.55957 0.621094 0.0253906 0.0351562
0 0.480469 0.532227 0.0253906 0.0234375
0 0.668457 0.486328 0.0205078 0.0273438
0 0.524902 0.456543 0.0341797 0.0302734
0 0.669922 0.525391 0.0351562 0.0234375
0 0.652344 0.472168 0.0195312 0.0302734
0 0.651367 0.567383 0.0332031 0.0214844
0 0.525391 0.512695 0.015625 0.0527344
0 0.561523 0.442871 0.0175781 0.0322266
0 0.516602 0.462891 0.0332031 0.0351562
0 0.646484 0.438477 0.0117188 0.0292969
0 0.573242 0.567383 0.0371094 0.0214844
0 0.561523 0.463379 0.0195312 0.0244141
0 0.597656 0.439941 0.0234375 0.0224609
0 0.568848 0.64209 0.0205078 0.0380859
0 0.44873 0.480957 0.0224609 0.0283203
0 0.701172 0.469727 0.015625 0.0292969
0 0.44873 0.52832 0.0283203 0.0175781
0 0.589844 0.529297 0.0117188 0.03125
0 0.558105 0.53418 0.0224609 0.0371094
0 0.643555 0.394531 0.0175781 0.0429688
0 0.573242 0.652344 0.0214844 0.0429688
0 0.666504 0.457031 0.0205078 0.0429688
0 0.610352 0.449707 0.0136719 0.0380859
0 0.537109 0.511719 0.015625 0.0507812
0 0.657227 0.499023 0.0214844 0.0332031
0 0.546875 0.472168 0.0195312 0.0341797
0 0.694824 0.420898 0.0263672 0.0292969
0 0.378418 0.462891 0.0244141 0.0429688
0 0.57373 0.46582 0.0224609 0.0292969
0 0.594727 0.631836 0.03125 0.0371094
0 0.584961 0.430664 0.0253906 0.0175781
0 0.654785 0.524414 0.0341797 0.0195312
0 0.617188 0.571289 0.03125 0.015625
0 0.575195 0.544922 0.03125 0.0273438
0 0.521484 0.442871 0.0351562 0.0244141
0 0.643066 0.498047 0.0126953 0.0351562
0 0.509277 0.650879 0.0185547 0.0419922
0 0.566895 0.420898 0.0166016 0.0410156
0 0.638672 0.525391 0.0234375 0.03125
0 0.591797 0.412598 0.03125 0.0244141
0 0.513672 0.537109 0.0332031 0.03125
0 0.38916 0.429688 0.0283203 0.0273438
0 0.599609 0.545898 0.015625 0.0449219
0 0.654297 0.57373 0.0351562 0.0185547
0 0.64209 0.54834 0.0380859 0.0166016
0 0.345703 0.463867 0.0273438 0.0351562
0 0.607422 0.475586 0.03125 0.0195312
0 0.491211 0.481934 0.0253906 0.0302734
0 0.313477 0.429199 0.0234375 0.0458984
0 0.392578 0.451172 0.0292969 0.0234375
0 0.580078 0.506348 0.0273438 0.0263672
0 0.337891 0.402344 0.0195312 0.0546875
0 0.468262 0.519043 0.0283203 0.0244141
0 0.64209 0.40918 0.0205078 0.0371094
0 0.545898 0.423828 0.0292969 0.015625
0 0.688965 0.43457 0.0263672 0.0214844
0 0.646484 0.560059 0.0351562 0.0166016
0 0.631836 0.46582 0.0214844 0.0292969
0 0.465332 0.443359 0.0146484 0.0449219
0 0.522461 0.573242 0.0292969 0.0371094
0 0.328125 0.470215 0.0371094 0.0224609
0 0.693848 0.519531 0.0185547 0.046875
0 0.526367 0.629883 0.0175781 0.0507812
0 0.465332 0.485352 0.0283203 0.0214844
0 0.619141 0.530273 0.0136719 0.0410156
0 0.536133 0.365234 0.0390625 0.0390625
0 0.626953 0.499512 0.0253906 0.0263672
0 0.598633 0.61084 0.0332031 0.0263672
0 0.488281 0.466797 0.0234375 0.0332031
0 0.63623 0.591797 0.0302734 0.03125
0 0.704102 0.445801 0.0273438 0.0224609
0 0.351562 0.44043 0.0332031 0.0214844
0 0.35791 0.419922 0.0263672 0.0195312
0 0.399414 0.479004 0.0253906 0.0400391
0 0.60791 0.41748 0.0302734 0.0205078
0 0.551758 0.602051 0.0371094 0.0224609
0 0.467285 0.540039 0.0322266 0.0175781
0 0.334961 0.586914 0.0214844 0.0410156
0 0.531738 0.471191 0.0302734 0.0283203
0 0.329102 0.442871 0.0253906 0.0361328
0 0.435547 0.499023 0.0214844 0.0410156
0 0.491699 0.430176 0.0341797 0.0361328
0 0.500977 0.51123 0.0292969 0.0283203
0 0.32959 0.498535 0.0205078 0.0361328
0 0.293457 0.429199 0.0185547 0.0517578
0 0.59082 0.45166 0.0273438 0.0302734
0 0.557617 0.491211 0.0332031 0.0214844
0 0.460449 0.651367 0.0400391 0.0253906
0 0.605469 0.591309 0.03125 0.0283203
0 0.462891 0.501953 0.0390625 0.0234375
0 0.279785 0.439453 0.0126953 0.0390625
0 0.474609 0.45752 0.015625 0.0380859
0 0.544434 0.583008 0.0380859 0.0214844
0 0.469238 0.62793 0.0283203 0.0292969
0 0.416016 0.480469 0.0234375 0.0449219
0 0.40918 0.422852 0.0195312 0.0410156
0 0.68457 0.489258 0.0351562 0.0253906
0 0.49707 0.554688 0.0292969 0.0273438
0 0.507324 0.276367 0.0244141 0.0371094
0 0.541016 0.553711 0.0234375 0.0390625
0 0.549805 0.713379 0.0175781 0.0478516
0 0.431152 0.462402 0.0263672 0.0361328
0 0.452148 0.458008 0.0292969 0.0371094
0 0.433105 0.629395 0.0341797 0.0205078
0 0.728516 0.411133 0.0195312 0.0371094
0 0.255371 0.477051 0.0224609 0.0439453
0 0.379883 0.416504 0.0292969 0.0361328
