0 0.356445 0.665039 0.0332031 0.0371094
0 0.467285 0.40332 0.0498047 0.0214844
0 0.512695 0.625977 0.0488281 0.0371094
0 0.625977 0.421387 0.0507812 0.0380859
0 0.185547 0.655273 0.0585938 0.0234375
0 0.333008 0.675293 0.0292969 0.0458984
0 0.625488 0.463867 0.0634766 0.03125
0 0.481445 0.425293 0.0410156 0.0263672
0 0.513672 0.415039 0.0507812 0.0234375
0 0.38916 0.654297 0.0419922 0.03125
0 0.0527344 0.696289 0.0605469 0.0371094
0 0.483887 0.573242 0.0439453 0.0371094
0 0.519531 0.666016 0.0390625 0.0390625
0 0.495117 0.665527 0.0449219 0.0322266
0 0.419434 0.377441 0.0361328 0.0498047
0 0.574219 0.389648 0.0429688 0.0371094
0 0.354004 0.533691 0.0634766 0.0302734
0 0.599121 0.413574 0.0380859 0.0361328
0 0.444824 0.399414 0.0439453 0.0292969
0 0.433105 0.438965 0.0400391 0.0419922
0 0.322754 0.437988 0.0537109 0.0302734
0 0.679688 0.626465 0.0429688 0.0419922
0 0.332031 0.509277 0.0507812 0.0322266
