0 0.610352 0.482422 0.0898438 0.0742188
0 0.657227 0.199219 0.111328 0.0703125
0 0.445312 0.197754 0.078125 0.0830078
0 0.45166 0.862305 0.0986328 0.0996094
0 0.598633 0.973633 0.09375 0.0527344
0 0.949219 0.243164 0.0898438 0.078125
0 0.258301 0.568848 0.0771484 0.0771484
0 0.768066 0.31543 0.112305 0.0839844
0 0.758301 0.859375 0.118164 0.078125
0 0.0991211 0.676758 0.12207 0.0878906
0 0.272461 0.886719 0.0839844 0.0625
0 0.44043 0.40918 0.111328 0.0488281
0 0.898926 0.583984 0.102539 0.0683594
