0 0.563477 0.46582 0.0273438 0.0488281
0 0.299805 0.286133 0.0292969 0.0449219
0 0.527344 0.563477 0.0234375 0.015625
0 0.775391 0.824219 0.0429688 0.0410156
0 0.433594 0.616699 0.0273438 0.0478516
0 0.357422 0.733398 0.0273438 0.0332031
0 0.485352 0.263184 0.0332031 0.0419922
0 0.526367 0.91748 0.0273438 0.0478516
0 0.495605 0.496094 0.0205078 0.0390625
0 0.377441 0.429199 0.0322266 0.0361328
0 0.502441 0.42041 0.0224609 0.0283203
0 0.709961 0.529785 0.0214844 0.0419922
0 0.516602 0.445801 0.0332031 0.0263672
0 0.476562 0.488281 0.0292969 0.0390625
0 0.617188 0.56543 0.0234375 0.046875
0 0.575195 0.786133 0.0175781 0.0449219
