0 0.625977 0.665039 0.0566406 0.0410156
0 0.600586 0.635742 0.046875 0.0429688
0 0.571289 0.463867 0.0410156 0.0585938
0 0.557617 0.456055 0.0449219 0.0605469
0 0.642578 0.458496 0.046875 0.0302734
0 0.523926 0.427734 0.0615234 0.0351562
0 0.669922 0.670898 0.03125 0.0761719
0 0.584961 0.504883 0.0527344 0.0488281
0 0.625977 0.62793 0.0253906 0.0917969
0 0.603516 0.532227 0.046875 0.0449219
0 0.633789 0.740234 0.0292969 0.0898438
0 0.486328 0.582031 0.0625 0.0371094
0 0.479492 0.523438 0.0332031 0.0742188
0 0.415527 0.441406 0.0263672 0.0742188
0 0.508301 0.455566 0.0634766 0.0380859
0 0.533203 0.602539 0.0253906 0.0722656
0 0.679199 0.727539 0.0830078 0.0410156
0 0.511719 0.501465 0.0273438 0.0693359
0 0.635254 0.540527 0.0302734 0.0791016
0 0.655273 0.486816 0.0722656 0.0341797
0 0.55957 0.390625 0.0625 0.0625
0 0.466797 0.657715 0.0273438 0.0869141
0 0.560547 0.651367 0.0742188 0.0292969
0 0.400879 0.511719 0.0322266 0.0859375
0 0.5625 0.615723 0.0625 0.0517578
0 0.611328 0.425781 0.0449219 0.0507812
0 0.46582 0.499023 0.0273438 0.0878906
0 0.49707 0.418945 0.0566406 0.0644531
0 0.489746 0.616699 0.0595703 0.0615234
0 0.667969 0.616211 0.0664062 0.0683594
0 0.439941 0.572754 0.0361328 0.0732422
0 0.675293 0.560547 0.0537109 0.0507812
0 0.522461 0.540039 0.0371094 0.0722656
