0 0.577637 0.0185547 0.0166016 0.0351562
0 0.538574 0.569824 0.0322266 0.0283203
0 0.585449 0.545898 0.0244141 0.0488281
0 0.552246 0.480469 0.0380859 0.0351562
0 0.243164 0.583008 0.0332031 0.0136719
0 0.436523 0.552734 0.03125 0.0332031
0 0.346191 0.564941 0.0283203 0.0283203
0 0.418457 0.324219 0.0263672 0.0273438
0 0.540039 0.608398 0.0292969 0.0253906
0 0.336914 0.545898 0.0253906 0.0292969
0 0.347656 0.427246 0.0175781 0.0400391
0 0.553711 0.434082 0.0332031 0.0224609
0 0.369141 0.410645 0.03125 0.0205078
0 0.487305 0.42627 0.0449219 0.0244141
0 0.48877 0.547852 0.0341797 0.0429688
0 0.564941 0.464355 0.0283203 0.0400391
0 0.51123 0.40332 0.0341797 0.0195312
0 0.637695 0.367188 0.0175781 0.0273438
0 0.45459 0.549316 0.0302734 0.0244141
0 0.47168 0.53125 0.0371094 0.0234375
0 0.407715 0.643555 0.0302734 0.0214844
0 0.53125 0.67041 0.0390625 0.0283203
0 0.474121 0.600586 0.0478516 0.0214844
0 0.381836 0.433105 0.0332031 0.0205078
0 0.422363 0.713867 0.0224609 0.0410156
0 0.389648 0.553711 0.0214844 0.0390625
0 0.461426 0.48584 0.0322266 0.0263672
0 0.493164 0.365234 0.0371094 0.0214844
0 0.428711 0.467285 0.0292969 0.0478516
0 0.330078 0.42627 0.0214844 0.0576172
0 0.611816 0.501953 0.0244141 0.0585938
0 0.400391 0.525879 0.0351562 0.0380859
0 0.462402 0.407715 0.0439453 0.0224609
0 0.499023 0.623047 0.0390625 0.0234375
0 0.402832 0.810547 0.0283203 0.0390625
0 0.413086 0.586914 0.0371094 0.0292969
0 0.550293 0.587891 0.0380859 0.0195312
0 0.519531 0.386719 0.0390625 0.0195312
0 0.555664 0.610352 0.0566406 0.0292969
0 0.423828 0.344727 0.0390625 0.0234375
0 0.430664 0.376953 0.03125 0.0253906
0 0.354492 0.443359 0.0214844 0.046875
0 0.439453 0.702148 0.0234375 0.0605469
0 0.353027 0.548828 0.0283203 0.0332031
0 0.467773 0.648438 0.0410156 0.0214844
0 0.594727 0.427734 0.0292969 0.0234375
0 0.578125 0.520996 0.0175781 0.0517578
0 0.339844 0.479004 0.0273438 0.0478516
0 0.40625 0.503906 0.03125 0.0253906
0 0.562988 0.567383 0.0302734 0.0292969
0 0.513672 0.502441 0.0292969 0.0400391
0 0.509766 0.589844 0.0429688 0.0234375
0 0.467773 0.462891 0.0371094 0.0234375
0 0.558594 0.516602 0.0253906 0.0332031
0 0.253418 0.565918 0.0380859 0.0224609
0 0.509766 0.560547 0.03125 0.03125
0 0.598633 0.457031 0.0332031 0.03125
0 0.581055 0.409668 0.0292969 0.0283203
0 0.535645 0.677734 0.0322266 0.0195312
0 0.490234 0.491211 0.0351562 0.0410156
0 0.404297 0.398438 0.0390625 0.03125
0 0.544922 0.365234 0.0195312 0.0507812
0 0.367188 0.500977 0.0292969 0.0449219
0 0.37793 0.540527 0.0292969 0.0380859
0 0.542969 0.541992 0.0429688 0.0253906
0 0.455078 0.331543 0.0195312 0.0517578
0 0.472656 0.705566 0.0410156 0.0380859
0 0.491699 0.456055 0.0439453 0.0253906
0 0.261719 0.520508 0.0351562 0.0332031
0 0.494141 0.342285 0.0390625 0.0263672
0 0.526855 0.657227 0.0419922 0.0214844
0 0.543457 0.641113 0.0419922 0.0419922
0 0.46875 0.744629 0.0371094 0.0537109
0 0.686523 0.396973 0.0175781 0.0537109
0 0.432617 0.41748 0.0332031 0.0419922
0 0.725098 0.371582 0.0537109 0.0498047
