0 0.478516 0.500977 0.015625 0.0566406
0 0.487305 0.516602 0.0117188 0.0449219
0 0.536133 0.583984 0.0214844 0.0351562
0 0.473633 0.495117 0.0175781 0.0566406
0 0.470703 0.572266 0.03125 0.0585938
0 0.45459 0.487305 0.0146484 0.0585938
0 0.479004 0.361816 0.0185547 0.0615234
0 0.515625 0.620117 0.0195312 0.0644531
0 0.473145 0.419922 0.0166016 0.0625
0 0.47168 0.528809 0.0214844 0.0517578
0 0.479004 0.639648 0.0244141 0.0625
0 0.486816 0.39209 0.0166016 0.0419922
0 0.465332 0.699707 0.0263672 0.0556641
0 0.495605 0.485352 0.0166016 0.0566406
0 0.458008 0.441895 0.0214844 0.0595703
0 0.51709 0.374512 0.0263672 0.0498047
