0 0.630859 0.590332 0.0234375 0.0439453
0 0.636719 0.581055 0.0273438 0.0449219
0 0.48291 0.837891 0.0185547 0.046875
0 0.616211 0.637695 0.0234375 0.0527344
0 0.62207 0.613281 0.0175781 0.0488281
0 0.737305 0.527832 0.0214844 0.0576172
0 0.610352 0.66748 0.0195312 0.0595703
0 0.588867 0.51416 0.0449219 0.0244141
0 0.641602 0.523438 0.046875 0.0273438
0 0.604492 0.594238 0.0214844 0.0498047
0 0.527344 0.606934 0.0273438 0.0673828
0 0.59668 0.675293 0.0214844 0.0537109
0 0.716797 0.641602 0.0351562 0.0429688
