0 0.456055 0.570312 0.0488281 0.046875
0 0.401855 0.627441 0.0341797 0.0595703
0 0.36377 0.75293 0.0205078 0.0644531
0 0.51416 0.505371 0.0419922 0.0283203
0 0.36084 0.65625 0.0205078 0.046875
0 0.490234 0.370117 0.03125 0.0566406
0 0.412598 0.630859 0.0263672 0.0546875
0 0.535156 0.682617 0.046875 0.0253906
0 0.376953 0.472168 0.0351562 0.0732422
0 0.552734 0.606445 0.0273438 0.0644531
0 0.503906 0.452637 0.0390625 0.0458984
0 0.512695 0.743652 0.0292969 0.0615234
0 0.543945 0.560059 0.0273438 0.0517578
0 0.539062 0.52832 0.0429688 0.0292969
0 0.424316 0.466309 0.0322266 0.0458984
0 0.518555 0.644531 0.0175781 0.0742188
0 0.405273 0.586914 0.0332031 0.0253906
0 0.331543 0.588867 0.0400391 0.0605469
0 0.464844 0.607422 0.0546875 0.03125
0 0.347656 0.523926 0.0253906 0.0810547
0 0.41748 0.393555 0.0400391 0.0839844
0 0.511719 0.598633 0.03125 0.0332031
0 0.41748 0.663574 0.0458984 0.0380859
0 0.490723 0.337402 0.0341797 0.0693359
0 0.408691 0.55957 0.0341797 0.0566406
0 0.401367 0.493652 0.0175781 0.0439453
0 0.574219 0.490234 0.0253906 0.078125
0 0.554199 0.671875 0.0537109 0.046875
0 0.385742 0.704102 0.0351562 0.0566406
0 0.564941 0.655273 0.0380859 0.0507812
0 0.40918 0.450195 0.0507812 0.0527344
0 0.452148 0.504395 0.0566406 0.0341797
0 0.382812 0.666992 0.0351562 0.0644531
0 0.505371 0.583008 0.0400391 0.0371094
0 0.44873 0.47168 0.0458984 0.0410156
0 0.472168 0.464355 0.0341797 0.0615234
0 0.48291 0.69043 0.0263672 0.0722656
0 0.548828 0.478027 0.0488281 0.0556641
0 0.49707 0.540039 0.046875 0.0488281
0 0.46875 0.384766 0.0234375 0.078125
0 0.47168 0.54834 0.0253906 0.0419922
0 0.606934 0.662598 0.0595703 0.0263672
0 0.445801 0.680664 0.0615234 0.0214844
0 0.415527 0.714844 0.0537109 0.0546875
0 0.472168 0.651367 0.0634766 0.0332031
0 0.361816 0.614258 0.0478516 0.0449219
0 0.380859 0.769531 0.0234375 0.078125
0 0.933105 0.860352 0.0283203 0.0410156
0 0.623047 0.687012 0.046875 0.0380859
0 0.441406 0.628906 0.0507812 0.0390625
0 0.509766 0.378906 0.03125 0.0625
0 0.404297 0.371582 0.0292969 0.0751953
0 0.553223 0.510254 0.0380859 0.0419922
0 0.540039 0.703125 0.0566406 0.0234375
0 0.444824 0.396484 0.0380859 0.0664062
0 0.374512 0.558105 0.0380859 0.0595703
0 0.52832 0.336426 0.0449219 0.0419922
0 0.493164 0.430176 0.0371094 0.0498047
0 0.500977 0.757812 0.0371094 0.078125
0 0.534668 0.74707 0.0380859 0.0722656
0 0.382324 0.521484 0.0498047 0.03125
0 0.292969 0.479004 0.0507812 0.0263672
0 0.328125 0.494141 0.0390625 0.0507812
0 0.517578 0.48291 0.0507812 0.0380859
0 0.501465 0.517578 0.0400391 0.0429688
0 0.580078 0.587891 0.03125 0.0507812
0 0.267578 0.635742 0.0585938 0.0449219
0 0.296875 0.585938 0.0390625 0.0644531
0 0.602539 0.554688 0.0273438 0.078125
0 0.438477 0.527344 0.046875 0.0429688
0 0.854492 0.240723 0.0390625 0.0380859
0 0.623047 0.634766 0.0527344 0.03125
