0 0.511719 0.68457 0.015625 0.0488281
0 0.533203 0.494629 0.015625 0.0498047
0 0.417969 0.717285 0.0195312 0.0498047
0 0.413086 0.518066 0.0214844 0.0263672
0 0.410156 0.701172 0.0195312 0.0390625
0 0.385254 0.432129 0.0166016 0.0537109
0 0.384277 0.51123 0.0205078 0.0419922
0 0.369141 0.581055 0.0214844 0.0292969
0 0.439941 0.689453 0.0244141 0.0273438
0 0.42334 0.728516 0.0244141 0.0390625
0 0.421387 0.589355 0.0146484 0.0556641
0 0.398926 0.611328 0.0283203 0.0351562
0 0.378906 0.705078 0.0273438 0.03125
0 0.442871 0.64209 0.0166016 0.0439453
0 0.402832 0.505371 0.0185547 0.0439453
0 0.412109 0.53418 0.0253906 0.0332031
0 0.356934 0.598633 0.0166016 0.0410156
0 0.381348 0.76123 0.0166016 0.0361328
0 0.45166 0.629883 0.0185547 0.0410156
0 0.504883 0.667969 0.015625 0.0566406
0 0.519531 0.734375 0.0273438 0.03125
0 0.420898 0.645996 0.0214844 0.0302734
0 0.396484 0.72168 0.0234375 0.0449219
0 0.395996 0.436035 0.0185547 0.0517578
0 0.578613 0.602539 0.0166016 0.0429688
0 0.402832 0.564453 0.0205078 0.0410156
0 0.458008 0.473145 0.0214844 0.0498047
0 0.537109 0.6875 0.0273438 0.0332031
0 0.488281 0.693359 0.03125 0.0292969
0 0.343262 0.759277 0.0185547 0.0517578
0 0.526367 0.478516 0.0175781 0.0546875
0 0.527344 0.708984 0.03125 0.0273438
0 0.498535 0.853516 0.0244141 0.046875
0 0.555176 0.683594 0.0244141 0.0390625
0 0.383789 0.740234 0.0214844 0.0429688
0 0.362305 0.566406 0.0253906 0.03125
0 0.362305 0.780273 0.0136719 0.0449219
0 0.463867 0.666992 0.0195312 0.0371094
0 0.368652 0.532227 0.0185547 0.0429688
0 0.33252 0.456055 0.0283203 0.0292969
0 0.40918 0.435059 0.0195312 0.0537109
0 0.442383 0.39209 0.0253906 0.0478516
0 0.455078 0.69043 0.0214844 0.0449219
0 0.457031 0.602539 0.0234375 0.0292969
0 0.433594 0.574219 0.015625 0.0449219
0 0.45166 0.509277 0.0166016 0.0478516
0 0.583984 0.713867 0.0195312 0.0546875
0 0.442383 0.417969 0.0234375 0.0390625
0 0.381836 0.555664 0.0253906 0.0292969
0 0.538574 0.644531 0.0263672 0.0273438
0 0.393555 0.595703 0.0234375 0.0332031
0 0.510254 0.619141 0.0185547 0.0585938
0 0.402344 0.631348 0.0234375 0.0322266
0 0.447754 0.566406 0.0166016 0.0488281
0 0.581055 0.65625 0.0234375 0.0332031
0 0.435547 0.71582 0.0234375 0.0449219
0 0.380371 0.427246 0.0166016 0.0517578
0 0.472168 0.589355 0.0166016 0.0498047
0 0.390625 0.677734 0.0253906 0.0410156
0 0.499512 0.820312 0.0302734 0.0410156
0 0.432129 0.468262 0.0185547 0.0458984
0 0.538086 0.527344 0.0195312 0.0546875
0 0.495117 0.730469 0.0175781 0.0546875
0 0.501953 0.794922 0.0234375 0.03125
0 0.4375 0.605957 0.0214844 0.0439453
0 0.575195 0.674805 0.0214844 0.0371094
0 0.51123 0.867188 0.0244141 0.0273438
0 0.570312 0.557129 0.015625 0.0498047
0 0.435059 0.540039 0.0244141 0.0214844
0 0.336914 0.602051 0.0292969 0.0400391
0 0.348633 0.448242 0.0292969 0.0332031
0 0.529297 0.326172 0.0195312 0.0566406
0 0.48584 0.665039 0.0302734 0.0273438
0 0.573242 0.71582 0.0175781 0.0527344
0 0.553223 0.491211 0.0322266 0.0371094
0 0.318848 0.688477 0.0244141 0.0410156
0 0.434082 0.666992 0.0166016 0.0410156
0 0.304688 0.69043 0.0195312 0.0449219
0 0.476562 0.535156 0.015625 0.0429688
0 0.450684 0.535156 0.0244141 0.0390625
0 0.443359 0.441406 0.0292969 0.0332031
0 0.518555 0.505371 0.0175781 0.0517578
0 0.392578 0.480469 0.0273438 0.0429688
0 0.435059 0.510742 0.0263672 0.0351562
0 0.404785 0.665039 0.0244141 0.0410156
0 0.461914 0.416992 0.0273438 0.0273438
0 0.466797 0.629883 0.0234375 0.0449219
0 0.489258 0.602539 0.0253906 0.0292969
0 0.356445 0.491699 0.0175781 0.0517578
0 0.489258 0.555176 0.0253906 0.0322266
0 0.286133 0.67041 0.0292969 0.0322266
0 0.526367 0.663574 0.0175781 0.0380859
0 0.38916 0.821289 0.0224609 0.0410156
0 0.369141 0.441895 0.015625 0.0517578
0 0.295898 0.498535 0.0253906 0.0517578
0 0.526855 0.62207 0.0283203 0.0410156
0 0.386719 0.390625 0.0332031 0.0351562
0 0.352539 0.81543 0.0292969 0.0371094
0 0.479492 0.464844 0.0292969 0.0273438
0 0.402344 0.764648 0.0253906 0.0410156
0 0.480957 0.501953 0.0263672 0.0351562
0 0.338379 0.52002 0.0205078 0.0498047
0 0.529297 0.576172 0.0234375 0.046875
0 0.516602 0.762207 0.0292969 0.0380859
0 0.552734 0.84082 0.0234375 0.0488281
0 0.446777 0.748535 0.0302734 0.0322266
