0 0.202148 0.524414 0.0527344 0.03125
0 0.57666 0.937012 0.0322266 0.0439453
0 0.498535 0.942383 0.0419922 0.0683594
0 0.692383 0.846191 0.0488281 0.0576172
0 0.370117 0.44043 0.0449219 0.0410156
0 0.290039 0.796387 0.0332031 0.0263672
0 0.611328 0.893555 0.0507812 0.0527344
0 0.40918 0.630371 0.0371094 0.0263672
0 0.0620117 0.438965 0.0224609 0.0673828
0 0.814941 0.76416 0.0654297 0.0419922
0 0.521484 0.876953 0.0273438 0.0625
0 0.264648 0.641602 0.0449219 0.0253906
0 0.289062 0.849121 0.046875 0.0478516
0 0.421875 0.884766 0.0253906 0.0527344
0 0.317871 0.714355 0.0263672 0.0615234
0 0.257812 0.494629 0.046875 0.0595703
0 0.273438 0.282227 0.0605469 0.0527344
0 0.169434 0.367676 0.0283203 0.0595703
0 0.168945 0.73877 0.0390625 0.0654297
0 0.758789 0.341797 0.0371094 0.046875
0 0.402832 0.263184 0.0537109 0.0380859
0 0.38916 0.874023 0.0341797 0.0332031
0 0.419922 0.296387 0.0449219 0.0458984
0 0.682129 0.136719 0.0302734 0.0742188
