0 0.523438 0.559082 0.0332031 0.0361328
0 0.540039 0.599121 0.0332031 0.0205078
0 0.586914 0.590332 0.0253906 0.0458984
0 0.503906 0.64502 0.0234375 0.0576172
0 0.535156 0.575195 0.0351562 0.03125
0 0.574707 0.629883 0.0205078 0.0390625
0 0.536133 0.693359 0.0292969 0.0351562
0 0.572754 0.526367 0.0244141 0.0332031
0 0.540527 0.624512 0.0322266 0.0361328
0 0.463867 0.55127 0.0214844 0.0302734
0 0.494629 0.583008 0.0419922 0.0253906
0 0.57373 0.549805 0.0439453 0.0390625
0 0.539062 0.661133 0.0273438 0.0371094
0 0.679688 0.566406 0.03125 0.0429688
0 0.598633 0.56543 0.015625 0.0566406
0 0.496582 0.603516 0.0458984 0.0234375
0 0.577148 0.606445 0.0410156 0.0234375
0 0.555664 0.668945 0.0253906 0.0527344
0 0.507324 0.685547 0.0341797 0.0429688
0 0.536621 0.588867 0.0361328 0.0292969
0 0.523438 0.651367 0.03125 0.0410156
0 0.61377 0.557617 0.0185547 0.0566406
0 0.466797 0.625488 0.0273438 0.0673828
0 0.493164 0.634766 0.0253906 0.046875
0 0.483887 0.552246 0.0302734 0.0380859
0 0.508789 0.543457 0.0292969 0.0537109
0 0.537109 0.526367 0.03125 0.0488281
0 0.588867 0.663574 0.0449219 0.0224609
0 0.62207 0.596191 0.0390625 0.0576172
0 0.561035 0.574219 0.0244141 0.0507812
0 0.689453 0.589844 0.0351562 0.046875
0 0.65625 0.589844 0.0332031 0.0429688
0 0.648926 0.552246 0.0517578 0.0283203
