0 0.564453 0.563477 0.0273438 0.0292969
0 0.518066 0.719238 0.0400391 0.0322266
0 0.543945 0.555664 0.0449219 0.0371094
0 0.560547 0.583008 0.03125 0.0214844
0 0.486328 0.536133 0.0507812 0.0292969
0 0.442383 0.686523 0.0566406 0.0253906
0 0.501953 0.672852 0.0625 0.0214844
0 0.753906 0.849609 0.0703125 0.03125
0 0.586426 0.560547 0.0400391 0.0429688
0 0.51416 0.510254 0.0322266 0.0419922
0 0.576172 0.600098 0.0390625 0.0400391
0 0.474609 0.594727 0.0507812 0.0332031
0 0.547852 0.605957 0.0371094 0.0400391
0 0.523926 0.55127 0.0322266 0.0322266
0 0.495605 0.5625 0.0283203 0.0351562
0 0.495117 0.744141 0.03125 0.0449219
0 0.572266 0.913574 0.0410156 0.0498047
0 0.475586 0.715332 0.0527344 0.0283203
0 0.606934 0.901855 0.0419922 0.0400391
0 0.614746 0.695312 0.0439453 0.0429688
