0 0.54834 0.486816 0.0166016 0.0302734
0 0.770508 0.625 0.046875 0.03125
0 0.750977 0.704102 0.0410156 0.0449219
0 0.578613 0.503906 0.0146484 0.0429688
0 0.219238 0.742188 0.0302734 0.03125
0 0.565918 0.626953 0.0302734 0.0195312
0 0.577148 0.486328 0.0253906 0.0253906
0 0.271973 0.572266 0.0224609 0.03125
0 0.415527 0.787109 0.0478516 0.0273438
0 0.557617 0.347656 0.0136719 0.0429688
0 0.673828 0.526367 0.0273438 0.0351562
0 0.603027 0.629883 0.0107422 0.0371094
0 0.480469 0.692871 0.0214844 0.0556641
0 0.609863 0.608398 0.0341797 0.0214844
0 0.645508 0.634766 0.0449219 0.0332031
0 0.475586 0.719727 0.0175781 0.0253906
0 0.603516 0.526367 0.0390625 0.0214844
0 0.546875 0.302734 0.0351562 0.03125
0 0.493164 0.635742 0.0175781 0.0507812
0 0.537109 0.667969 0.0351562 0.0195312
0 0.595703 0.667969 0.015625 0.0351562
0 0.495605 0.500488 0.0166016 0.0419922
0 0.53418 0.35498 0.015625 0.0361328
0 0.306152 0.444824 0.0185547 0.0341797
0 0.610352 0.691406 0.0195312 0.0625
0 0.443359 0.550781 0.03125 0.015625
0 0.485352 0.476074 0.0195312 0.0263672
0 0.450684 0.587891 0.0224609 0.0273438
0 0.546387 0.555176 0.0205078 0.0302734
0 0.541016 0.525391 0.0175781 0.0429688
0 0.557617 0.61377 0.0292969 0.0166016
0 0.529297 0.513184 0.0117188 0.0380859
0 0.268555 0.45752 0.0332031 0.0205078
0 0.510742 0.753418 0.03125 0.0341797
0 0.501465 0.666016 0.0244141 0.0234375
0 0.504883 0.538086 0.0136719 0.0410156
0 0.481445 0.536621 0.0175781 0.0380859
0 0.273926 0.479492 0.0166016 0.0371094
0 0.625488 0.69043 0.0146484 0.0527344
0 0.393555 0.817871 0.0195312 0.0576172
0 0.616211 0.729004 0.0136719 0.0498047
0 0.519043 0.358887 0.0166016 0.0458984
0 0.439941 0.143066 0.0166016 0.0361328
0 0.391602 0.697266 0.0214844 0.0507812
0 0.407227 0.529297 0.0136719 0.046875
0 0.605469 0.590332 0.03125 0.0244141
0 0.499023 0.563477 0.0253906 0.0214844
0 0.482422 0.578125 0.0117188 0.03125
0 0.511719 0.699219 0.0273438 0.0507812
0 0.552734 0.374512 0.03125 0.0205078
0 0.532227 0.588867 0.0136719 0.0410156
0 0.518555 0.541016 0.0292969 0.0273438
0 0.625 0.654297 0.03125 0.0292969
0 0.404785 0.788086 0.0283203 0.0214844
0 0.490234 0.731445 0.0273438 0.0273438
0 0.509766 0.734375 0.0273438 0.0351562
0 0.530273 0.48291 0.0292969 0.0205078
0 0.5625 0.569336 0.0351562 0.0253906
0 0.595215 0.49707 0.0244141 0.0488281
0 0.349609 0.962891 0.0273438 0.0234375
0 0.641602 0.688477 0.0136719 0.0527344
0 0.541992 0.595703 0.0136719 0.0429688
0 0.514648 0.493652 0.0253906 0.0283203
0 0.428711 0.785156 0.0332031 0.0351562
0 0.493164 0.596191 0.0292969 0.0263672
0 0.538086 0.750977 0.0292969 0.0253906
0 0.63623 0.762207 0.0185547 0.0498047
0 0.463867 0.575195 0.0175781 0.0371094
0 0.511719 0.643555 0.0234375 0.0371094
0 0.546875 0.398926 0.0351562 0.0341797
0 0.367188 0.587402 0.0273438 0.0322266
0 0.512207 0.509766 0.0205078 0.03125
0 0.632812 0.792969 0.0351562 0.0195312
0 0.509766 0.568359 0.0253906 0.03125
0 0.600098 0.568848 0.0244141 0.0341797
0 0.390625 0.481445 0.0234375 0.03125
0 0.530273 0.712891 0.0136719 0.0507812
0 0.418945 0.530273 0.0234375 0.0488281
0 0.261719 0.49707 0.0292969 0.0214844
0 0.207031 0.76709 0.0273438 0.0263672
0 0.652832 0.429688 0.0185547 0.046875
0 0.0957031 0.69873 0.0136719 0.0361328
0 0.506348 0.363281 0.0185547 0.046875
0 0.208984 0.739746 0.0273438 0.0244141
0 0.377441 0.397461 0.0205078 0.046875
0 0.684082 0.727539 0.0400391 0.0175781
0 0.490234 0.395508 0.0195312 0.0371094
0 0.633789 0.625977 0.0332031 0.0410156
0 0.729492 0.650879 0.0351562 0.0458984
0 0.397949 0.496582 0.0244141 0.0322266
0 0.650391 0.597656 0.0351562 0.0234375
0 0.270996 0.830078 0.0224609 0.046875
0 0.487793 0.365234 0.0205078 0.0390625
0 0.665039 0.744141 0.0371094 0.0195312
0 0.625 0.557617 0.0234375 0.0371094
0 0.662109 0.661133 0.03125 0.0292969
0 0.661621 0.699219 0.0263672 0.0429688
0 0.609375 0.556641 0.0273438 0.0351562
0 0.737793 0.741211 0.0302734 0.0332031
0 0.475586 0.614746 0.0214844 0.0361328
0 0.527832 0.45752 0.0166016 0.0400391
0 0.457031 0.608398 0.0253906 0.0371094
0 0.489258 0.523438 0.0214844 0.0390625
0 0.426758 0.4375 0.0273438 0.0234375
0 0.520508 0.608887 0.0214844 0.0361328
0 0.646484 0.724609 0.0332031 0.0273438
0 0.658203 0.639648 0.03125 0.0292969
0 0.44873 0.4375 0.0224609 0.0390625
0 0.389648 0.44873 0.0175781 0.0419922
0 0.669922 0.439941 0.0175781 0.0400391
0 0.509766 0.463379 0.0234375 0.0380859
