0 0.685547 0.475586 0.0234375 0.0253906
0 0.366699 0.450195 0.0146484 0.0292969
0 0.514648 0.740723 0.00976562 0.0283203
0 0.373535 0.361328 0.0205078 0.0117188
0 0.477539 0.469238 0.0136719 0.0302734
0 0.47998 0.64502 0.0166016 0.0302734
0 0.508789 0.51709 0.0175781 0.0205078
0 0.489746 0.479004 0.0224609 0.0146484
0 0.366211 0.458008 0.0175781 0.0195312
0 0.489746 0.466309 0.0224609 0.0185547
0 0.556152 0.547363 0.0166016 0.0380859
0 0.49707 0.524414 0.0136719 0.0292969
0 0.473145 0.608398 0.0205078 0.03125
0 0.543945 0.583984 0.00976562 0.0253906
0 0.353516 0.553223 0.0253906 0.0263672
0 0.662109 0.564453 0.015625 0.03125
0 0.498535 0.643066 0.0263672 0.0166016
0 0.582031 0.674805 0.0234375 0.0214844
0 0.525391 0.735352 0.015625 0.0253906
0 0.38916 0.566895 0.0263672 0.0166016
0 0.493652 0.665527 0.0166016 0.0322266
0 0.669922 0.595215 0.015625 0.0361328
0 0.499512 0.683594 0.0224609 0.0195312
0 0.513672 0.47998 0.0234375 0.0283203
0 0.536621 0.441406 0.0185547 0.0195312
0 0.464844 0.715332 0.0253906 0.0224609
0 0.513672 0.666992 0.0234375 0.0292969
