0 0.397949 0.550781 0.0185547 0.0234375
0 0.673828 0.59082 0.0195312 0.0136719
0 0.475098 0.550781 0.0205078 0.0273438
0 0.359863 0.761719 0.0166016 0.046875
0 0.549805 0.421875 0.00976562 0.03125
0 0.378418 0.47998 0.0126953 0.0498047
0 0.623047 0.488281 0.0195312 0.03125
0 0.396484 0.656738 0.0195312 0.0166016
0 0.597656 0.416504 0.0273438 0.0146484
0 0.334473 0.566406 0.0244141 0.0390625
0 0.509766 0.489258 0.0117188 0.0292969
0 0.48584 0.702637 0.0185547 0.0224609
0 0.477051 0.667969 0.0166016 0.015625
0 0.663086 0.612305 0.0136719 0.0253906
0 0.343262 0.45459 0.0185547 0.0185547
0 0.641602 0.592285 0.0253906 0.0126953
0 0.5625 0.290527 0.015625 0.0380859
0 0.357422 0.697266 0.0195312 0.015625
0 0.518555 0.68457 0.0253906 0.0292969
0 0.59082 0.601074 0.0273438 0.0146484
0 0.463867 0.56543 0.0136719 0.0332031
0 0.511719 0.755371 0.015625 0.0400391
0 0.255859 0.527344 0.0234375 0.0273438
0 0.305176 0.545898 0.0185547 0.0371094
0 0.455566 0.581055 0.0146484 0.0332031
0 0.462402 0.678223 0.0205078 0.0166016
0 0.653809 0.606934 0.0146484 0.0341797
0 0.506836 0.675781 0.0136719 0.0351562
0 0.630859 0.581543 0.0253906 0.0166016
0 0.449707 0.405762 0.0146484 0.0419922
0 0.39209 0.473633 0.0146484 0.0371094
0 0.199707 0.544922 0.0322266 0.0195312
0 0.613281 0.49707 0.0214844 0.0253906
0 0.449219 0.495605 0.0175781 0.0380859
0 0.486816 0.6875 0.0205078 0.0273438
0 0.487305 0.461914 0.0195312 0.0332031
0 0.568359 0.59668 0.0234375 0.0273438
0 0.395996 0.624512 0.0126953 0.0361328
0 0.492188 0.63916 0.0273438 0.0224609
0 0.404785 0.426758 0.0146484 0.0390625
0 0.248535 0.549805 0.0244141 0.0214844
0 0.557617 0.495605 0.0273438 0.0263672
0 0.462891 0.611328 0.0292969 0.015625
0 0.53418 0.63623 0.0253906 0.0185547
0 0.599609 0.581055 0.0195312 0.0292969
0 0.574219 0.451172 0.0195312 0.0273438
