0 0.501953 0.29248 0.0117188 0.0595703
0 0.493164 0.653809 0.0136719 0.0791016
0 0.530273 0.570312 0.0332031 0.0605469
0 0.503418 0.407227 0.0283203 0.0566406
0 0.601562 0.558594 0.0351562 0.0957031
0 0.542969 0.767578 0.0234375 0.0585938
0 0.687988 0.604492 0.0166016 0.0566406
0 0.570312 0.820312 0.03125 0.0507812
0 0.615234 0.776367 0.0195312 0.0761719
0 0.567383 0.373535 0.0292969 0.0498047
0 0.632812 0.470703 0.03125 0.0566406
0 0.632812 0.535645 0.03125 0.0361328
0 0.613281 0.692383 0.03125 0.0566406
