0 0.498047 0.47168 0.015625 0.0527344
0 0.466309 0.523438 0.0244141 0.0136719
0 0.460938 0.40918 0.0117188 0.0429688
0 0.453125 0.541992 0.0195312 0.0292969
0 0.431641 0.53418 0.0292969 0.0117188
0 0.439453 0.49707 0.0273438 0.015625
0 0.47168 0.378906 0.0253906 0.0234375
0 0.470703 0.543945 0.0273438 0.0253906
0 0.848145 0.652344 0.0341797 0.0117188
0 0.443359 0.373535 0.015625 0.0458984
0 0.486816 0.534668 0.0205078 0.0361328
0 0.453125 0.34668 0.0234375 0.0292969
0 0.475098 0.40332 0.0166016 0.0488281
0 0.429688 0.480957 0.0117188 0.0283203
0 0.450195 0.416016 0.0175781 0.0390625
0 0.461426 0.450195 0.0185547 0.0488281
0 0.466309 0.509766 0.0302734 0.015625
0 0.429688 0.572266 0.0234375 0.03125
0 0.430664 0.420898 0.0117188 0.0429688
0 0.416992 0.573242 0.0253906 0.0292969
0 0.494629 0.460449 0.0146484 0.0458984
0 0.465332 0.496094 0.0263672 0.0195312
0 0.443359 0.522461 0.0253906 0.015625
0 0.494629 0.527344 0.0224609 0.0351562
0 0.45459 0.375 0.0166016 0.0390625
0 0.413086 0.491211 0.015625 0.0410156
0 0.481445 0.484375 0.0214844 0.046875
0 0.44873 0.455078 0.0185547 0.0410156
0 0.433105 0.507812 0.0302734 0.0175781
0 0.544922 0.523438 0.0351562 0.0429688
0 0.417969 0.416016 0.0234375 0.03125
0 0.445312 0.307617 0.015625 0.0566406
0 0.426758 0.462891 0.0214844 0.03125
0 0.413086 0.522461 0.0292969 0.0175781
0 0.432617 0.329102 0.0136719 0.0410156
0 0.347656 0.58252 0.0332031 0.0478516
0 0.419434 0.446289 0.0185547 0.0410156
0 0.518555 0.59082 0.0371094 0.0449219
0 0.41748 0.548828 0.0322266 0.0195312
0 0.426758 0.591797 0.0253906 0.0273438
0 0.436035 0.362305 0.0185547 0.0410156
