0 0.523438 0.246582 0.0117188 0.0146484
0 0.583984 0.452148 0.0078125 0.0214844
0 0.533203 0.514648 0.00976562 0.0292969
0 0.575195 0.415039 0.0136719 0.0117188
0 0.466797 0.533203 0.015625 0.0117188
0 0.547852 0.603516 0.00976562 0.0195312
0 0.566406 0.44043 0.0136719 0.0117188
0 0.510742 0.40332 0.00976562 0.0214844
0 0.496094 0.31543 0.0117188 0.0292969
0 0.557129 0.23584 0.00878906 0.0263672
0 0.504883 0.381348 0.0136719 0.0146484
0 0.518555 0.388672 0.00976562 0.0234375
0 0.512695 0.36084 0.0175781 0.0146484
0 0.537109 0.40918 0.0117188 0.0117188
0 0.500977 0.481445 0.00976562 0.0253906
0 0.466309 0.431152 0.0107422 0.0107422
0 0.520996 0.67041 0.0107422 0.0166016
0 0.483887 0.593262 0.00878906 0.0185547
0 0.549805 0.459473 0.0136719 0.0166016
0 0.526367 0.390625 0.00976562 0.0195312
0 0.530273 0.259277 0.0136719 0.0146484
0 0.516602 0.346191 0.0136719 0.0126953
0 0.550781 0.472656 0.0117188 0.0195312
0 0.521484 0.501465 0.0117188 0.0166016
0 0.551758 0.23291 0.00976562 0.0244141
0 0.499023 0.379883 0.0136719 0.0136719
0 0.527344 0.427734 0.00976562 0.0195312
0 0.527344 0.396484 0.0136719 0.0195312
0 0.498535 0.52832 0.0126953 0.015625
0 0.635254 0.571777 0.0224609 0.0107422
0 0.500488 0.838867 0.00683594 0.0214844
0 0.472656 0.50293 0.0117188 0.0253906
0 0.493652 0.668945 0.0126953 0.0214844
0 0.467773 0.602539 0.0175781 0.0214844
0 0.483398 0.525391 0.0175781 0.0136719
0 0.581543 0.492188 0.0166016 0.0117188
0 0.507324 0.325195 0.0146484 0.0175781
0 0.519531 0.675781 0.00976562 0.0195312
0 0.500977 0.259766 0.0136719 0.0273438
0 0.507324 0.791016 0.00878906 0.0253906
0 0.576172 0.530273 0.0195312 0.0175781
0 0.495117 0.351562 0.0117188 0.0234375
0 0.48584 0.356445 0.00683594 0.0253906
0 0.496094 0.586426 0.015625 0.0107422
0 0.59375 0.440918 0.0117188 0.0185547
0 0.53418 0.539062 0.0214844 0.015625
