0 0.577148 0.534668 0.046875 0.0478516
0 0.61377 0.720215 0.0498047 0.0400391
0 0.169922 0.493164 0.0429688 0.0722656
0 0.61084 0.268066 0.0478516 0.0478516
0 0.640137 0.38916 0.0302734 0.0615234
0 0.264648 0.55957 0.0253906 0.0644531
0 0.529297 0.344238 0.046875 0.0400391
0 0.597656 0.686035 0.0488281 0.0341797
0 0.702637 0.150879 0.0498047 0.0400391
0 0.242188 0.428711 0.0449219 0.0371094
0 0.403809 0.640625 0.0283203 0.0625
0 0.342285 0.518555 0.0400391 0.0488281
0 0.120117 0.474609 0.0527344 0.0390625
0 0.366211 0.655273 0.03125 0.0683594
0 0.503906 0.640625 0.0507812 0.0507812
0 0.661133 0.439941 0.0292969 0.0595703
0 0.208984 0.458496 0.03125 0.0537109
0 0.615234 0.32373 0.0273438 0.0615234
0 0.668945 0.324219 0.0351562 0.0605469
0 0.536621 0.51416 0.0439453 0.0458984
0 0.268555 0.211426 0.046875 0.0478516
0 0.29248 0.563477 0.0302734 0.0566406
0 0.337891 0.349121 0.0351562 0.0517578
0 0.59668 0.769043 0.0449219 0.0556641
0 0.179688 0.391113 0.0449219 0.0576172
0 0.194336 0.358398 0.0429688 0.0644531
0 0.233398 0.462402 0.0371094 0.0498047
0 0.378906 0.704102 0.0351562 0.0605469
