0 0.540039 0.459961 0.0214844 0.0175781
0 0.504883 0.189941 0.0136719 0.0185547
0 0.522461 0.326172 0.0136719 0.0273438
0 0.661133 0.556641 0.0292969 0.0234375
0 0.441406 0.492676 0.00976562 0.0263672
0 0.418945 0.493164 0.0117188 0.0253906
0 0.445312 0.459961 0.0117188 0.0214844
0 0.435059 0.435547 0.0185547 0.015625
0 0.438477 0.442383 0.0175781 0.0253906
0 0.558594 0.391113 0.0195312 0.0126953
0 0.540527 0.384277 0.0185547 0.0126953
0 0.447754 0.582031 0.0224609 0.0351562
0 0.436035 0.47168 0.0146484 0.0253906
0 0.614746 0.526367 0.0126953 0.0292969
