0 0.611328 0.711914 0.0429688 0.0292969
0 0.527344 0.448242 0.0683594 0.0800781
0 0.508301 0.698242 0.0302734 0.0449219
0 0.561035 0.430664 0.0185547 0.0507812
0 0.468262 0.311523 0.0185547 0.0722656
1 0.52832 0.447754 0.0683594 0.0849609
0 0.601074 0.52832 0.0302734 0.0429688
0 0.592773 0.68457 0.0214844 0.0371094
0 0.584961 0.630371 0.0253906 0.0576172
0 0.591797 0.737305 0.0234375 0.0175781
0 0.574219 0.672852 0.03125 0.0410156
0 0.557617 0.48877 0.03125 0.0322266
0 0.492676 0.735352 0.0498047 0.0371094
0 0.702148 0.674316 0.0371094 0.0458984
