0 0.589844 0.612305 0.0292969 0.00976562
0 0.577148 0.618164 0.0117188 0.015625
0 0.463867 0.575195 0.0292969 0.00976562
0 0.564453 0.701172 0.0214844 0.0078125
0 0.331543 0.666992 0.0166016 0.015625
0 0.277832 0.50293 0.0126953 0.0136719
0 0.455566 0.729492 0.0244141 0.0136719
0 0.431152 0.629883 0.0146484 0.015625
0 0.613281 0.61377 0.015625 0.0146484
0 0.581055 0.632324 0.015625 0.0166016
0 0.419922 0.629395 0.015625 0.0146484
0 0.620117 0.649414 0.0273438 0.00976562
0 0.375488 0.624023 0.0166016 0.015625
0 0.521973 0.668457 0.0244141 0.0126953
0 0.660156 0.661621 0.015625 0.0146484
0 0.354004 0.668945 0.0185547 0.0136719
0 0.488281 0.569336 0.015625 0.0136719
0 0.470703 0.628906 0.0214844 0.015625
0 0.380859 0.535156 0.0253906 0.0117188
0 0.396973 0.533691 0.0185547 0.0146484
