0 0.492676 0.411621 0.0400391 0.0400391
0 0.514648 0.428711 0.0136719 0.0429688
0 0.381348 0.462891 0.0146484 0.0429688
0 0.502441 0.708008 0.0224609 0.0253906
0 0.366699 0.471191 0.0126953 0.0380859
0 0.500977 0.651367 0.0292969 0.0253906
0 0.356934 0.437012 0.0205078 0.0341797
0 0.567383 0.504883 0.0195312 0.0410156
0 0.587891 0.47168 0.015625 0.0546875
0 0.589844 0.379883 0.0214844 0.0449219
0 0.42627 0.273926 0.0244141 0.0380859
0 0.499512 0.396484 0.0302734 0.0234375
0 0.604004 0.425293 0.0244141 0.0283203
0 0.48291 0.417969 0.0283203 0.0292969
0 0.583008 0.50293 0.0136719 0.0546875
0 0.451172 0.475586 0.0195312 0.0371094
0 0.367676 0.447754 0.0283203 0.0224609
0 0.493164 0.516602 0.0332031 0.0253906
0 0.576172 0.428711 0.0175781 0.0351562
0 0.354492 0.48584 0.0175781 0.0458984
0 0.376465 0.529297 0.0166016 0.0546875
0 0.516113 0.53418 0.0166016 0.0527344
0 0.591797 0.435059 0.0195312 0.0400391
0 0.520508 0.373047 0.0175781 0.0429688
0 0.376953 0.479004 0.015625 0.0419922
0 0.461914 0.479004 0.0175781 0.0537109
0 0.522461 0.741699 0.0175781 0.0380859
0 0.507324 0.461426 0.0244141 0.0419922
0 0.213867 0.399414 0.015625 0.0488281
0 0.59375 0.505371 0.015625 0.0400391
0 0.508789 0.548828 0.0214844 0.0429688
0 0.600586 0.478027 0.0175781 0.0556641
0 0.462891 0.378418 0.0234375 0.0302734
0 0.390137 0.413086 0.0205078 0.0410156
0 0.563477 0.438965 0.0292969 0.0263672
0 0.632812 0.519531 0.0273438 0.0234375
0 0.45752 0.520508 0.0283203 0.0292969
0 0.588867 0.632812 0.0175781 0.046875
0 0.55127 0.413574 0.0146484 0.0478516
0 0.435059 0.847656 0.0166016 0.0546875
0 0.500977 0.435059 0.0273438 0.0263672
0 0.460449 0.786133 0.0224609 0.0488281
0 0.404785 0.518555 0.0146484 0.0371094
0 0.42627 0.291016 0.0283203 0.0273438
0 0.548828 0.568359 0.0234375 0.0429688
0 0.391113 0.579102 0.0205078 0.0488281
0 0.452148 0.410156 0.015625 0.0507812
0 0.493652 0.741211 0.0205078 0.046875
0 0.469727 0.734375 0.0175781 0.046875
0 0.438965 0.686523 0.0302734 0.0253906
0 0.567383 0.569336 0.0253906 0.0410156
0 0.488281 0.473145 0.0234375 0.0556641
0 0.438477 0.449219 0.0292969 0.0390625
0 0.498535 0.366211 0.0146484 0.0488281
0 0.573242 0.50293 0.0136719 0.0527344
0 0.478027 0.521484 0.0302734 0.0371094
0 0.427246 0.491211 0.0283203 0.0410156
0 0.38916 0.512207 0.0205078 0.0419922
0 0.448242 0.379883 0.0175781 0.0449219
0 0.55957 0.506836 0.0214844 0.0332031
0 0.48877 0.547852 0.0302734 0.0253906
0 0.578613 0.604004 0.0224609 0.0361328
0 0.625488 0.600586 0.0302734 0.0292969
0 0.509277 0.374023 0.0205078 0.0449219
0 0.661133 0.618164 0.015625 0.0449219
0 0.37793 0.876953 0.015625 0.0625
0 0.506836 0.411133 0.0253906 0.0390625
0 0.312988 0.515137 0.0263672 0.0400391
0 0.470703 0.303711 0.0253906 0.0292969
0 0.436523 0.428223 0.0214844 0.0419922
0 0.313477 0.804199 0.0214844 0.0517578
0 0.396973 0.541016 0.0302734 0.03125
0 0.59375 0.657227 0.0234375 0.0449219
0 0.513672 0.755859 0.015625 0.0546875
0 0.390625 0.808594 0.0292969 0.0332031
0 0.499512 0.566406 0.0322266 0.0273438
0 0.563477 0.40918 0.0136719 0.0488281
0 0.383301 0.396484 0.0166016 0.0546875
0 0.366699 0.865234 0.0166016 0.0605469
0 0.483398 0.402832 0.0253906 0.0380859
0 0.537598 0.379883 0.0244141 0.0410156
0 0.442383 0.87793 0.0253906 0.0488281
0 0.439453 0.365234 0.0195312 0.0546875
0 0.419922 0.852539 0.0234375 0.0566406
0 0.375977 0.586914 0.0175781 0.0527344
0 0.509277 0.720703 0.0283203 0.0390625
0 0.44873 0.500977 0.0302734 0.0253906
0 0.370117 0.815918 0.0195312 0.0380859
0 0.282227 0.771484 0.0292969 0.0273438
0 0.573242 0.461914 0.0175781 0.0390625
0 0.305664 0.776367 0.0253906 0.0253906
0 0.472656 0.439453 0.03125 0.0273438
0 0.397461 0.479492 0.0292969 0.0292969
0 0.581055 0.407715 0.0292969 0.0244141
0 0.470215 0.852539 0.0244141 0.0449219
0 0.357422 0.51123 0.015625 0.0517578
0 0.580078 0.385742 0.0273438 0.0371094
0 0.401367 0.496582 0.0292969 0.0224609
0 0.458496 0.739258 0.0185547 0.0507812
0 0.623047 0.628906 0.0273438 0.0351562
0 0.376465 0.344727 0.0224609 0.046875
0 0.426758 0.514648 0.0292969 0.0332031
0 0.439941 0.275879 0.0263672 0.0439453
0 0.627441 0.57959 0.0244141 0.0400391
0 0.347656 0.46875 0.0234375 0.0390625
0 0.478516 0.663086 0.0332031 0.0292969
0 0.611328 0.443848 0.0273438 0.0361328
0 0.451172 0.320312 0.0234375 0.0429688
0 0.475586 0.708008 0.0332031 0.0332031
0 0.473633 0.686523 0.03125 0.0253906
0 0.603516 0.613281 0.0195312 0.0546875
0 0.462402 0.41748 0.0185547 0.0498047
0 0.344238 0.704102 0.0263672 0.0410156
0 0.536621 0.588867 0.0322266 0.0332031
0 0.54248 0.462402 0.0166016 0.0537109
0 0.362793 0.416992 0.0166016 0.0507812
0 0.335938 0.505859 0.0292969 0.0332031
0 0.349121 0.78125 0.0224609 0.046875
0 0.592285 0.6875 0.0322266 0.0273438
0 0.486328 0.833984 0.0273438 0.0429688
0 0.291016 0.750488 0.0292969 0.0302734
0 0.394043 0.760742 0.0263672 0.0371094
0 0.564453 0.68457 0.0292969 0.03125
0 0.381836 0.791016 0.0332031 0.03125
0 0.611328 0.660156 0.0234375 0.0351562
0 0.265625 0.754395 0.0195312 0.0458984
0 0.427246 0.811523 0.0283203 0.0507812
0 0.395996 0.682129 0.0322266 0.0263672
0 0.449707 0.854492 0.0244141 0.0410156
0 0.397461 0.716797 0.0175781 0.0546875
0 0.60791 0.835449 0.0244141 0.0517578
0 0.228027 0.695312 0.0283203 0.0429688
0 0.420898 0.342285 0.0253906 0.0439453
0 0.526367 0.511719 0.0175781 0.0507812
0 0.369629 0.366211 0.0263672 0.0410156
0 0.311523 0.429688 0.03125 0.03125
0 0.571289 0.627441 0.0234375 0.0341797
0 0.309082 0.453125 0.0361328 0.03125
0 0.411133 0.765625 0.03125 0.0292969
0 0.44873 0.669434 0.0283203 0.0400391
0 0.408203 0.26416 0.0234375 0.0458984
0 0.396484 0.178223 0.0332031 0.0322266
0 0.520508 0.458008 0.0195312 0.0488281
0 0.259766 0.646484 0.0273438 0.03125
0 0.501953 0.625 0.0234375 0.0507812
0 0.338379 0.533203 0.0302734 0.0351562
0 0.374023 0.767578 0.0292969 0.0371094
0 0.308594 0.753906 0.0273438 0.0429688
0 0.333008 0.802734 0.0214844 0.0527344
0 0.651367 0.308594 0.0214844 0.0546875
0 0.436035 0.762695 0.0244141 0.0449219
0 0.50293 0.68457 0.03125 0.0371094
0 0.449707 0.776367 0.0185547 0.0527344
0 0.369141 0.708984 0.0273438 0.0429688
0 0.449219 0.705078 0.0253906 0.046875
0 0.463867 0.544922 0.0292969 0.0332031
0 0.431152 0.310059 0.0322266 0.0244141
0 0.535156 0.43457 0.0214844 0.0410156
0 0.416992 0.692871 0.0195312 0.0517578
0 0.557129 0.487793 0.0263672 0.0361328
0 0.663086 0.510742 0.0292969 0.0253906
0 0.544922 0.697266 0.0292969 0.03125
0 0.418945 0.891602 0.0214844 0.0488281
0 0.396484 0.269043 0.0234375 0.0498047
0 0.520508 0.851562 0.0253906 0.0566406
0 0.31543 0.725098 0.0332031 0.0263672
0 0.32373 0.574707 0.0302734 0.0283203
0 0.628906 0.537109 0.0234375 0.0390625
0 0.410156 0.565918 0.0273438 0.0380859
0 0.654297 0.538086 0.0273438 0.0332031
0 0.387695 0.844727 0.0214844 0.0449219
0 0.449707 0.191406 0.0224609 0.0351562
0 0.420898 0.658203 0.0273438 0.0390625
0 0.542969 0.723633 0.03125 0.0332031
0 0.564941 0.369141 0.0224609 0.0507812
0 0.545898 0.664062 0.0332031 0.0273438
0 0.26123 0.785156 0.0322266 0.0371094
0 0.225098 0.662598 0.0302734 0.0380859
0 0.262695 0.67041 0.0292969 0.0380859
0 0.644531 0.603516 0.0234375 0.0507812
0 0.345703 0.851562 0.0351562 0.0273438
0 0.436035 0.536133 0.0263672 0.0449219
0 0.259277 0.59082 0.0263672 0.0449219
0 0.354492 0.817383 0.0175781 0.046875
0 0.623535 0.504883 0.0302734 0.0292969
0 0.357422 0.378418 0.0292969 0.0400391
0 0.666016 0.644531 0.0273438 0.046875
0 0.495605 0.776855 0.0283203 0.0419922
0 0.650879 0.564941 0.0283203 0.0341797
0 0.291504 0.602539 0.0283203 0.046875
