0 0.38623 0.583008 0.0849609 0.0488281
0 0.48291 0.641602 0.0771484 0.0488281
0 0.356445 0.990723 0.0566406 0.0185547
0 0.458008 0.343262 0.0605469 0.0693359
0 0.459961 0.532715 0.0332031 0.0673828
0 0.519531 0.586914 0.0429688 0.0683594
0 0.424805 0.541016 0.0605469 0.0507812
0 0.193359 0.394043 0.0585938 0.0595703
0 0.570801 0.382324 0.0595703 0.0537109
0 0.32373 0.436523 0.0283203 0.0625
0 0.497559 0.257324 0.0615234 0.0595703
0 0.381836 0.40918 0.0488281 0.0625
0 0.473145 0.583984 0.0732422 0.046875
0 0.60498 0.416016 0.0498047 0.0410156
0 0.566406 0.551758 0.078125 0.0351562
0 0.34082 0.517578 0.0410156 0.0722656
0 0.550781 0.326172 0.0546875 0.0664062
0 0.480469 0.484863 0.0429688 0.0810547
0 0.233398 0.983398 0.0644531 0.0332031
0 0.154297 0.956543 0.0488281 0.0869141
0 0.618652 0.432617 0.0341797 0.0625
0 0.109375 0.919434 0.0546875 0.0537109
0 0.197754 0.952637 0.0322266 0.0849609
0 0.285156 0.974121 0.0429688 0.0517578
0 0.546875 0.59668 0.046875 0.0683594
0 0.515625 0.274902 0.0351562 0.0673828
0 0.242188 0.94043 0.0566406 0.0761719
0 0.54541 0.662598 0.0615234 0.0634766
0 0.593262 0.616211 0.0634766 0.0839844
0 0.524414 0.875488 0.0527344 0.0927734
0 0.347656 0.949219 0.0429688 0.0859375
0 0.370117 0.467773 0.0605469 0.0449219
0 0.549805 0.706055 0.0546875 0.0742188
0 0.514648 0.706055 0.0292969 0.0820312
0 0.661133 0.382324 0.0683594 0.0576172
0 0.287598 0.545898 0.0693359 0.0644531
0 0.554688 0.391113 0.0585938 0.0595703
