0 0.571289 0.537109 0.0214844 0.0390625
0 0.574707 0.577148 0.0263672 0.0449219
0 0.521973 0.499023 0.0244141 0.0527344
0 0.494629 0.574219 0.0244141 0.0546875
0 0.571289 0.599609 0.0332031 0.0234375
0 0.429199 0.620117 0.0361328 0.0253906
0 0.575195 0.499023 0.0371094 0.0449219
0 0.541016 0.527344 0.0234375 0.046875
0 0.496094 0.599609 0.03125 0.0507812
0 0.472656 0.602539 0.03125 0.0488281
0 0.500488 0.619141 0.0322266 0.0507812
0 0.59082 0.459473 0.0527344 0.0302734
0 0.547363 0.56543 0.0400391 0.0488281
0 0.557617 0.533203 0.0253906 0.0625
0 0.60498 0.592773 0.0361328 0.0332031
0 0.449219 0.618164 0.0253906 0.0527344
0 0.586426 0.550781 0.0166016 0.0507812
0 0.625488 0.579102 0.0322266 0.0332031
0 0.527344 0.59668 0.0175781 0.0644531
0 0.541016 0.614258 0.0195312 0.0605469
0 0.595703 0.430176 0.0390625 0.0380859
0 0.606445 0.549805 0.0234375 0.0371094
0 0.473633 0.547852 0.0371094 0.0332031
0 0.514648 0.545898 0.0175781 0.0644531
0 0.608398 0.359375 0.0371094 0.046875
0 0.527344 0.46875 0.0234375 0.0683594
0 0.629883 0.625977 0.0195312 0.0605469
0 0.479492 0.524414 0.0410156 0.0449219
0 0.449707 0.579102 0.0244141 0.0566406
0 0.502441 0.648438 0.0361328 0.0566406
0 0.660156 0.546387 0.0273438 0.0576172
0 0.632812 0.510742 0.0390625 0.0371094
0 0.556641 0.440918 0.0351562 0.0556641
0 0.560059 0.630371 0.0224609 0.0576172
0 0.457031 0.649414 0.0449219 0.0371094
0 0.65332 0.341797 0.0410156 0.0546875
0 0.59082 0.626953 0.0449219 0.0273438
0 0.668457 0.513184 0.0244141 0.0537109
0 0.59668 0.49707 0.0332031 0.0488281
0 0.566895 0.342285 0.0458984 0.0341797
