0 0.17627 0.564453 0.0302734 0.0566406
0 0.334473 0.369141 0.0458984 0.0820312
0 0.248047 0.644531 0.0449219 0.0742188
0 0.279297 0.702637 0.0488281 0.0537109
0 0.423828 0.113281 0.0644531 0.0488281
0 0.339355 0.813477 0.0478516 0.0683594
0 0.42627 0.617188 0.0341797 0.078125
0 0.166016 0.583984 0.0332031 0.0664062
0 0.59082 0.78418 0.0605469 0.0566406
0 0.48291 0.40332 0.0556641 0.0683594
0 0.496094 0.606934 0.0625 0.0498047
0 0.583496 0.431152 0.0361328 0.0791016
0 0.328125 0.210449 0.0625 0.0498047
0 0.662109 0.580078 0.0429688 0.0742188
0 0.147461 0.508789 0.0390625 0.0742188
