0 0.706055 0.65625 0.0253906 0.0292969
0 0.633789 0.365723 0.0214844 0.0400391
0 0.612305 0.649414 0.0175781 0.0410156
0 0.619141 0.35791 0.015625 0.0439453
0 0.739258 0.70166 0.0214844 0.0419922
0 0.706543 0.62207 0.0263672 0.0371094
0 0.5625 0.848633 0.015625 0.0449219
0 0.494629 0.727539 0.0224609 0.0292969
0 0.619141 0.520508 0.0195312 0.0429688
0 0.566895 0.64502 0.0283203 0.0302734
0 0.459961 0.435547 0.0214844 0.0507812
0 0.680664 0.647461 0.0253906 0.03125
0 0.71875 0.612305 0.015625 0.0410156
0 0.600586 0.520996 0.0214844 0.0419922
0 0.493164 0.750977 0.0175781 0.0449219
0 0.522461 0.556641 0.0136719 0.0410156
0 0.54834 0.694336 0.0166016 0.0410156
0 0.557617 0.684082 0.0175781 0.0322266
0 0.551758 0.662109 0.015625 0.046875
0 0.466797 0.40918 0.0234375 0.0566406
0 0.631348 0.465332 0.0244141 0.0400391
0 0.51416 0.481934 0.0224609 0.0283203
0 0.696289 0.637695 0.0253906 0.0253906
0 0.585449 0.458984 0.0185547 0.0390625
0 0.573242 0.839844 0.0136719 0.0488281
0 0.611816 0.67334 0.0263672 0.0302734
0 0.671387 0.739258 0.0263672 0.0292969
0 0.458984 0.530273 0.0234375 0.0292969
0 0.56543 0.463379 0.0234375 0.0322266
0 0.538574 0.584961 0.0244141 0.0332031
0 0.499023 0.690918 0.0214844 0.0478516
0 0.527344 0.821289 0.0273438 0.0332031
0 0.447266 0.682129 0.015625 0.0478516
0 0.481445 0.698242 0.0195312 0.0527344
0 0.474609 0.524414 0.0195312 0.0390625
0 0.445801 0.54834 0.0205078 0.0400391
0 0.567383 0.443848 0.0214844 0.0439453
0 0.603516 0.605469 0.0234375 0.03125
0 0.59082 0.347656 0.0175781 0.0546875
0 0.603027 0.34082 0.0146484 0.0488281
0 0.61377 0.361816 0.0166016 0.0478516
0 0.547852 0.602051 0.0253906 0.0302734
0 0.666016 0.404297 0.0214844 0.0234375
0 0.430176 0.435059 0.0263672 0.0380859
0 0.517578 0.290527 0.0234375 0.0439453
0 0.545898 0.841797 0.0253906 0.0332031
0 0.682129 0.371582 0.0263672 0.0322266
0 0.657227 0.555664 0.0175781 0.0371094
0 0.648438 0.632812 0.015625 0.046875
0 0.414062 0.477051 0.03125 0.0458984
0 0.479492 0.560547 0.0214844 0.0546875
0 0.431641 0.463867 0.015625 0.046875
0 0.631836 0.520996 0.0175781 0.0400391
0 0.611328 0.814453 0.0195312 0.046875
0 0.536133 0.678711 0.0175781 0.0527344
0 0.506836 0.469727 0.0253906 0.0410156
0 0.718262 0.50293 0.0185547 0.0488281
0 0.667969 0.798828 0.03125 0.03125
0 0.578125 0.632812 0.0273438 0.0273438
0 0.594727 0.495117 0.0253906 0.0273438
0 0.574707 0.481445 0.0166016 0.0410156
0 0.48291 0.755371 0.0205078 0.0400391
0 0.649414 0.462891 0.0214844 0.046875
0 0.600586 0.589844 0.0214844 0.0390625
0 0.748047 0.47168 0.015625 0.0449219
0 0.584473 0.853027 0.0166016 0.0498047
0 0.616211 0.412598 0.0175781 0.0478516
0 0.447266 0.816406 0.0253906 0.03125
0 0.475098 0.728027 0.0263672 0.0263672
0 0.461426 0.768066 0.0205078 0.0556641
0 0.682129 0.404297 0.0166016 0.0429688
0 0.699219 0.53418 0.0195312 0.0605469
0 0.651367 0.5 0.0175781 0.0429688
0 0.62793 0.617188 0.0175781 0.0371094
0 0.575195 0.373047 0.0175781 0.046875
0 0.657227 0.376465 0.0195312 0.0458984
0 0.581055 0.518555 0.0175781 0.0410156
0 0.664062 0.645996 0.015625 0.0498047
0 0.505859 0.75293 0.015625 0.0449219
0 0.556641 0.785156 0.0234375 0.0332031
0 0.481445 0.367676 0.0175781 0.0478516
0 0.658203 0.431152 0.0175781 0.0458984
0 0.55957 0.730469 0.0292969 0.0292969
0 0.563477 0.506348 0.0234375 0.0341797
0 0.569336 0.771484 0.0253906 0.0351562
0 0.599609 0.387207 0.0175781 0.0537109
0 0.430664 0.57959 0.0253906 0.0361328
0 0.516602 0.599609 0.0214844 0.0390625
0 0.650391 0.414062 0.0195312 0.0390625
0 0.604492 0.646973 0.0253906 0.0361328
0 0.563477 0.619141 0.0253906 0.0390625
0 0.486328 0.421875 0.0253906 0.0371094
0 0.498047 0.579102 0.015625 0.0488281
0 0.5 0.526367 0.0273438 0.0371094
0 0.527344 0.506836 0.015625 0.0488281
0 0.544922 0.448242 0.015625 0.0449219
0 0.4375 0.613281 0.0253906 0.0351562
0 0.60791 0.564453 0.0224609 0.0429688
0 0.662109 0.581055 0.0273438 0.0449219
0 0.705078 0.487305 0.0195312 0.0449219
0 0.559082 0.226074 0.0205078 0.0439453
0 0.639648 0.338379 0.0214844 0.0458984
0 0.661133 0.346191 0.0195312 0.0478516
0 0.655762 0.693359 0.0205078 0.0507812
0 0.513672 0.543945 0.015625 0.0488281
0 0.761719 0.479492 0.0175781 0.0371094
0 0.555664 0.529297 0.0214844 0.0429688
0 0.62793 0.640625 0.0214844 0.0390625
0 0.708984 0.59668 0.0195312 0.0449219
0 0.499512 0.275879 0.0302734 0.0498047
0 0.53418 0.552734 0.015625 0.0507812
0 0.598633 0.45166 0.0214844 0.0419922
0 0.511719 0.334473 0.0195312 0.0556641
0 0.583984 0.704102 0.0273438 0.0371094
0 0.487305 0.787109 0.0234375 0.0546875
0 0.489746 0.663086 0.0185547 0.0449219
0 0.563965 0.394531 0.0146484 0.0429688
0 0.684082 0.475586 0.0166016 0.0488281
0 0.633789 0.689453 0.0214844 0.0351562
0 0.591309 0.571777 0.0263672 0.0263672
0 0.438477 0.191406 0.0253906 0.0390625
0 0.451172 0.705566 0.0195312 0.0439453
0 0.67627 0.425781 0.0224609 0.0410156
0 0.542969 0.42041 0.0195312 0.0439453
0 0.745117 0.49707 0.0292969 0.0410156
0 0.729492 0.612305 0.0214844 0.0410156
0 0.522949 0.449707 0.0263672 0.0341797
0 0.408203 0.522461 0.03125 0.03125
0 0.687012 0.729004 0.0263672 0.0380859
0 0.683594 0.696777 0.0292969 0.0302734
0 0.544922 0.386719 0.0273438 0.0351562
