0 0.606445 0.538086 0.0136719 0.0136719
0 0.62793 0.47998 0.0136719 0.0185547
0 0.567383 0.542969 0.0195312 0.015625
0 0.566895 0.481934 0.0146484 0.0146484
0 0.544922 0.521484 0.0136719 0.015625
0 0.629883 0.526855 0.0175781 0.0146484
0 0.586426 0.459961 0.0146484 0.0117188
0 0.60791 0.509766 0.0107422 0.0234375
0 0.637695 0.494141 0.015625 0.015625
0 0.577148 0.511719 0.0136719 0.015625
0 0.544922 0.507812 0.0117188 0.0253906
0 0.560059 0.543945 0.0166016 0.0195312
0 0.59668 0.470703 0.0117188 0.0195312
0 0.566406 0.526367 0.0117188 0.0175781
0 0.575195 0.55957 0.0136719 0.0175781
0 0.587402 0.529297 0.0126953 0.015625
0 0.62207 0.477051 0.00976562 0.0263672
0 0.564453 0.54834 0.0117188 0.0146484
0 0.533203 0.493164 0.0078125 0.0214844
0 0.536621 0.496094 0.0126953 0.0195312
0 0.629883 0.504395 0.0136719 0.0146484
0 0.586426 0.470703 0.0146484 0.015625
0 0.620605 0.509766 0.0126953 0.015625
0 0.597656 0.501953 0.00976562 0.0195312
0 0.583496 0.541504 0.0126953 0.0146484
0 0.560059 0.496094 0.0166016 0.015625
0 0.582031 0.499023 0.0195312 0.00976562
0 0.582031 0.559082 0.0195312 0.0146484
0 0.574219 0.527344 0.015625 0.015625
0 0.610352 0.505371 0.00976562 0.0224609
0 0.59668 0.513672 0.00976562 0.0234375
0 0.610352 0.470215 0.0136719 0.0146484
0 0.605957 0.47998 0.0166016 0.0126953
0 0.56543 0.470215 0.0175781 0.0126953
0 0.558594 0.486328 0.0136719 0.0136719
0 0.605469 0.549805 0.015625 0.00976562
0 0.554688 0.474609 0.0117188 0.0214844
0 0.550781 0.508789 0.00976562 0.0234375
0 0.581055 0.483398 0.0136719 0.0175781
0 0.62793 0.489746 0.00976562 0.0205078
0 0.642578 0.505371 0.015625 0.0146484
0 0.615234 0.524414 0.015625 0.0136719
0 0.566406 0.495117 0.0195312 0.0136719
0 0.54834 0.546875 0.0107422 0.0195312
0 0.540527 0.5 0.0107422 0.0195312
0 0.633789 0.533203 0.0175781 0.0117188
0 0.644531 0.491211 0.015625 0.0136719
0 0.574219 0.541016 0.015625 0.0117188
0 0.625977 0.472168 0.00976562 0.0205078
0 0.606445 0.489258 0.015625 0.0136719
0 0.636719 0.515625 0.0136719 0.0136719
0 0.619141 0.541992 0.0117188 0.0136719
0 0.547852 0.52832 0.0136719 0.0175781
0 0.636719 0.480957 0.0175781 0.0107422
0 0.575195 0.467773 0.0136719 0.0136719
0 0.619141 0.459961 0.0078125 0.0214844
0 0.563477 0.561523 0.00976562 0.0175781
0 0.600586 0.456543 0.015625 0.0126953
0 0.535156 0.525391 0.0117188 0.015625
0 0.5625 0.508789 0.0195312 0.0175781
0 0.655273 0.509766 0.0136719 0.0273438
0 0.521484 0.501465 0.015625 0.0166016
0 0.475098 0.483398 0.0126953 0.0175781
0 0.67334 0.481934 0.0146484 0.0185547
0 0.527344 0.516602 0.015625 0.0136719
