0 0.75293 0.308594 0.0449219 0.0507812
0 0.529297 0.42334 0.0664062 0.0283203
0 0.750977 0.466797 0.0527344 0.0507812
0 0.116699 0.422852 0.0888672 0.0371094
0 0.128418 0.603516 0.0732422 0.03125
0 0.208008 0.776855 0.0566406 0.0419922
0 0.758301 0.400391 0.0458984 0.0546875
0 0.580078 0.507812 0.0703125 0.03125
0 0.720703 0.410645 0.0585938 0.0419922
0 0.859375 0.651367 0.0585938 0.0664062
0 0.546875 0.449219 0.0488281 0.0605469
0 0.473633 0.533203 0.0761719 0.03125
0 0.638672 0.626953 0.0605469 0.046875
0 0.71582 0.494141 0.0644531 0.0273438
0 0.730469 0.433594 0.0625 0.0429688
0 0.498047 0.279785 0.0585938 0.0361328
0 0.273438 0.814453 0.046875 0.0546875
0 0.190918 0.462891 0.0791016 0.0429688
0 0.911621 0.509766 0.0693359 0.0332031
0 0.827637 0.409668 0.0595703 0.0439453
0 0.713379 0.468262 0.0556641 0.0419922
0 0.64209 0.365723 0.0615234 0.0419922
