0 0.349609 0.631348 0.0429688 0.0556641
0 0.358398 0.631348 0.0195312 0.0556641
0 0.363281 0.743652 0.0175781 0.0517578
0 0.373047 0.883789 0.0585938 0.0292969
0 0.527344 0.595703 0.0390625 0.03125
0 0.306152 0.802734 0.0341797 0.03125
0 0.389648 0.53418 0.0292969 0.0683594
0 0.311523 0.833008 0.0351562 0.0410156
0 0.584473 0.714355 0.0302734 0.0615234
0 0.275391 0.432617 0.0292969 0.0527344
0 0.423828 0.700195 0.03125 0.0605469
0 0.268555 0.652832 0.0214844 0.0576172
0 0.347168 0.942383 0.0224609 0.0507812
0 0.673828 0.719727 0.046875 0.0410156
0 0.655762 0.642578 0.0322266 0.0585938
0 0.42334 0.601562 0.0380859 0.03125
0 0.613281 0.625 0.0351562 0.0585938
0 0.470215 0.538086 0.0224609 0.0566406
