0 0.629883 0.737305 0.0136719 0.0253906
0 0.175293 0.371582 0.0107422 0.0498047
0 0.771484 0.490234 0.0234375 0.0527344
0 0.996094 0.567383 0.0078125 0.0273438
0 0.749023 0.44043 0.03125 0.0273438
0 0.481445 0.458984 0.015625 0.0507812
0 0.412109 0.283203 0.0273438 0.0292969
0 0.419434 0.413574 0.0166016 0.0361328
0 0.733398 0.47168 0.0214844 0.0214844
0 0.784668 0.45166 0.0263672 0.0224609
0 0.489258 0.489746 0.03125 0.0185547
0 0.543945 0.407715 0.0253906 0.0361328
0 0.314453 0.450195 0.0390625 0.03125
0 0.635742 0.410156 0.0410156 0.0351562
0 0.520996 0.325195 0.0166016 0.0449219
0 0.752441 0.422852 0.0302734 0.015625
0 0.635742 0.475098 0.0332031 0.0517578
0 0.594238 0.538086 0.0244141 0.0371094
0 0.543457 0.439453 0.0263672 0.0175781
0 0.746094 0.329102 0.0214844 0.0332031
0 0.766602 0.431152 0.0253906 0.0302734
0 0.930664 0.479004 0.0136719 0.0439453
0 0.599609 0.563965 0.0195312 0.0400391
0 0.39209 0.300781 0.0185547 0.0625
0 0.666504 0.362305 0.0458984 0.0214844
0 0.870117 0.544922 0.0351562 0.0214844
0 0.787598 0.294434 0.0205078 0.0400391
0 0.567383 0.415039 0.0371094 0.0292969
0 0.770508 0.570312 0.0214844 0.0351562
0 0.730469 0.345215 0.0234375 0.0498047
0 0.644531 0.45166 0.0117188 0.0439453
0 0.924805 0.528809 0.0371094 0.0341797
0 0.804688 0.571289 0.0429688 0.0332031
0 0.38623 0.527344 0.0283203 0.0351562
0 0.398926 0.157715 0.0146484 0.0517578
0 0.734863 0.5 0.0244141 0.046875
0 0.698242 0.354004 0.0410156 0.0205078
0 0.613281 0.690918 0.0429688 0.0205078
0 0.396973 0.470703 0.0458984 0.0507812
0 0.431641 0.390625 0.0175781 0.0351562
0 0.518066 0.361816 0.0205078 0.0478516
0 0.711426 0.526367 0.0146484 0.0429688
0 0.552734 0.571289 0.0195312 0.0527344
0 0.606445 0.501953 0.0292969 0.0390625
0 0.894531 0.634766 0.03125 0.0195312
0 0.701172 0.267578 0.0371094 0.0390625
0 0.435547 0.299316 0.0351562 0.0263672
0 0.436035 0.439453 0.0205078 0.0605469
0 0.44873 0.312012 0.0166016 0.0498047
0 0.587891 0.617188 0.0351562 0.03125
0 0.818359 0.428223 0.0429688 0.0205078
0 0.753906 0.272461 0.0429688 0.0332031
0 0.792969 0.228516 0.0136719 0.0488281
0 0.481934 0.318848 0.0478516 0.0224609
0 0.462891 0.369141 0.0390625 0.0234375
0 0.233887 0.605469 0.0205078 0.0429688
0 0.330566 0.294922 0.0419922 0.0820312
0 0.355957 0.542969 0.0322266 0.0390625
