0 0.47998 0.438477 0.0224609 0.0566406
0 0.508301 0.6875 0.0380859 0.03125
0 0.532227 0.669434 0.0410156 0.0380859
0 0.254395 0.458984 0.0380859 0.0292969
0 0.69043 0.699219 0.0292969 0.0625
0 0.574707 0.536621 0.0244141 0.0634766
0 0.665039 0.658691 0.0214844 0.0556641
0 0.120605 0.590332 0.0439453 0.0419922
0 0.606445 0.38623 0.0253906 0.0615234
0 0.459473 0.349609 0.0439453 0.046875
0 0.274414 0.333008 0.0488281 0.0566406
0 0.47168 0.503418 0.0332031 0.0537109
0 0.441406 0.286621 0.0371094 0.0517578
0 0.270508 0.263672 0.0371094 0.0546875
0 0.743652 0.529785 0.0400391 0.0556641
0 0.614258 0.294434 0.0410156 0.0556641
