0 0.649902 0.634766 0.0458984 0.0390625
0 0.61084 0.772461 0.0361328 0.0683594
0 0.512207 0.661133 0.0419922 0.0292969
0 0.490723 0.748535 0.0263672 0.0283203
0 0.501465 0.681641 0.0205078 0.0234375
0 0.477539 0.48291 0.0410156 0.0283203
0 0.576172 0.419922 0.0234375 0.0742188
0 0.500488 0.788086 0.0224609 0.0605469
0 0.437012 0.474121 0.0322266 0.0419922
0 0.445312 0.620117 0.0429688 0.0410156
0 0.707031 0.418945 0.0273438 0.0332031
0 0.585938 0.583008 0.03125 0.0605469
0 0.681641 0.303223 0.0390625 0.0302734
0 0.369141 0.397461 0.0195312 0.0507812
0 0.53125 0.368652 0.0507812 0.0595703
0 0.350586 0.503906 0.0332031 0.0585938
0 0.332031 0.445801 0.0429688 0.0224609
0 0.421875 0.404785 0.0507812 0.0302734
0 0.569824 0.285645 0.0380859 0.0224609
0 0.536133 0.555664 0.0292969 0.0644531
0 0.521484 0.177734 0.0195312 0.0429688
0 0.525391 0.240234 0.0234375 0.0625
0 0.506348 0.529297 0.0263672 0.0507812
0 0.699219 0.179688 0.0351562 0.0429688
0 0.643555 0.236328 0.0214844 0.0429688
0 0.459961 0.727539 0.0410156 0.0234375
0 0.395508 0.32959 0.0390625 0.0419922
0 0.40332 0.504395 0.0332031 0.0380859
0 0.586914 0.333496 0.0332031 0.0361328
0 0.486328 0.376465 0.03125 0.0498047
0 0.634766 0.29834 0.03125 0.0224609
0 0.545898 0.339844 0.0410156 0.0214844
0 0.323242 0.507812 0.0175781 0.0429688
0 0.277832 0.464844 0.0380859 0.0253906
0 0.478027 0.432617 0.0205078 0.0566406
