0 0.295898 0.505859 0.101562 0.03125
0 0.297852 0.495605 0.0878906 0.0263672
0 0.479492 0.564453 0.0800781 0.03125
0 0.464355 0.475098 0.0498047 0.0498047
0 0.5625 0.450684 0.0898438 0.0244141
0 0.289551 0.516602 0.108398 0.0234375
0 0.887207 0.500488 0.0576172 0.0478516
0 0.605957 0.473145 0.104492 0.0263672
0 0.528809 0.466797 0.0830078 0.0253906
0 0.585938 0.516113 0.046875 0.0458984
0 0.301758 0.463867 0.0527344 0.0527344
0 0.221191 0.605469 0.0888672 0.03125
0 0.829102 0.491211 0.0839844 0.0292969
