0 0.608398 0.293457 0.0917969 0.0947266
0 0.621582 0.419922 0.0693359 0.046875
0 0.806641 0.649414 0.0507812 0.0566406
0 0.626953 0.495117 0.0488281 0.0996094
0 0.305176 0.476074 0.0712891 0.0673828
0 0.379883 0.487305 0.0957031 0.0488281
0 0.430176 0.333496 0.0673828 0.0966797
0 0.541016 0.634766 0.0664062 0.0625
0 0.549805 0.470215 0.0488281 0.12207
0 0.380859 0.704102 0.101562 0.0605469
0 0.697266 0.628906 0.03125 0.0917969
0 0.724121 0.509277 0.0302734 0.0947266
0 0.522461 0.591309 0.0722656 0.0517578
