0 0.490234 0.658691 0.0195312 0.0380859
0 0.476074 0.521484 0.0126953 0.0234375
0 0.487305 0.518066 0.015625 0.0341797
0 0.556641 0.495117 0.015625 0.015625
0 0.517578 0.505371 0.0195312 0.0166016
0 0.483398 0.524414 0.015625 0.0332031
0 0.510254 0.32373 0.0126953 0.0244141
0 0.586426 0.597168 0.0166016 0.0244141
0 0.46582 0.530762 0.00976562 0.0244141
0 0.494141 0.646973 0.0195312 0.0224609
0 0.346191 0.34668 0.0205078 0.0351562
0 0.578125 0.443359 0.015625 0.0351562
0 0.520996 0.486816 0.0205078 0.0126953
0 0.49707 0.516602 0.0136719 0.0292969
0 0.553711 0.674316 0.0332031 0.0205078
0 0.581055 0.592773 0.0214844 0.0253906
0 0.505859 0.46875 0.015625 0.03125
0 0.449219 0.494141 0.0234375 0.0273438
0 0.48877 0.551758 0.0205078 0.015625
0 0.414062 0.291504 0.0195312 0.0361328
0 0.503906 0.489746 0.015625 0.0244141
0 0.504395 0.529785 0.0185547 0.0244141
0 0.597656 0.603516 0.0136719 0.0351562
0 0.50293 0.551758 0.0136719 0.0253906
0 0.477539 0.356445 0.0292969 0.0253906
0 0.376953 0.424316 0.0292969 0.0361328
0 0.582031 0.42334 0.0195312 0.0185547
0 0.552246 0.5625 0.0205078 0.0234375
0 0.53418 0.495117 0.0136719 0.0292969
0 0.515625 0.54248 0.015625 0.0263672
0 0.582031 0.655762 0.0234375 0.0146484
0 0.539062 0.732422 0.0117188 0.0273438
0 0.441406 0.586914 0.0117188 0.0371094
0 0.496094 0.40918 0.015625 0.015625
0 0.571289 0.668457 0.0253906 0.0107422
0 0.567383 0.429688 0.0136719 0.0273438
0 0.50293 0.680176 0.0136719 0.0361328
0 0.552734 0.544434 0.0253906 0.0146484
0 0.45752 0.464844 0.0341797 0.0175781
0 0.435547 0.616211 0.0195312 0.0292969
0 0.521484 0.792969 0.0273438 0.015625
0 0.465332 0.607422 0.0107422 0.0351562
0 0.46875 0.503418 0.015625 0.0283203
0 0.30957 0.361816 0.0292969 0.0302734
0 0.437988 0.521484 0.0185547 0.0371094
0 0.400391 0.736328 0.015625 0.0351562
0 0.561523 0.474609 0.00976562 0.0292969
0 0.574219 0.532227 0.0117188 0.0332031
0 0.395996 0.407227 0.0126953 0.0292969
0 0.609863 0.689453 0.0205078 0.0175781
0 0.46875 0.558105 0.0195312 0.0302734
0 0.548828 0.447754 0.0195312 0.0205078
0 0.640625 0.68457 0.0234375 0.0253906
0 0.388184 0.64502 0.0263672 0.0302734
0 0.525391 0.727539 0.0234375 0.0273438
0 0.589844 0.4375 0.0195312 0.0234375
0 0.586914 0.574219 0.0214844 0.0136719
0 0.583984 0.496582 0.015625 0.0263672
0 0.577148 0.481934 0.0175781 0.0224609
0 0.337402 0.404785 0.0244141 0.0224609
