0 0.285156 0.574219 0.0253906 0.0195312
0 0.20752 0.556641 0.0322266 0.03125
0 0.427734 0.386719 0.0273438 0.0410156
0 0.22998 0.604492 0.0166016 0.0722656
0 0.63623 0.558105 0.0458984 0.0283203
0 0.440918 0.662598 0.0302734 0.0283203
0 0.428223 0.666016 0.0439453 0.03125
0 0.225586 0.435059 0.0292969 0.0361328
0 0.342773 0.401367 0.0410156 0.0332031
0 0.463867 0.641602 0.0253906 0.0214844
0 0.394043 0.345703 0.0224609 0.0429688
0 0.506348 0.663086 0.0322266 0.0292969
0 0.667969 0.436523 0.0234375 0.0429688
0 0.600586 0.693848 0.0371094 0.0322266
0 0.401367 0.705078 0.0371094 0.0234375
0 0.650391 0.512695 0.015625 0.0410156
0 0.378418 0.714844 0.0166016 0.0351562
0 0.426758 0.606445 0.0136719 0.0371094
0 0.209961 0.623047 0.0292969 0.0253906
0 0.550781 0.699219 0.0273438 0.0234375
0 0.596191 0.713379 0.0458984 0.0263672
0 0.184082 0.639648 0.0361328 0.0566406
0 0.29248 0.602051 0.0146484 0.0419922
0 0.668945 0.496094 0.0292969 0.015625
0 0.325195 0.589844 0.0214844 0.0390625
0 0.620117 0.45459 0.0371094 0.0224609
0 0.391113 0.679688 0.0205078 0.0429688
0 0.447754 0.599609 0.0244141 0.03125
0 0.469727 0.606445 0.0214844 0.0488281
0 0.449707 0.620117 0.0224609 0.0253906
0 0.410156 0.352051 0.0234375 0.0498047
0 0.310547 0.586914 0.0292969 0.0332031
0 0.402344 0.379883 0.0371094 0.0488281
0 0.28418 0.552734 0.0351562 0.0214844
0 0.365723 0.446289 0.0322266 0.0449219
0 0.615234 0.495605 0.0429688 0.0263672
0 0.412109 0.615234 0.015625 0.0488281
0 0.582031 0.519043 0.0234375 0.0361328
0 0.530273 0.681641 0.0214844 0.0507812
0 0.245117 0.552246 0.0332031 0.0244141
0 0.34082 0.546875 0.0214844 0.0390625
0 0.390625 0.587891 0.0195312 0.0429688
0 0.220215 0.600098 0.0205078 0.0673828
0 0.617188 0.568359 0.03125 0.0234375
0 0.529297 0.481445 0.0351562 0.0214844
0 0.266113 0.538086 0.0322266 0.0175781
0 0.324219 0.620117 0.0117188 0.0449219
0 0.314941 0.427246 0.0166016 0.0439453
0 0.433594 0.568359 0.0371094 0.03125
0 0.538086 0.501465 0.0410156 0.0244141
0 0.298828 0.567383 0.0273438 0.0175781
0 0.307617 0.393555 0.0292969 0.0332031
0 0.23877 0.40625 0.0458984 0.03125
0 0.435059 0.635742 0.0302734 0.0292969
0 0.597656 0.611328 0.03125 0.0390625
0 0.442383 0.435547 0.0195312 0.0585938
0 0.381836 0.600586 0.0292969 0.0292969
0 0.558594 0.668945 0.015625 0.0488281
0 0.240234 0.579102 0.0214844 0.0429688
0 0.640625 0.538086 0.0410156 0.0175781
0 0.429199 0.310547 0.0322266 0.0371094
0 0.625977 0.586914 0.0371094 0.0214844
0 0.42627 0.341797 0.0224609 0.0546875
0 0.469727 0.649414 0.0332031 0.0292969
0 0.510254 0.383301 0.0283203 0.0283203
0 0.672363 0.471191 0.0341797 0.0439453
0 0.286133 0.410645 0.0214844 0.0654297
0 0.491211 0.620117 0.0332031 0.0253906
0 0.507812 0.636719 0.03125 0.0253906
0 0.485352 0.349609 0.0351562 0.0410156
0 0.399414 0.560547 0.0195312 0.0546875
0 0.290527 0.487305 0.0380859 0.0449219
0 0.577148 0.483398 0.03125 0.0410156
0 0.458984 0.340332 0.03125 0.0224609
0 0.402832 0.725586 0.0341797 0.0292969
0 0.419922 0.416992 0.0351562 0.0410156
0 0.345703 0.632324 0.0390625 0.0244141
0 0.377441 0.73877 0.0263672 0.0498047
0 0.40918 0.314941 0.0175781 0.0498047
0 0.320312 0.364746 0.03125 0.0341797
0 0.541504 0.319336 0.0361328 0.0625
0 0.293457 0.535156 0.0283203 0.0234375
0 0.53125 0.575195 0.0273438 0.0371094
0 0.595703 0.655273 0.0410156 0.0410156
0 0.693359 0.610352 0.0449219 0.0410156
0 0.591797 0.582031 0.0273438 0.0273438
0 0.37793 0.683105 0.0234375 0.0439453
0 0.54541 0.620117 0.0302734 0.0253906
0 0.310547 0.621094 0.0214844 0.0390625
0 0.669922 0.313477 0.0273438 0.0722656
0 0.647461 0.42627 0.0214844 0.0478516
0 0.561523 0.720703 0.0351562 0.0234375
0 0.33252 0.652832 0.0380859 0.0244141
0 0.39502 0.631836 0.0283203 0.0332031
0 0.367188 0.331055 0.03125 0.0625
