0 0.527344 0.589844 0.0273438 0.0507812
0 0.483398 0.566895 0.0234375 0.0478516
0 0.416016 0.625 0.0332031 0.0234375
0 0.47168 0.451172 0.0332031 0.0429688
0 0.431641 0.552734 0.0214844 0.0625
0 0.552734 0.661133 0.0332031 0.0292969
0 0.452148 0.566406 0.0332031 0.0273438
0 0.449219 0.511719 0.0234375 0.0507812
0 0.477051 0.554199 0.0341797 0.0263672
0 0.517578 0.554199 0.03125 0.0322266
0 0.478516 0.607422 0.03125 0.0273438
0 0.441406 0.644043 0.03125 0.0322266
0 0.51416 0.603516 0.0244141 0.0351562
0 0.460938 0.733398 0.0410156 0.0214844
0 0.427734 0.61377 0.0273438 0.0341797
0 0.549805 0.629395 0.0292969 0.0361328
0 0.550781 0.537598 0.0351562 0.0380859
0 0.561523 0.683594 0.0390625 0.015625
0 0.519531 0.502441 0.0234375 0.0322266
0 0.539062 0.650879 0.03125 0.0380859
0 0.546387 0.587891 0.0341797 0.0527344
0 0.483398 0.71875 0.0410156 0.0195312
0 0.494141 0.610352 0.0351562 0.0390625
0 0.503418 0.569336 0.0439453 0.0527344
0 0.48584 0.534668 0.0302734 0.0224609
0 0.571289 0.606445 0.0214844 0.0507812
0 0.365723 0.455566 0.0244141 0.0439453
0 0.432129 0.65918 0.0380859 0.0214844
0 0.413574 0.50293 0.0458984 0.046875
0 0.532227 0.630859 0.0253906 0.0429688
0 0.484375 0.496582 0.015625 0.0576172
0 0.517578 0.625977 0.015625 0.0488281
0 0.489746 0.639648 0.0419922 0.0214844
0 0.38916 0.469238 0.0361328 0.0517578
0 0.467773 0.658691 0.0292969 0.0419922
0 0.546875 0.712891 0.0273438 0.0253906
0 0.587891 0.644043 0.0273438 0.0361328
0 0.5 0.467285 0.0351562 0.0283203
0 0.481445 0.709961 0.0371094 0.03125
0 0.446777 0.714355 0.0439453 0.0205078
0 0.479492 0.41748 0.0175781 0.0517578
0 0.549805 0.561523 0.0390625 0.0371094
0 0.608398 0.633301 0.0136719 0.0537109
0 0.580566 0.561035 0.0244141 0.0517578
0 0.499512 0.375977 0.0439453 0.0371094
0 0.548828 0.443848 0.0234375 0.0556641
0 0.411621 0.643555 0.0439453 0.0214844
0 0.441406 0.459473 0.0351562 0.0283203
0 0.50293 0.510742 0.0175781 0.0566406
0 0.522949 0.526367 0.0322266 0.0234375
0 0.466797 0.483887 0.0195312 0.0537109
0 0.492676 0.426758 0.0185547 0.0546875
0 0.584961 0.597656 0.0332031 0.046875
0 0.459961 0.536133 0.0234375 0.0449219
0 0.48291 0.685547 0.0302734 0.03125
0 0.439941 0.695312 0.0478516 0.0195312
0 0.564453 0.504883 0.0195312 0.0644531
0 0.579102 0.389648 0.0410156 0.0664062
0 0.42334 0.467285 0.0400391 0.0205078
0 0.505859 0.724121 0.0390625 0.0205078
0 0.578613 0.526367 0.0263672 0.0449219
0 0.397949 0.429688 0.0361328 0.0546875
0 0.460938 0.410645 0.0429688 0.0361328
0 0.599609 0.505859 0.046875 0.0390625
0 0.536133 0.496094 0.0332031 0.0390625
0 0.572266 0.709961 0.03125 0.0371094
0 0.416016 0.5625 0.0332031 0.0625
0 0.502441 0.749512 0.0478516 0.0302734
0 0.540527 0.736328 0.0439453 0.03125
0 0.45166 0.680176 0.0400391 0.0244141
0 0.466309 0.58252 0.0185547 0.0498047
0 0.520996 0.431152 0.0439453 0.0419922
0 0.456543 0.615234 0.0224609 0.0429688
0 0.40332 0.697754 0.0195312 0.0478516
0 0.545898 0.349121 0.0410156 0.0595703
0 0.560547 0.748047 0.0351562 0.0507812
0 0.624512 0.556152 0.0478516 0.0517578
0 0.442871 0.589355 0.0380859 0.0322266
0 0.519043 0.464355 0.0400391 0.0283203
0 0.420898 0.410156 0.0390625 0.0351562
0 0.607422 0.441895 0.046875 0.0478516
0 0.832031 0.210938 0.0429688 0.0390625
0 0.441406 0.436523 0.046875 0.0253906
0 0.501953 0.659668 0.0351562 0.0283203
