0 0.689453 0.259766 0.0527344 0.0820312
0 0.468262 0.459961 0.0224609 0.0957031
0 0.444336 0.499512 0.0253906 0.100586
0 0.824219 0.515625 0.0292969 0.109375
0 0.486328 0.352051 0.0546875 0.0400391
0 0.724609 0.317871 0.0585938 0.0595703
0 0.493652 0.390137 0.0517578 0.0380859
0 0.62793 0.314453 0.0253906 0.0976562
0 0.514648 0.785156 0.0605469 0.09375
0 0.426758 0.549316 0.0253906 0.102539
0 0.353027 0.568848 0.0302734 0.108398
0 0.757812 0.516113 0.0429688 0.0849609
0 0.464355 0.281738 0.0498047 0.0888672
