0 0.48877 0.529297 0.0185547 0.03125
0 0.437988 0.583984 0.0283203 0.0195312
0 0.339844 0.535156 0.0234375 0.0195312
0 0.430664 0.613281 0.0214844 0.0195312
0 0.358887 0.619629 0.0166016 0.0205078
0 0.473633 0.669922 0.0117188 0.0332031
0 0.460449 0.625977 0.0224609 0.0292969
0 0.52002 0.486328 0.0224609 0.03125
0 0.462402 0.535156 0.0244141 0.03125
0 0.511719 0.510254 0.0195312 0.0322266
0 0.374023 0.54541 0.0273438 0.0205078
0 0.337402 0.54248 0.0205078 0.0166016
0 0.500488 0.58252 0.0263672 0.0283203
0 0.489258 0.567383 0.0175781 0.0332031
0 0.44043 0.601562 0.0292969 0.0195312
0 0.42627 0.501953 0.0302734 0.0195312
0 0.342773 0.528809 0.0292969 0.0166016
0 0.425781 0.560547 0.0273438 0.0253906
0 0.386719 0.561523 0.0273438 0.0136719
0 0.498535 0.625 0.0166016 0.0390625
0 0.439453 0.53418 0.0234375 0.0292969
0 0.496094 0.567383 0.0234375 0.0332031
0 0.335449 0.567383 0.0263672 0.0175781
0 0.398438 0.507812 0.0234375 0.0351562
0 0.481445 0.509277 0.0136719 0.0400391
0 0.486328 0.551758 0.0195312 0.0292969
0 0.47168 0.611816 0.0175781 0.0439453
0 0.39209 0.535156 0.0341797 0.0175781
0 0.535156 0.419434 0.015625 0.0498047
0 0.536133 0.532227 0.0195312 0.0410156
0 0.42627 0.54541 0.0263672 0.0263672
0 0.496094 0.605957 0.0195312 0.0361328
0 0.40332 0.532227 0.0253906 0.0175781
0 0.189453 0.552734 0.0195312 0.0273438
0 0.480469 0.650391 0.03125 0.0195312
0 0.513184 0.623047 0.0205078 0.0390625
0 0.356445 0.578125 0.0292969 0.0234375
0 0.289062 0.571289 0.015625 0.0410156
0 0.416992 0.597656 0.015625 0.0371094
0 0.472168 0.552734 0.0166016 0.0390625
0 0.522461 0.51709 0.0214844 0.0400391
0 0.459473 0.516602 0.0263672 0.0253906
0 0.511719 0.547852 0.0195312 0.0292969
0 0.408691 0.616699 0.0244141 0.0322266
0 0.339844 0.556152 0.0273438 0.0166016
0 0.5 0.453613 0.0273438 0.0322266
0 0.504395 0.683105 0.0224609 0.0283203
0 0.432617 0.486328 0.0292969 0.015625
0 0.457031 0.5 0.0253906 0.03125
0 0.341797 0.517578 0.0292969 0.0195312
0 0.395996 0.580078 0.0283203 0.0195312
0 0.42627 0.51709 0.0302734 0.0244141
0 0.455078 0.56543 0.0273438 0.0273438
0 0.385254 0.506348 0.0205078 0.0341797
0 0.285156 0.541504 0.03125 0.0283203
0 0.429688 0.692383 0.015625 0.0566406
0 0.525879 0.577148 0.0185547 0.0410156
0 0.361816 0.552734 0.0224609 0.03125
0 0.354492 0.598633 0.0292969 0.0195312
0 0.521484 0.428223 0.015625 0.0380859
0 0.372559 0.506836 0.0146484 0.0371094
0 0.539062 0.472168 0.015625 0.0478516
0 0.450684 0.638184 0.0302734 0.0224609
0 0.374023 0.624023 0.0234375 0.0371094
0 0.52002 0.471191 0.0244141 0.0302734
0 0.543945 0.375977 0.0175781 0.0410156
0 0.329102 0.583496 0.0253906 0.0263672
0 0.517578 0.180664 0.03125 0.0214844
0 0.318848 0.545898 0.0166016 0.0410156
0 0.48877 0.676758 0.0166016 0.0371094
0 0.473633 0.463867 0.0136719 0.0410156
0 0.324219 0.605957 0.0292969 0.0244141
0 0.459961 0.681641 0.03125 0.0332031
0 0.50293 0.719727 0.0292969 0.0371094
0 0.379395 0.600098 0.0244141 0.0380859
0 0.510254 0.358398 0.0302734 0.0195312
0 0.356445 0.494141 0.0136719 0.046875
0 0.509277 0.304199 0.0322266 0.0205078
0 0.551758 0.417969 0.0234375 0.0371094
0 0.513184 0.403809 0.0283203 0.0302734
0 0.541992 0.344727 0.03125 0.0195312
0 0.411621 0.651367 0.0302734 0.0371094
0 0.243164 0.558594 0.0332031 0.0136719
0 0.30957 0.578125 0.0234375 0.0351562
0 0.308105 0.518066 0.0185547 0.0361328
0 0.270508 0.563477 0.0214844 0.0351562
0 0.487793 0.36377 0.0244141 0.0302734
0 0.378906 0.65918 0.0234375 0.0410156
