0 0.29541 0.524414 0.0263672 0.0253906
0 0.250488 0.224609 0.0380859 0.0234375
0 0.239258 0.408203 0.0332031 0.0253906
0 0.270996 0.759766 0.0146484 0.0195312
0 0.267578 0.541992 0.03125 0.0214844
0 0.310059 0.776855 0.0576172 0.0205078
0 0.330078 0.712891 0.0429688 0.015625
0 0.247559 0.339355 0.0400391 0.0185547
0 0.239258 0.415527 0.0253906 0.0205078
0 0.263184 0.393066 0.0361328 0.0107422
0 0.34668 0.385254 0.0292969 0.0302734
0 0.255371 0.324707 0.0419922 0.0166016
0 0.219727 0.45166 0.0175781 0.0263672
0 0.221191 0.415527 0.0205078 0.0263672
0 0.208008 0.270996 0.0390625 0.0185547
0 0.242676 0.381836 0.0283203 0.0253906
0 0.240723 0.14209 0.0341797 0.0302734
0 0.230469 0.479492 0.0214844 0.0292969
0 0.312012 0.696289 0.0205078 0.03125
0 0.318848 0.913086 0.0302734 0.0292969
0 0.259766 0.605469 0.0351562 0.0390625
0 0.240723 0.400879 0.0400391 0.0166016
0 0.262207 0.350098 0.0361328 0.0166016
0 0.268555 0.557129 0.0449219 0.0244141
0 0.220703 0.377441 0.015625 0.0263672
0 0.511719 0.191406 0.0449219 0.015625
0 0.224121 0.433594 0.0361328 0.0117188
0 0.297852 0.493164 0.03125 0.0214844
0 0.306641 0.348145 0.03125 0.0146484
0 0.230957 0.455566 0.0166016 0.0283203
0 0.309082 0.739258 0.0400391 0.0253906
0 0.257812 0.53418 0.0332031 0.0214844
0 0.263184 0.510742 0.0361328 0.0175781
0 0.297852 0.645508 0.0371094 0.0195312
0 0.317383 0.379883 0.0214844 0.0292969
0 0.473633 0.591797 0.0429688 0.0234375
0 0.266113 0.185547 0.0263672 0.0273438
0 0.249023 0.481934 0.0214844 0.0283203
0 0.623047 0.426758 0.03125 0.0292969
