0 0.654297 0.527832 0.0195312 0.0361328
0 0.73291 0.257812 0.0205078 0.0390625
0 0.322754 0.518555 0.0126953 0.0332031
0 0.529785 0.430664 0.0205078 0.0410156
0 0.141113 0.479492 0.0419922 0.0371094
0 0.294434 0.67334 0.0322266 0.0224609
0 0.701172 0.27832 0.0292969 0.0136719
0 0.513672 0.551758 0.015625 0.0429688
0 0.307617 0.604004 0.0175781 0.0341797
0 0.682617 0.307617 0.0195312 0.0410156
0 0.707031 0.287109 0.0332031 0.0234375
0 0.354004 0.425293 0.0166016 0.0400391
0 0.317871 0.569336 0.0283203 0.0332031
0 0.56543 0.273438 0.0136719 0.0371094
0 0.592773 0.614258 0.0371094 0.0214844
0 0.297852 0.583008 0.0214844 0.0332031
0 0.45752 0.644531 0.0302734 0.0234375
0 0.626953 0.289551 0.0195312 0.0126953
0 0.446289 0.602539 0.0253906 0.0175781
0 0.304688 0.648438 0.0390625 0.03125
0 0.400391 0.367188 0.0175781 0.03125
0 0.557129 0.576172 0.0302734 0.0273438
0 0.231445 0.424805 0.0253906 0.0332031
0 0.560547 0.519531 0.03125 0.0253906
0 0.266602 0.577148 0.0292969 0.0175781
0 0.208008 0.516113 0.0292969 0.0126953
0 0.693848 0.549805 0.0166016 0.0332031
0 0.457031 0.677734 0.0117188 0.0390625
0 0.631836 0.576172 0.0234375 0.03125
0 0.685547 0.416992 0.0273438 0.0351562
0 0.246094 0.568359 0.0234375 0.0273438
0 0.563477 0.477539 0.0332031 0.015625
0 0.537109 0.526367 0.03125 0.0175781
0 0.695312 0.716797 0.0234375 0.0390625
0 0.272949 0.683594 0.0166016 0.0429688
0 0.55127 0.554688 0.0322266 0.0175781
0 0.493652 0.560059 0.0302734 0.0185547
0 0.501953 0.661133 0.03125 0.0410156
0 0.271484 0.54541 0.0292969 0.0146484
0 0.375977 0.713867 0.0136719 0.0410156
0 0.295898 0.625 0.0253906 0.0273438
0 0.695312 0.394043 0.015625 0.0478516
0 0.268066 0.49707 0.0263672 0.0195312
0 0.506836 0.625977 0.0429688 0.0175781
0 0.291504 0.490723 0.0244141 0.0302734
0 0.26123 0.513672 0.0322266 0.0175781
0 0.424805 0.300781 0.0214844 0.0351562
0 0.573242 0.413574 0.0292969 0.0244141
0 0.678223 0.344238 0.0283203 0.0341797
0 0.410156 0.324219 0.0195312 0.0429688
0 0.703125 0.409668 0.015625 0.0419922
0 0.546875 0.649902 0.0234375 0.0341797
0 0.222656 0.338379 0.0273438 0.0400391
0 0.626953 0.55127 0.015625 0.0400391
0 0.730469 0.293457 0.015625 0.0361328
0 0.499512 0.345215 0.0283203 0.0263672
0 0.586914 0.636719 0.0332031 0.0234375
0 0.720703 0.619141 0.0195312 0.0585938
0 0.527344 0.321777 0.0351562 0.0283203
0 0.428711 0.638184 0.0292969 0.0283203
0 0.549805 0.629883 0.0253906 0.0214844
0 0.698242 0.324219 0.0136719 0.046875
0 0.708008 0.236328 0.03125 0.0507812
0 0.67041 0.265625 0.0205078 0.0351562
0 0.320801 0.288086 0.0224609 0.0332031
0 0.669922 0.432129 0.0351562 0.0205078
0 0.612305 0.658203 0.0175781 0.0449219
0 0.624023 0.625977 0.0292969 0.0292969
0 0.680664 0.55127 0.0136719 0.0458984
0 0.51709 0.291992 0.0185547 0.0390625
0 0.250488 0.419434 0.0166016 0.0419922
0 0.637207 0.20166 0.0322266 0.0185547
0 0.772461 0.492188 0.0214844 0.0507812
0 0.643066 0.263184 0.0361328 0.0185547
0 0.724609 0.508789 0.0351562 0.0214844
0 0.291504 0.275879 0.0263672 0.0205078
0 0.400391 0.6875 0.015625 0.0390625
0 0.698242 0.261719 0.0371094 0.0253906
0 0.43457 0.662109 0.0253906 0.0351562
0 0.28125 0.36377 0.015625 0.0458984
0 0.52002 0.476562 0.0283203 0.015625
0 0.399414 0.540039 0.0253906 0.0410156
0 0.455078 0.313477 0.0273438 0.0175781
0 0.27832 0.52832 0.0292969 0.0292969
0 0.658691 0.598633 0.0341797 0.0332031
0 0.746094 0.544922 0.0234375 0.0507812
0 0.391602 0.263184 0.0195312 0.0439453
0 0.720703 0.531738 0.0332031 0.0302734
0 0.605469 0.288086 0.015625 0.0449219
0 0.30957 0.310059 0.0292969 0.0185547
0 0.262695 0.335449 0.0292969 0.0263672
0 0.481934 0.302734 0.0146484 0.0429688
0 0.693359 0.573242 0.0273438 0.0410156
