0 0.399414 0.434082 0.0175781 0.0302734
0 0.220215 0.442871 0.0126953 0.0380859
0 0.114746 0.425781 0.0146484 0.046875
0 0.452637 0.268066 0.0126953 0.0341797
0 0.524414 0.800293 0.0332031 0.0517578
0 0.21875 0.379883 0.0253906 0.0136719
0 0.293945 0.383301 0.0136719 0.0380859
0 0.518555 0.504395 0.0253906 0.0361328
0 0.30127 0.395996 0.0126953 0.0400391
0 0.524414 0.361328 0.0253906 0.0429688
0 0.612305 0.52832 0.0214844 0.0390625
0 0.515625 0.199707 0.0195312 0.0478516
0 0.425781 0.782227 0.03125 0.0214844
0 0.575195 0.547852 0.0136719 0.0371094
0 0.47998 0.318359 0.0283203 0.0195312
0 0.441406 0.451172 0.0214844 0.046875
0 0.533203 0.595703 0.03125 0.0390625
0 0.385742 0.526367 0.0253906 0.0449219
0 0.675781 0.443359 0.0351562 0.0292969
0 0.488281 0.509766 0.03125 0.03125
0 0.411621 0.47168 0.0244141 0.0371094
0 0.426758 0.535156 0.0292969 0.0273438
0 0.571777 0.588379 0.0244141 0.0361328
0 0.434082 0.513184 0.0205078 0.0361328
