0 0.194824 0.426758 0.0458984 0.101562
0 0.144043 0.720703 0.104492 0.117188
0 0.764648 0.42334 0.0644531 0.110352
0 0.278809 0.38623 0.0791016 0.0498047
0 0.830566 0.664551 0.0615234 0.108398
0 0.560059 0.358887 0.0576172 0.112305
0 0.157227 0.904297 0.0859375 0.0664062
0 0.719727 0.335938 0.0605469 0.0585938
0 0.717773 0.63623 0.0878906 0.0322266
0 0.0395508 0.864258 0.0556641 0.0488281
0 0.106934 0.525879 0.0869141 0.0712891
0 0.0786133 0.473633 0.0458984 0.103516
0 0.686523 0.557617 0.0605469 0.103516
0 0.369141 0.181152 0.0429688 0.116211
0 0.738281 0.403809 0.0703125 0.102539
0 0.634277 0.206543 0.0791016 0.0595703
0 0.673828 0.840332 0.103516 0.0908203
0 0.661133 0.507812 0.0957031 0.0585938
0 0.545898 0.495605 0.0527344 0.125977
0 0.727539 0.260742 0.0488281 0.115234
0 0.462891 0.291016 0.109375 0.09375
0 0.708984 0.967773 0.0742188 0.0605469
0 0.119629 0.603516 0.0771484 0.0527344
0 0.785645 0.271484 0.0556641 0.0996094
0 0.583984 0.258301 0.078125 0.0498047
0 0.680664 0.245117 0.0410156 0.146484
