0 0.395996 0.432617 0.0244141 0.0332031
0 0.379395 0.458984 0.0126953 0.0332031
0 0.415039 0.414062 0.0390625 0.03125
0 0.460938 0.422852 0.0273438 0.0253906
0 0.475098 0.611328 0.0146484 0.0351562
0 0.385742 0.462891 0.0175781 0.0351562
0 0.400879 0.484375 0.0205078 0.0234375
0 0.445312 0.431641 0.0195312 0.03125
0 0.638184 0.415527 0.0361328 0.0185547
0 0.388672 0.488281 0.0234375 0.0214844
0 0.361328 0.456055 0.0292969 0.0292969
0 0.367676 0.532227 0.0126953 0.0332031
0 0.404785 0.419922 0.0283203 0.0371094
0 0.633789 0.525879 0.0253906 0.0263672
0 0.600586 0.379883 0.0332031 0.0214844
0 0.474609 0.597168 0.0117188 0.0361328
0 0.489258 0.416992 0.0292969 0.0253906
0 0.376465 0.432129 0.0244141 0.0439453
0 0.499023 0.689941 0.0214844 0.0341797
0 0.440918 0.416992 0.0263672 0.0292969
0 0.651855 0.466797 0.0263672 0.0273438
0 0.676758 0.481934 0.0371094 0.0302734
0 0.519531 0.454102 0.03125 0.0273438
0 0.48291 0.455078 0.0283203 0.0371094
0 0.408691 0.438965 0.0244141 0.0322266
0 0.397461 0.462891 0.0253906 0.03125
0 0.68457 0.421875 0.0371094 0.0195312
0 0.608887 0.400391 0.0400391 0.0234375
0 0.423828 0.455566 0.015625 0.0439453
0 0.462402 0.595703 0.0166016 0.0390625
0 0.452148 0.613281 0.0136719 0.0351562
0 0.721191 0.45166 0.0322266 0.0263672
0 0.473145 0.465332 0.0244141 0.0322266
0 0.385254 0.518066 0.0361328 0.0263672
0 0.414062 0.588867 0.03125 0.0253906
0 0.55957 0.402832 0.0175781 0.0517578
0 0.541016 0.436523 0.03125 0.0292969
0 0.48584 0.613281 0.0224609 0.03125
0 0.512207 0.716797 0.0185547 0.03125
0 0.481934 0.500488 0.0244141 0.0478516
0 0.445312 0.48584 0.0351562 0.0244141
0 0.513672 0.484863 0.0292969 0.0380859
0 0.454102 0.45166 0.0273438 0.0380859
0 0.428223 0.409668 0.0263672 0.0322266
0 0.451172 0.547363 0.03125 0.0283203
0 0.626953 0.432129 0.03125 0.0341797
0 0.68457 0.501465 0.0253906 0.0263672
0 0.585449 0.424316 0.0244141 0.0400391
0 0.712891 0.667969 0.03125 0.046875
0 0.490234 0.639648 0.0351562 0.0253906
0 0.46582 0.408691 0.0332031 0.0224609
0 0.587891 0.469238 0.0273438 0.0458984
0 0.414551 0.577148 0.0322266 0.0253906
0 0.482422 0.677734 0.0214844 0.0390625
0 0.450195 0.650391 0.0292969 0.0351562
0 0.519043 0.578125 0.0322266 0.0429688
0 0.525391 0.40332 0.0332031 0.0371094
0 0.418945 0.491211 0.0175781 0.0449219
0 0.510254 0.612305 0.0322266 0.0214844
0 0.382812 0.558594 0.0332031 0.03125
0 0.433105 0.619629 0.0283203 0.0322266
0 0.504883 0.534668 0.0292969 0.0185547
0 0.631836 0.614258 0.0332031 0.0292969
0 0.631348 0.741211 0.0263672 0.0332031
