0 0.220215 0.8125 0.0986328 0.15625
0 0.983398 0.51123 0.0332031 0.0751953
0 0.434082 0.434082 0.0615234 0.112305
0 0.0732422 0.354004 0.0722656 0.106445
0 0.389648 0.392578 0.0683594 0.0898438
0 0.587402 0.445312 0.0810547 0.0546875
0 0.630859 0.350586 0.0820312 0.0605469
0 0.498047 0.436035 0.046875 0.104492
0 0.57666 0.226562 0.0478516 0.0957031
0 0.0898438 0.427734 0.0703125 0.0742188
0 0.252441 0.603516 0.0908203 0.0703125
0 0.57666 0.176758 0.0693359 0.0800781
0 0.750977 0.637207 0.0683594 0.100586
0 0.469727 0.495117 0.0429688 0.101562
0 0.706055 0.757812 0.0683594 0.0644531
0 0.31543 0.430664 0.0742188 0.0546875
0 0.257812 0.394531 0.0449219 0.0839844
0 0.191895 0.39502 0.0458984 0.0791016
0 0.185059 0.29248 0.0595703 0.0830078
0 0.175293 0.621094 0.0712891 0.0703125
0 0.753418 0.24707 0.0908203 0.130859
0 0.600586 0.407715 0.0957031 0.0673828
0 0.436035 0.711914 0.0556641 0.09375
0 0.270508 0.556152 0.0625 0.0830078
