0 0.532227 0.732422 0.0136719 0.0273438
0 0.493164 0.396484 0.0175781 0.0273438
0 0.305664 0.507812 0.0214844 0.0234375
0 0.307617 0.642578 0.0234375 0.0390625
0 0.286133 0.482422 0.0214844 0.015625
0 0.282715 0.496582 0.0263672 0.0185547
0 0.588867 0.49707 0.0175781 0.0253906
0 0.513672 0.795898 0.015625 0.0410156
0 0.603027 0.589844 0.0322266 0.0136719
0 0.358887 0.40332 0.0166016 0.0371094
0 0.62207 0.427734 0.0292969 0.0273438
0 0.251953 0.55957 0.0253906 0.0214844
0 0.529297 0.866211 0.0234375 0.0273438
0 0.550293 0.574219 0.0205078 0.0273438
0 0.527344 0.762695 0.0117188 0.0292969
0 0.322266 0.548828 0.0234375 0.0234375
0 0.486816 0.478516 0.0205078 0.0371094
0 0.320312 0.512695 0.0117188 0.0292969
0 0.36377 0.533203 0.0205078 0.03125
0 0.541992 0.598145 0.0117188 0.0322266
0 0.267578 0.493164 0.0234375 0.0253906
0 0.291016 0.457031 0.0195312 0.0234375
0 0.494141 0.413086 0.0175781 0.0253906
0 0.357422 0.447754 0.0273438 0.0263672
0 0.361816 0.418457 0.0126953 0.0322266
0 0.536133 0.774902 0.0175781 0.0185547
0 0.356445 0.379395 0.00976562 0.0361328
0 0.208496 0.561523 0.0146484 0.0292969
0 0.539062 0.503418 0.0117188 0.0341797
0 0.230469 0.552734 0.0195312 0.0234375
0 0.288086 0.540039 0.0214844 0.0253906
0 0.431152 0.980469 0.0283203 0.0273438
0 0.487305 0.519531 0.015625 0.0390625
0 0.240234 0.537598 0.0234375 0.0205078
0 0.348633 0.623047 0.0234375 0.0234375
0 0.333008 0.537109 0.0214844 0.0234375
0 0.28418 0.520508 0.0234375 0.0214844
0 0.337402 0.600098 0.0107422 0.0322266
0 0.474121 0.534668 0.0107422 0.0380859
0 0.336914 0.567383 0.015625 0.03125
0 0.537109 0.459473 0.0195312 0.0400391
0 0.584961 0.552734 0.0214844 0.0175781
0 0.418945 0.626953 0.0136719 0.0390625
0 0.291016 0.517578 0.0214844 0.0214844
0 0.356934 0.526855 0.0263672 0.0205078
0 0.464844 0.861816 0.0234375 0.0166016
0 0.308594 0.452637 0.015625 0.0341797
0 0.339844 0.509766 0.0175781 0.0195312
0 0.592773 0.529297 0.0273438 0.015625
0 0.570801 0.467773 0.0185547 0.0175781
0 0.239258 0.581055 0.0273438 0.0195312
0 0.212402 0.539062 0.0126953 0.0351562
0 0.255371 0.589844 0.0146484 0.0273438
0 0.357422 0.248047 0.0214844 0.0214844
0 0.526367 0.355469 0.0214844 0.0234375
0 0.244629 0.518555 0.0224609 0.0214844
0 0.573242 0.625488 0.0214844 0.0244141
0 0.400391 0.839844 0.0273438 0.0234375
0 0.466797 0.152832 0.0117188 0.0341797
0 0.512695 0.467773 0.0136719 0.0390625
0 0.580078 0.419434 0.0273438 0.0146484
0 0.495117 0.472656 0.0175781 0.0351562
0 0.42627 0.597656 0.0166016 0.0234375
0 0.628906 0.505371 0.015625 0.0302734
0 0.279785 0.548828 0.0146484 0.03125
0 0.586914 0.475098 0.015625 0.0205078
0 0.407715 0.977539 0.0166016 0.0292969
0 0.228027 0.55957 0.0244141 0.0214844
0 0.59375 0.541992 0.0195312 0.0195312
0 0.589355 0.566406 0.0263672 0.015625
0 0.670898 0.490234 0.0292969 0.015625
0 0.241211 0.451172 0.0136719 0.0273438
0 0.545898 0.72168 0.0253906 0.0136719
0 0.597656 0.579102 0.03125 0.015625
0 0.543945 0.570801 0.0175781 0.0283203
0 0.445801 0.580078 0.0244141 0.0234375
0 0.340332 0.401855 0.0263672 0.0283203
0 0.525391 0.314453 0.0234375 0.0351562
0 0.241699 0.41748 0.0283203 0.0126953
0 0.383301 0.95166 0.0126953 0.0419922
0 0.437988 0.603027 0.0263672 0.0322266
0 0.353027 0.582031 0.0166016 0.0390625
0 0.587402 0.513672 0.0224609 0.0234375
0 0.466309 0.481934 0.0146484 0.0458984
0 0.19873 0.490234 0.0146484 0.0507812
0 0.5 0.409668 0.00976562 0.0302734
0 0.553711 0.582031 0.0214844 0.0292969
0 0.523438 0.433594 0.015625 0.0195312
0 0.688477 0.431152 0.015625 0.0302734
0 0.665039 0.442383 0.0273438 0.0195312
0 0.22998 0.516602 0.0146484 0.0371094
0 0.256348 0.505859 0.0205078 0.03125
0 0.535156 0.419434 0.0117188 0.0302734
0 0.547363 0.731445 0.0244141 0.0195312
0 0.643555 0.473633 0.0136719 0.0292969
0 0.533203 0.604492 0.015625 0.0371094
0 0.548828 0.42627 0.0234375 0.0263672
0 0.390137 0.864258 0.0263672 0.0214844
0 0.307617 0.479004 0.0214844 0.0283203
0 0.568359 0.55957 0.0117188 0.0429688
0 0.243164 0.575195 0.0273438 0.0175781
0 0.243652 0.427734 0.0263672 0.0195312
0 0.53418 0.400879 0.0214844 0.0146484
0 0.302734 0.557617 0.0234375 0.0136719
0 0.45752 0.921875 0.0244141 0.0234375
0 0.451172 0.616211 0.0195312 0.0253906
0 0.674805 0.561523 0.0292969 0.0253906
0 0.511719 0.734375 0.0195312 0.0195312
0 0.467773 0.622559 0.0214844 0.0322266
0 0.566406 0.447754 0.015625 0.0361328
0 0.645508 0.45459 0.0214844 0.0224609
0 0.314941 0.580078 0.0126953 0.0292969
0 0.547852 0.652832 0.0136719 0.0283203
0 0.411133 0.797363 0.0332031 0.0244141
0 0.542969 0.792969 0.0292969 0.0195312
0 0.542969 0.749023 0.0234375 0.0136719
0 0.465332 0.581543 0.0244141 0.0283203
0 0.351074 0.237305 0.0205078 0.0351562
0 0.375 0.946777 0.0117188 0.0419922
0 0.570801 0.40625 0.0322266 0.015625
0 0.537109 0.80957 0.0234375 0.0136719
0 0.498047 0.115234 0.0273438 0.0175781
0 0.579102 0.445801 0.0136719 0.0419922
0 0.575684 0.482422 0.0244141 0.015625
0 0.363281 0.271973 0.0117188 0.0322266
0 0.518555 0.122559 0.0136719 0.0380859
0 0.48877 0.164062 0.0283203 0.0234375
0 0.38623 0.236816 0.0185547 0.0341797
0 0.552734 0.51123 0.0136719 0.0322266
0 0.517578 0.396484 0.0273438 0.0195312
0 0.411133 0.433105 0.0136719 0.0419922
0 0.503906 0.375 0.015625 0.0351562
0 0.547852 0.125488 0.0292969 0.0361328
0 0.397461 0.968262 0.0214844 0.0283203
0 0.56543 0.596191 0.0136719 0.0322266
0 0.420898 0.501953 0.0136719 0.046875
0 0.630859 0.481445 0.0234375 0.0214844
0 0.522461 0.72168 0.0117188 0.0390625
0 0.53125 0.55957 0.015625 0.0332031
0 0.212402 0.516602 0.0205078 0.0136719
0 0.565918 0.518555 0.0146484 0.0292969
0 0.466797 0.133301 0.0292969 0.0185547
0 0.584961 0.70459 0.0214844 0.0341797
0 0.432129 0.560547 0.0224609 0.0332031
0 0.335938 0.42334 0.0253906 0.0146484
0 0.555664 0.609375 0.0136719 0.0351562
0 0.223145 0.450684 0.0224609 0.0205078
0 0.502441 0.47998 0.0107422 0.0400391
0 0.680664 0.416992 0.0234375 0.0292969
0 0.410156 0.492676 0.0117188 0.0380859
0 0.444824 0.475098 0.0146484 0.0419922
0 0.59375 0.458984 0.015625 0.0351562
0 0.441406 0.952148 0.0234375 0.0175781
0 0.412598 0.941406 0.0283203 0.015625
0 0.26709 0.543945 0.0185547 0.0332031
0 0.23584 0.588379 0.0244141 0.0146484
0 0.650879 0.431641 0.0224609 0.0195312
0 0.293457 0.399902 0.0146484 0.0361328
0 0.392578 0.916016 0.0175781 0.046875
0 0.561035 0.709961 0.0185547 0.0292969
0 0.62793 0.44043 0.0253906 0.0195312
0 0.290039 0.612793 0.0273438 0.0185547
0 0.675293 0.478516 0.0322266 0.0234375
0 0.511719 0.75293 0.0273438 0.015625
0 0.61084 0.564941 0.0166016 0.0263672
0 0.466797 0.898438 0.03125 0.0195312
0 0.555664 0.54834 0.0136719 0.0341797
0 0.607422 0.483887 0.0234375 0.0166016
0 0.610352 0.505859 0.0136719 0.0292969
0 0.5625 0.810547 0.015625 0.0351562
0 0.543457 0.539551 0.0146484 0.0361328
0 0.623047 0.458984 0.03125 0.0136719
0 0.463379 0.643555 0.0244141 0.015625
0 0.505859 0.13623 0.0253906 0.0244141
0 0.459961 0.526367 0.0234375 0.0253906
0 0.418457 0.345703 0.0244141 0.0390625
0 0.538086 0.832031 0.0136719 0.0351562
0 0.696289 0.452148 0.00976562 0.0371094
0 0.44873 0.540039 0.0244141 0.0136719
0 0.5 0.692383 0.0273438 0.0214844
0 0.452637 0.35498 0.0244141 0.0185547
0 0.702148 0.515625 0.00976562 0.0332031
0 0.604004 0.440918 0.0263672 0.0205078
0 0.677246 0.459473 0.0244141 0.0205078
0 0.301758 0.537109 0.0175781 0.0351562
0 0.328613 0.454102 0.0244141 0.0253906
0 0.445801 0.512207 0.0146484 0.0361328
0 0.621094 0.416016 0.0351562 0.03125
0 0.349609 0.324707 0.0273438 0.0263672
0 0.393555 0.515625 0.0214844 0.03125
0 0.407227 0.25 0.0214844 0.0351562
0 0.548828 0.768555 0.0175781 0.0292969
0 0.474121 0.930664 0.0205078 0.0292969
0 0.284668 0.435547 0.0244141 0.0195312
0 0.540039 0.190918 0.0136719 0.0498047
0 0.432129 0.317871 0.0185547 0.0341797
0 0.47168 0.850586 0.0253906 0.0253906
0 0.515625 0.417969 0.0234375 0.0292969
0 0.337891 0.435059 0.0273438 0.0126953
0 0.270508 0.583008 0.0195312 0.0292969
0 0.436035 0.869141 0.0244141 0.0332031
0 0.455078 0.945801 0.0253906 0.0244141
0 0.427246 0.302734 0.0224609 0.0273438
0 0.504395 0.0957031 0.0341797 0.0253906
0 0.491211 0.916504 0.0175781 0.0400391
0 0.474609 0.981934 0.0253906 0.0263672
0 0.645996 0.53418 0.0283203 0.0253906
0 0.411621 0.872559 0.0205078 0.0361328
0 0.50293 0.983398 0.0214844 0.03125
