0 0.540527 0.404297 0.0166016 0.0507812
0 0.507812 0.553711 0.03125 0.0390625
0 0.562012 0.411621 0.0419922 0.0400391
0 0.56543 0.592285 0.0175781 0.0224609
0 0.491211 0.573242 0.015625 0.0566406
0 0.534668 0.45459 0.0244141 0.0458984
0 0.579102 0.606445 0.0332031 0.0195312
0 0.45752 0.758789 0.0244141 0.0292969
0 0.536133 0.490234 0.0292969 0.0273438
0 0.515137 0.395996 0.0361328 0.0478516
0 0.487793 0.431152 0.0244141 0.0361328
0 0.541992 0.686523 0.0253906 0.0449219
0 0.483398 0.533203 0.0273438 0.0429688
0 0.470703 0.512207 0.015625 0.0537109
0 0.503418 0.599121 0.0361328 0.0322266
0 0.520996 0.516602 0.0341797 0.0332031
