0 0.375977 0.436523 0.0527344 0.0800781
0 0.609375 0.779297 0.0957031 0.046875
0 0.487793 0.363281 0.0869141 0.0820312
0 0.519531 0.349121 0.0507812 0.0791016
0 0.702148 0.307617 0.0644531 0.0683594
0 0.616211 0.667969 0.0957031 0.0371094
0 0.629395 0.53418 0.0791016 0.0429688
0 0.823242 0.423828 0.0722656 0.078125
0 0.668945 0.621094 0.0742188 0.0664062
0 0.770996 0.758789 0.0908203 0.0605469
0 0.610352 0.433594 0.0839844 0.0605469
0 0.463867 0.244629 0.0625 0.0771484
0 0.276367 0.923828 0.107422 0.0585938
0 0.299805 0.425293 0.0644531 0.0673828
0 0.353516 0.647461 0.0664062 0.0683594
