0 0.427246 0.601562 0.00683594 0.0195312
0 0.411621 0.623047 0.0244141 0.0195312
0 0.543457 0.383789 0.0224609 0.0214844
0 0.65918 0.666016 0.0214844 0.0410156
0 0.651367 0.514648 0.03125 0.0253906
0 0.416016 0.76416 0.00976562 0.0380859
0 0.412598 0.771484 0.0126953 0.0429688
0 0.460938 0.527344 0.0214844 0.0273438
0 0.477539 0.719727 0.0292969 0.03125
0 0.439941 0.638672 0.0205078 0.0234375
0 0.402344 0.681641 0.0234375 0.015625
0 0.522461 0.563965 0.0214844 0.0205078
0 0.389648 0.69873 0.0136719 0.0380859
0 0.361328 0.39209 0.0253906 0.0244141
0 0.353027 0.508789 0.0166016 0.0332031
0 0.393066 0.587891 0.0224609 0.0234375
0 0.699707 0.460938 0.0224609 0.0195312
0 0.406738 0.599609 0.0224609 0.0253906
0 0.414551 0.572266 0.0185547 0.0292969
0 0.474121 0.464355 0.0263672 0.0224609
0 0.514648 0.536621 0.0253906 0.0224609
0 0.385742 0.572266 0.0253906 0.015625
