0 0.631348 0.615234 0.0341797 0.0195312
0 0.61377 0.678711 0.0380859 0.0410156
0 0.618652 0.602539 0.0439453 0.0253906
0 0.650391 0.638672 0.0488281 0.0351562
0 0.682617 0.541016 0.0195312 0.046875
0 0.558105 0.718262 0.0205078 0.0673828
0 0.581055 0.699219 0.0332031 0.0585938
0 0.627441 0.646973 0.0439453 0.0244141
0 0.621094 0.43457 0.0585938 0.0390625
0 0.592773 0.644043 0.0253906 0.0634766
0 0.51416 0.564453 0.0458984 0.0429688
0 0.532227 0.51416 0.0449219 0.0439453
0 0.519531 0.423828 0.0429688 0.0507812
0 0.577148 0.422852 0.0214844 0.0527344
0 0.443359 0.584961 0.0234375 0.0605469
0 0.670898 0.619629 0.0175781 0.0556641
0 0.658691 0.838867 0.0263672 0.0527344
0 0.592773 0.349121 0.0253906 0.0634766
0 0.647461 0.678223 0.0332031 0.0458984
0 0.65332 0.587891 0.0292969 0.0585938
0 0.504395 0.550781 0.0341797 0.0390625
0 0.625977 0.709961 0.0371094 0.0410156
0 0.696289 0.623047 0.0371094 0.0507812
0 0.519531 0.697266 0.0429688 0.0429688
0 0.55957 0.456055 0.0566406 0.0273438
0 0.489258 0.625 0.0253906 0.0585938
0 0.466797 0.541992 0.0195312 0.0566406
0 0.479492 0.691406 0.0449219 0.0507812
0 0.495117 0.421875 0.0332031 0.0585938
0 0.567383 0.388672 0.0292969 0.0507812
0 0.489258 0.503906 0.0390625 0.0507812
0 0.512695 0.652344 0.0410156 0.046875
