0 0.542969 0.672852 0.0390625 0.046875
0 0.524414 0.655273 0.0292969 0.0332031
0 0.241211 0.446289 0.0566406 0.0429688
0 0.578125 0.425293 0.0371094 0.0302734
0 0.586914 0.304688 0.0292969 0.0546875
0 0.572266 0.413574 0.03125 0.0556641
0 0.517578 0.607422 0.0234375 0.0292969
0 0.55957 0.405273 0.0253906 0.0566406
0 0.572266 0.341797 0.0195312 0.046875
0 0.686523 0.336426 0.0214844 0.0634766
0 0.45459 0.561523 0.0517578 0.0449219
0 0.460449 0.194336 0.0205078 0.0605469
0 0.236816 0.00537109 0.0400391 0.0107422
0 0.540039 0.416992 0.0292969 0.0390625
0 0.438477 0.28125 0.0566406 0.0449219
0 0.241699 0.611328 0.0419922 0.0507812
0 0.573242 0.484375 0.0351562 0.0273438
0 0.636719 0.254395 0.0585938 0.0615234
0 0.779297 0.481445 0.0195312 0.0800781
0 0.231934 0.558594 0.0283203 0.0507812
0 0.652832 0.612305 0.0419922 0.0273438
0 0.61084 0.416016 0.0341797 0.0546875
0 0.216309 0.567871 0.0341797 0.0361328
0 0.551758 0.502441 0.0214844 0.0615234
0 0.523438 0.332031 0.0429688 0.0273438
0 0.538086 0.369141 0.0429688 0.0273438
0 0.140137 0.572266 0.0322266 0.0390625
0 0.409668 0.764648 0.0419922 0.0332031
0 0.62207 0.331543 0.0449219 0.0576172
0 0.567383 0.553711 0.0332031 0.0566406
0 0.237305 0.29541 0.0214844 0.0634766
0 0.467285 0.811523 0.0341797 0.0527344
0 0.660156 0.589355 0.0390625 0.0322266
0 0.0917969 0.581543 0.0410156 0.0380859
0 0.12793 0.17041 0.0214844 0.0576172
0 0.187988 0.643555 0.0302734 0.0488281
0 0.604492 0.385254 0.0332031 0.0478516
0 0.421387 0.666016 0.0341797 0.0507812
0 0.588867 0.754395 0.0488281 0.0478516
