0 0.256348 0.589844 0.0263672 0.03125
0 0.445312 0.530273 0.03125 0.0332031
0 0.322266 0.550781 0.0273438 0.0195312
0 0.530273 0.564453 0.0214844 0.0390625
0 0.452637 0.541016 0.0244141 0.0429688
0 0.401367 0.53418 0.0410156 0.0214844
0 0.487793 0.658203 0.0361328 0.0273438
0 0.516602 0.59082 0.0292969 0.0273438
0 0.472168 0.574219 0.0361328 0.0234375
0 0.621094 0.63916 0.0214844 0.0498047
0 0.59668 0.580078 0.0175781 0.0507812
0 0.518555 0.676758 0.0292969 0.0253906
0 0.567871 0.65625 0.0205078 0.0410156
0 0.359863 0.557617 0.0322266 0.0253906
0 0.635742 0.630859 0.015625 0.0625
0 0.536133 0.697266 0.0371094 0.0234375
0 0.610352 0.549316 0.0253906 0.0419922
0 0.59668 0.498047 0.0371094 0.0234375
0 0.556641 0.635742 0.0351562 0.0410156
0 0.206543 0.520508 0.0224609 0.0410156
0 0.388672 0.561035 0.0175781 0.0458984
0 0.316895 0.52002 0.0166016 0.0439453
0 0.466797 0.637207 0.0273438 0.0322266
0 0.588867 0.515137 0.0371094 0.0322266
0 0.288086 0.5625 0.03125 0.046875
0 0.217773 0.512207 0.0214844 0.0439453
0 0.489258 0.552734 0.0292969 0.0214844
0 0.515625 0.492188 0.0273438 0.0429688
0 0.303711 0.514648 0.0195312 0.0410156
0 0.316895 0.598145 0.0166016 0.0458984
0 0.577148 0.546875 0.0292969 0.0273438
0 0.222656 0.480469 0.0429688 0.0195312
0 0.539062 0.545898 0.0351562 0.0507812
0 0.4375 0.575195 0.0351562 0.03125
0 0.342285 0.526855 0.0322266 0.0224609
0 0.422852 0.620117 0.0175781 0.0605469
0 0.556641 0.597168 0.0214844 0.0537109
0 0.588867 0.652344 0.0371094 0.046875
0 0.424316 0.555664 0.0380859 0.0195312
0 0.458008 0.594727 0.0292969 0.0214844
0 0.487305 0.487793 0.0253906 0.0400391
0 0.228516 0.555664 0.0195312 0.0527344
0 0.501465 0.638672 0.0419922 0.03125
0 0.347168 0.503418 0.0400391 0.0244141
0 0.236328 0.51416 0.0195312 0.0537109
0 0.307129 0.577637 0.0302734 0.0361328
0 0.473633 0.496094 0.0292969 0.0351562
0 0.507812 0.527344 0.0273438 0.0390625
0 0.552246 0.681641 0.0322266 0.0390625
0 0.408203 0.503418 0.0273438 0.0478516
0 0.257324 0.55957 0.0361328 0.0253906
0 0.388672 0.616699 0.0234375 0.0517578
0 0.333008 0.583496 0.0195312 0.0517578
