0 0.450195 0.572266 0.119141 0.0390625
0 0.368652 0.55957 0.0478516 0.0683594
0 0.469727 0.617188 0.0566406 0.0742188
0 0.510254 0.479492 0.0634766 0.0625
0 0.424316 0.537109 0.0927734 0.0410156
0 0.354492 0.5 0.0527344 0.0703125
0 0.604004 0.546875 0.118164 0.0507812
0 0.28125 0.513672 0.117188 0.0507812
0 0.316895 0.589355 0.120117 0.0380859
0 0.38623 0.614258 0.102539 0.0527344
0 0.507812 0.625488 0.0429688 0.0888672
0 0.314453 0.549805 0.0976562 0.0566406
0 0.341797 0.456543 0.0976562 0.0302734
0 0.425781 0.473633 0.103516 0.0332031
0 0.352051 0.435059 0.0888672 0.0302734
0 0.432617 0.652344 0.0917969 0.0976562
0 0.578125 0.507812 0.101562 0.0507812
0 0.546875 0.589844 0.0644531 0.0742188
0 0.237793 0.558105 0.0693359 0.0810547
0 0.429688 0.365234 0.105469 0.0507812
