1 0.260742 0.666992 0.0957031 0.0410156
0 0.31543 0.706055 0.046875 0.0292969
1 0.200684 0.582031 0.0966797 0.078125
0 0.455566 0.643066 0.0615234 0.0263672
0 0.616211 0.377441 0.0371094 0.0146484
1 0.283203 0.547852 0.0976562 0.0957031
0 0.31543 0.733398 0.0253906 0.0292969
0 0.260742 0.878418 0.0566406 0.0361328
0 0.38623 0.731445 0.0537109 0.0175781
0 0.327148 0.613281 0.0546875 0.015625
0 0.436523 0.86084 0.0527344 0.0322266
0 0.616211 0.651855 0.0566406 0.0166016
0 0.48877 0.657715 0.0419922 0.0302734
0 0.59082 0.628418 0.0214844 0.0263672
0 0.343262 0.598145 0.0537109 0.0205078
0 0.848633 0.635742 0.0332031 0.0332031
0 0.508789 0.67627 0.0488281 0.0341797
0 0.361816 0.698242 0.0458984 0.0292969
