0 0.516602 0.469238 0.0332031 0.0380859
0 0.574219 0.820312 0.0429688 0.0234375
0 0.529297 0.609375 0.0195312 0.0390625
0 0.529297 0.563477 0.0273438 0.0390625
0 0.827148 0.513184 0.0332031 0.0419922
0 0.607422 0.476562 0.0234375 0.046875
0 0.457031 0.611328 0.0371094 0.0429688
0 0.620117 0.328613 0.0253906 0.0419922
0 0.546387 0.595703 0.0361328 0.0292969
0 0.523926 0.74707 0.0263672 0.0449219
0 0.543945 0.620117 0.0214844 0.0390625
0 0.590332 0.484375 0.0263672 0.0390625
0 0.404297 0.403809 0.046875 0.0263672
0 0.731445 0.351562 0.0488281 0.0273438
0 0.583008 0.798828 0.0429688 0.0371094
0 0.567383 0.714844 0.0371094 0.0429688
0 0.686523 0.542969 0.0429688 0.0332031
0 0.505371 0.423828 0.0302734 0.0390625
0 0.56543 0.612793 0.03125 0.0341797
0 0.620117 0.40625 0.0332031 0.0390625
0 0.773438 0.391602 0.0507812 0.03125
0 0.485352 0.446289 0.0429688 0.0273438
0 0.541992 0.643555 0.0410156 0.0273438
0 0.29248 0.434082 0.0419922 0.0439453
