0 0.478516 0.488281 0.0117188 0.0351562
0 0.600586 0.515625 0.0195312 0.0195312
0 0.489258 0.563477 0.0136719 0.0292969
0 0.577148 0.446289 0.015625 0.0253906
0 0.604004 0.464844 0.0107422 0.0371094
0 0.603516 0.40918 0.015625 0.03125
0 0.582031 0.597656 0.015625 0.0429688
0 0.499023 0.575195 0.0175781 0.0371094
0 0.578613 0.465332 0.0126953 0.0341797
0 0.48877 0.595703 0.0166016 0.0253906
0 0.475098 0.635742 0.0146484 0.0292969
0 0.533203 0.399414 0.0195312 0.0253906
0 0.563477 0.62793 0.0136719 0.0332031
0 0.385254 0.408203 0.0224609 0.0273438
0 0.388672 0.301758 0.015625 0.0292969
0 0.390137 0.337402 0.0126953 0.0400391
0 0.399902 0.325195 0.0126953 0.0351562
0 0.425293 0.592773 0.0146484 0.0332031
0 0.391602 0.416992 0.0214844 0.0253906
0 0.464844 0.637207 0.0195312 0.0283203
0 0.525391 0.749023 0.015625 0.0488281
0 0.67627 0.716309 0.0166016 0.0419922
0 0.571289 0.414062 0.0136719 0.0371094
0 0.510742 0.411133 0.0214844 0.0253906
0 0.406738 0.560059 0.0126953 0.0419922
0 0.579102 0.612305 0.0195312 0.0253906
0 0.662109 0.427734 0.015625 0.0390625
0 0.402832 0.504395 0.0146484 0.0361328
0 0.383301 0.478027 0.0126953 0.0380859
0 0.394043 0.574219 0.0166016 0.03125
0 0.59082 0.44043 0.0136719 0.0332031
0 0.373535 0.477539 0.0166016 0.0410156
0 0.483887 0.502441 0.0126953 0.0361328
0 0.642578 0.446777 0.015625 0.0380859
0 0.349121 0.516602 0.0224609 0.0253906
0 0.495605 0.508789 0.0126953 0.0449219
0 0.398926 0.544922 0.0126953 0.0371094
0 0.599609 0.393555 0.0175781 0.0273438
0 0.469727 0.489746 0.0175781 0.0283203
0 0.396973 0.505859 0.0146484 0.0351562
0 0.59668 0.456055 0.0136719 0.0371094
0 0.410645 0.59375 0.0205078 0.0234375
0 0.493164 0.455078 0.0136719 0.0292969
0 0.568359 0.459473 0.0117188 0.0380859
0 0.431641 0.624023 0.0175781 0.0371094
0 0.438477 0.591797 0.0175781 0.0332031
0 0.392578 0.309082 0.015625 0.0380859
0 0.381836 0.618164 0.0175781 0.0292969
0 0.516602 0.690918 0.0136719 0.0380859
0 0.446289 0.462402 0.0175781 0.0322266
0 0.467285 0.783203 0.0166016 0.0429688
0 0.583008 0.409668 0.0175781 0.0244141
0 0.370117 0.364746 0.0214844 0.0244141
0 0.552734 0.626953 0.0175781 0.0351562
0 0.503418 0.595703 0.0205078 0.0234375
0 0.548828 0.400391 0.0195312 0.0234375
0 0.492676 0.387695 0.0146484 0.0449219
0 0.707031 0.467285 0.0234375 0.0263672
0 0.579102 0.379395 0.0214844 0.0322266
0 0.353516 0.595703 0.0234375 0.0292969
0 0.48291 0.584961 0.0166016 0.0292969
0 0.681641 0.68457 0.0234375 0.0332031
0 0.637695 0.48291 0.0195312 0.0341797
0 0.571289 0.651367 0.0136719 0.0410156
0 0.520508 0.432129 0.0214844 0.0283203
0 0.392578 0.614258 0.0136719 0.0390625
0 0.544922 0.802734 0.015625 0.0390625
0 0.40332 0.356445 0.0136719 0.0410156
0 0.618164 0.42627 0.0136719 0.0419922
0 0.582031 0.428223 0.0195312 0.0244141
0 0.373047 0.445801 0.015625 0.0380859
0 0.65332 0.493164 0.0214844 0.0214844
0 0.53125 0.588867 0.015625 0.0527344
0 0.65332 0.446777 0.0175781 0.0380859
0 0.560547 0.505859 0.015625 0.0429688
0 0.502441 0.529785 0.0224609 0.0283203
0 0.458984 0.448242 0.0175781 0.03125
0 0.55957 0.443359 0.0175781 0.0332031
