0 0.436035 0.845703 0.0322266 0.078125
0 0.584961 0.439941 0.0566406 0.0380859
0 0.390625 0.455566 0.0507812 0.0478516
0 0.281738 0.57959 0.0478516 0.0458984
0 0.439941 0.504395 0.0283203 0.0498047
0 0.222168 0.56543 0.0380859 0.0488281
0 0.193359 0.503418 0.0527344 0.0361328
0 0.252441 0.526367 0.0361328 0.0625
0 0.393555 0.511719 0.0332031 0.046875
0 0.259766 0.628906 0.03125 0.0585938
0 0.557129 0.333984 0.0556641 0.0488281
0 0.340332 0.700195 0.0439453 0.046875
0 0.33252 0.597656 0.0341797 0.0664062
0 0.494141 0.770508 0.0390625 0.0566406
0 0.400391 0.699219 0.0390625 0.0585938
