0 0.423828 0.544922 0.0117188 0.0253906
0 0.442383 0.45752 0.0175781 0.0224609
0 0.464355 0.51709 0.0244141 0.0224609
0 0.422363 0.634766 0.0107422 0.0234375
0 0.419922 0.579102 0.0117188 0.0292969
0 0.416016 0.564453 0.0136719 0.0234375
0 0.497559 0.500488 0.0244141 0.0263672
0 0.544922 0.514648 0.03125 0.0214844
0 0.438965 0.496094 0.0205078 0.0234375
0 0.432129 0.513672 0.0283203 0.015625
0 0.462891 0.475586 0.0195312 0.0175781
0 0.410645 0.552734 0.0205078 0.015625
0 0.400879 0.599609 0.0244141 0.0234375
0 0.420898 0.609375 0.015625 0.0214844
0 0.414551 0.645508 0.0205078 0.0136719
0 0.398438 0.642578 0.0195312 0.03125
