0 0.621094 0.316895 0.0214844 0.0322266
0 0.579102 0.527344 0.0273438 0.0546875
0 0.525391 0.883789 0.0390625 0.0332031
0 0.368652 0.500488 0.0322266 0.0185547
0 0.678711 0.535156 0.0253906 0.0488281
0 0.554688 0.655273 0.0390625 0.0722656
0 0.53125 0.608398 0.0273438 0.0449219
0 0.493652 0.560547 0.0205078 0.046875
0 0.502441 0.360352 0.0185547 0.0507812
0 0.622559 0.337402 0.0263672 0.0205078
0 0.658203 0.499023 0.0390625 0.0332031
0 0.509766 0.512695 0.0195312 0.03125
1 0.756836 0.478516 0.0917969 0.0976562
0 0.560547 0.587891 0.0253906 0.0195312
0 0.674805 0.581055 0.0253906 0.0410156
0 0.550781 0.570312 0.0273438 0.03125
0 0.624023 0.580078 0.03125 0.0195312
