0 0.575195 0.582031 0.0175781 0.03125
0 0.515625 0.725586 0.0195312 0.0332031
0 0.53125 0.581055 0.0195312 0.0371094
0 0.421387 0.692383 0.0205078 0.0292969
0 0.569824 0.679688 0.0126953 0.0429688
0 0.582031 0.670898 0.0195312 0.03125
0 0.384766 0.476074 0.015625 0.0439453
0 0.46582 0.45166 0.0175781 0.0322266
0 0.461914 0.44043 0.0136719 0.0410156
0 0.352051 0.494141 0.0244141 0.03125
0 0.522461 0.735352 0.0175781 0.0371094
0 0.330566 0.710938 0.0146484 0.0429688
0 0.583984 0.577148 0.0195312 0.0371094
0 0.519531 0.708008 0.0195312 0.0371094
0 0.395996 0.48291 0.0224609 0.0244141
0 0.571289 0.63623 0.0214844 0.0205078
0 0.36377 0.520508 0.0126953 0.0429688
0 0.423828 0.477051 0.0214844 0.0322266
0 0.337891 0.724609 0.0214844 0.03125
0 0.378906 0.531738 0.0234375 0.0361328
0 0.462891 0.472168 0.0195312 0.0263672
0 0.594727 0.697754 0.0136719 0.0458984
0 0.369629 0.494629 0.0244141 0.0263672
0 0.338867 0.64209 0.0234375 0.0263672
0 0.352051 0.741211 0.0263672 0.03125
0 0.52832 0.610352 0.0253906 0.0214844
0 0.431641 0.267578 0.0234375 0.0214844
0 0.526367 0.592773 0.0253906 0.0253906
0 0.539062 0.64209 0.0195312 0.0400391
0 0.325684 0.464844 0.0283203 0.0234375
0 0.583984 0.653809 0.0234375 0.0283203
0 0.554688 0.458984 0.0214844 0.0390625
0 0.405762 0.668945 0.0146484 0.0449219
0 0.333008 0.429688 0.0214844 0.03125
0 0.566406 0.478516 0.0234375 0.0351562
0 0.542969 0.771484 0.0292969 0.03125
0 0.300781 0.518555 0.0253906 0.0253906
0 0.328613 0.767578 0.0185547 0.0429688
0 0.381836 0.662109 0.0214844 0.0273438
0 0.435059 0.775391 0.0205078 0.0351562
0 0.483398 0.455078 0.0175781 0.0429688
0 0.444336 0.349609 0.0253906 0.0292969
0 0.327148 0.408691 0.0273438 0.0244141
0 0.392578 0.534668 0.0234375 0.0283203
0 0.286133 0.629883 0.0292969 0.0292969
0 0.348145 0.480469 0.0224609 0.0390625
0 0.627441 0.674316 0.0244141 0.0322266
0 0.480957 0.63916 0.0205078 0.0400391
0 0.589844 0.608398 0.0195312 0.0410156
0 0.334961 0.675781 0.0234375 0.0390625
0 0.416504 0.354492 0.0185547 0.0410156
0 0.436035 0.598145 0.0224609 0.0400391
