0 0.508789 0.401367 0.0488281 0.0957031
0 0.584473 0.686035 0.0224609 0.0732422
0 0.432129 0.551758 0.0458984 0.0449219
0 0.463867 0.487793 0.0253906 0.0478516
0 0.575195 0.616211 0.0332031 0.0605469
0 0.439453 0.564453 0.0332031 0.0507812
0 0.612793 0.663086 0.0283203 0.115234
0 0.612305 0.56543 0.0527344 0.101562
0 0.570312 0.744141 0.0507812 0.0351562
0 0.425781 0.602539 0.0507812 0.0332031
0 0.371582 0.501953 0.0478516 0.0351562
0 0.384766 0.545898 0.0488281 0.0371094
0 0.464844 0.620117 0.0664062 0.0292969
0 0.415039 0.502441 0.0253906 0.0869141
0 0.566406 0.666016 0.0371094 0.0664062
0 0.507812 0.75 0.03125 0.0742188
0 0.441895 0.499512 0.0263672 0.0869141
0 0.34375 0.677734 0.0488281 0.0351562
0 0.503906 0.666992 0.0507812 0.0292969
0 0.379883 0.464355 0.0488281 0.0419922
0 0.519043 0.542969 0.0361328 0.0605469
0 0.477539 0.428711 0.0253906 0.0859375
0 0.384277 0.59082 0.0498047 0.0410156
0 0.40332 0.637695 0.0546875 0.0371094
0 0.530762 0.642578 0.0517578 0.0507812
0 0.34668 0.650391 0.0644531 0.03125
0 0.521484 0.603516 0.0585938 0.0273438
0 0.637695 0.644531 0.0371094 0.0859375
0 0.371094 0.623047 0.0605469 0.0273438
0 0.310547 0.631836 0.0585938 0.0371094
0 0.485352 0.536133 0.0605469 0.0527344
0 0.441895 0.678711 0.0595703 0.0410156
0 0.487793 0.719727 0.0458984 0.078125
0 0.528809 0.691406 0.0458984 0.0507812
0 0.49707 0.498047 0.0566406 0.0371094
0 0.649414 0.736328 0.0566406 0.0605469
0 0.439453 0.399414 0.0546875 0.0839844
0 0.466797 0.646484 0.078125 0.0351562
0 0.476562 0.59082 0.0585938 0.0410156
0 0.343262 0.459961 0.0361328 0.0898438
0 0.351562 0.550293 0.03125 0.0947266
0 0.284668 0.439941 0.0673828 0.0361328
0 0.533691 0.354492 0.0634766 0.0566406
0 0.351074 0.388184 0.0615234 0.0517578
0 0.533691 0.761719 0.0283203 0.0898438
0 0.388672 0.335938 0.0664062 0.0566406
