0 0.44043 0.412109 0.0332031 0.03125
0 0.303223 0.510742 0.0419922 0.0488281
0 0.55957 0.535645 0.0292969 0.0615234
0 0.594727 0.430664 0.0449219 0.0722656
0 0.490234 0.66748 0.0234375 0.0791016
0 0.499023 0.467285 0.03125 0.0263672
0 0.595703 0.379883 0.015625 0.0546875
0 0.59375 0.414062 0.0351562 0.0390625
0 0.32373 0.435059 0.0166016 0.0732422
0 0.52002 0.566895 0.0205078 0.0771484
0 0.452148 0.355957 0.0410156 0.0341797
0 0.505859 0.552246 0.015625 0.0615234
0 0.415527 0.473633 0.0205078 0.0566406
0 0.351562 0.341797 0.0273438 0.0859375
0 0.369629 0.501465 0.0361328 0.0263672
0 0.589844 0.387695 0.015625 0.0605469
0 0.546875 0.572266 0.0390625 0.0683594
0 0.300293 0.493164 0.0380859 0.0371094
0 0.616211 0.491699 0.0332031 0.0634766
0 0.560547 0.505859 0.0390625 0.0859375
0 0.27832 0.424805 0.0273438 0.0761719
0 0.418457 0.722656 0.0302734 0.0429688
0 0.379395 0.345703 0.0458984 0.0761719
0 0.355957 0.673828 0.0322266 0.0546875
0 0.305664 0.527344 0.0449219 0.0429688
0 0.368164 0.693359 0.0273438 0.0703125
0 0.349609 0.428223 0.0371094 0.0576172
0 0.449219 0.513672 0.0351562 0.0351562
0 0.454102 0.573242 0.0449219 0.0488281
0 0.438965 0.697266 0.0224609 0.0585938
0 0.45752 0.413086 0.0302734 0.0527344
0 0.307617 0.455078 0.03125 0.0507812
0 0.416016 0.660156 0.0273438 0.0859375
0 0.385742 0.662109 0.015625 0.0683594
0 0.335449 0.576172 0.0419922 0.0585938
0 0.433105 0.339844 0.0244141 0.0722656
0 0.478516 0.60791 0.0273438 0.0654297
0 0.45459 0.643555 0.0205078 0.0839844
0 0.478516 0.713867 0.0234375 0.0683594
0 0.399414 0.449707 0.0175781 0.0732422
0 0.347168 0.550781 0.0439453 0.0429688
0 0.369141 0.46582 0.0429688 0.0546875
0 0.395996 0.706055 0.0283203 0.0761719
0 0.410156 0.52002 0.0390625 0.0302734
0 0.342285 0.297852 0.0283203 0.0996094
0 0.59082 0.565918 0.0390625 0.0869141
0 0.446777 0.382812 0.0439453 0.0390625
0 0.40332 0.397461 0.0410156 0.0449219
0 0.272461 0.463379 0.0390625 0.0361328
0 0.366211 0.413086 0.0449219 0.0605469
0 0.459961 0.708008 0.0332031 0.0800781
0 0.341309 0.501953 0.0380859 0.0683594
0 0.432129 0.641602 0.0263672 0.0527344
0 0.618164 0.555176 0.0410156 0.0654297
0 0.449707 0.158203 0.0419922 0.0664062
0 0.401855 0.558594 0.0380859 0.0507812
0 0.513184 0.625977 0.0419922 0.0566406
0 0.42627 0.461914 0.0302734 0.0742188
0 0.349609 0.654297 0.0390625 0.0585938
0 0.334473 0.617188 0.0400391 0.046875
