1 0.561523 0.887695 0.236328 0.158203
1 0.727539 0.376465 0.150391 0.180664
1 0.260742 0.608398 0.228516 0.0859375
1 0.489258 0.655273 0.263672 0.146484
1 0.517578 0.848633 0.226562 0.123047
1 0.266113 0.836914 0.186523 0.119141
1 0.581055 0.939941 0.240234 0.120117
1 0.600098 0.101562 0.235352 0.128906
1 0.625977 0.23291 0.166016 0.188477
1 0.605957 0.414062 0.25293 0.175781
1 0.240723 0.302734 0.204102 0.199219
1 0.164551 0.562012 0.198242 0.157227
1 0.730469 0.695312 0.234375 0.0996094
1 0.698242 0.788086 0.212891 0.150391
1 0.849609 0.770508 0.152344 0.189453
1 0.426758 0.38623 0.236328 0.163086
1 0.386719 0.838379 0.191406 0.151367
