0 0.403809 0.612793 0.0263672 0.0205078
0 0.45166 0.646973 0.0166016 0.0517578
0 0.385742 0.639648 0.0175781 0.0429688
0 0.415527 0.643066 0.0146484 0.0478516
0 0.460449 0.672852 0.0263672 0.0351562
1 0.577148 0.700195 0.0722656 0.125
0 0.520508 0.645508 0.0292969 0.0332031
0 0.367188 0.611328 0.0507812 0.0507812
0 0.501953 0.601562 0.0390625 0.0351562
0 0.382324 0.538086 0.0341797 0.03125
0 0.433594 0.626953 0.0273438 0.0664062
0 0.412109 0.583008 0.0273438 0.0605469
0 0.378906 0.374512 0.0195312 0.0654297
