1 0.384277 0.271973 0.0673828 0.0595703
0 0.591309 0.494141 0.0283203 0.0546875
0 0.212402 0.488281 0.0244141 0.0390625
0 0.287109 0.596191 0.0390625 0.0400391
0 0.446289 0.638672 0.03125 0.0273438
0 0.266602 0.396973 0.0253906 0.0517578
0 0.50293 0.441406 0.0253906 0.0351562
0 0.411621 0.480957 0.0263672 0.0419922
0 0.548828 0.337891 0.0292969 0.0546875
0 0.507324 0.65625 0.0224609 0.0390625
0 0.246582 0.520508 0.0185547 0.0371094
0 0.283691 0.477051 0.0361328 0.0302734
0 0.413086 0.399414 0.0332031 0.0332031
0 0.415039 0.306641 0.0332031 0.0234375
0 0.390137 0.489258 0.0244141 0.0449219
1 0.263184 0.285156 0.0771484 0.103516
0 0.373047 0.38916 0.0253906 0.0361328
