0 0.0463867 0.443848 0.0361328 0.0400391
0 0.510254 0.489746 0.0771484 0.0224609
0 0.114746 0.547852 0.0947266 0.0371094
0 0.201172 0.402344 0.0507812 0.03125
0 0.306152 0.378906 0.0478516 0.0273438
0 0.856445 0.456055 0.0292969 0.0332031
0 0.166992 0.385742 0.0644531 0.0234375
0 0.012207 0.386719 0.0244141 0.0488281
0 0.386719 0.48877 0.0683594 0.0263672
0 0.525879 0.463379 0.0732422 0.0341797
0 0.231934 0.354004 0.0673828 0.0322266
0 0.401855 0.400391 0.0595703 0.0507812
0 0.37793 0.352539 0.0527344 0.0449219
0 0.751953 0.447266 0.0429688 0.0546875
0 0.855469 0.583008 0.0429688 0.0429688
0 0.745605 0.680664 0.0556641 0.0449219
0 0.286133 0.437988 0.0449219 0.0458984
0 0.695312 0.702148 0.0546875 0.0410156
