0 0.606445 0.494629 0.0390625 0.0322266
0 0.605469 0.560059 0.0351562 0.0185547
0 0.807617 0.462891 0.0332031 0.015625
0 0.603027 0.509277 0.0419922 0.0341797
0 0.585938 0.580078 0.0214844 0.03125
0 0.590332 0.701172 0.0205078 0.0429688
0 0.641602 0.775391 0.00976562 0.0429688
0 0.710449 0.456055 0.0185547 0.0371094
0 0.608398 0.798828 0.0332031 0.0429688
0 0.562988 0.446289 0.0283203 0.0410156
0 0.637207 0.511719 0.0458984 0.03125
0 0.608398 0.572754 0.0410156 0.0205078
0 0.65332 0.610352 0.0253906 0.0449219
0 0.608887 0.475098 0.0361328 0.0185547
0 0.637695 0.53418 0.0410156 0.0253906
0 0.573242 0.479492 0.0292969 0.0292969
0 0.544922 0.407227 0.0390625 0.0390625
0 0.556641 0.473145 0.0351562 0.0537109
0 0.509277 0.349609 0.0263672 0.0546875
0 0.59082 0.442871 0.0253906 0.0556641
0 0.432129 0.59082 0.0244141 0.0566406
0 0.578125 0.710938 0.0371094 0.0488281
0 0.604004 0.98584 0.0263672 0.0283203
0 0.589844 0.846191 0.0195312 0.0517578
0 0.616211 0.543457 0.0371094 0.0205078
0 0.415039 0.59668 0.0175781 0.0449219
0 0.638672 0.603516 0.03125 0.046875
0 0.382812 0.481934 0.0292969 0.0537109
0 0.580078 0.544922 0.0390625 0.0234375
0 0.447754 0.295898 0.0341797 0.0195312
0 0.5625 0.851562 0.03125 0.0527344
0 0.572754 0.498047 0.0380859 0.0273438
0 0.325195 0.415039 0.0371094 0.0292969
0 0.61377 0.81543 0.0361328 0.0410156
0 0.751465 0.674805 0.0361328 0.0488281
0 0.538086 0.449219 0.0253906 0.0546875
0 0.482422 0.387207 0.0195312 0.0400391
0 0.415039 0.540039 0.0253906 0.0371094
0 0.614258 0.439453 0.0292969 0.0371094
0 0.62793 0.757812 0.0332031 0.0390625
0 0.550781 0.35791 0.03125 0.0615234
0 0.415039 0.728516 0.0273438 0.0546875
0 0.406738 0.460449 0.0361328 0.0439453
0 0.559082 0.427246 0.0302734 0.0458984
0 0.339355 0.53418 0.0146484 0.0449219
0 0.637695 0.578125 0.0332031 0.0488281
0 0.399902 0.430664 0.0498047 0.0507812
0 0.380371 0.520508 0.0419922 0.0371094
0 0.318359 0.157715 0.015625 0.0576172
0 0.489258 0.305664 0.0214844 0.0605469
0 0.418945 0.689941 0.0175781 0.0517578
0 0.677734 0.270996 0.0195312 0.0498047
0 0.564453 0.58252 0.0351562 0.0498047
0 0.604492 0.707031 0.0332031 0.0429688
0 0.59668 0.619141 0.0332031 0.0527344
0 0.280762 0.32959 0.0224609 0.0537109
0 0.388184 0.343262 0.0341797 0.0498047
0 0.318359 0.197266 0.0429688 0.0292969
0 0.672852 0.923828 0.0292969 0.046875
0 0.397949 0.625977 0.0341797 0.03125
0 0.637695 0.878906 0.0214844 0.0546875
0 0.638672 0.334473 0.0351562 0.0419922
