0 0.563477 0.426758 0.0253906 0.0195312
0 0.488281 0.643555 0.0234375 0.0390625
0 0.450195 0.321289 0.0351562 0.0214844
0 0.484375 0.59082 0.0253906 0.0253906
0 0.549805 0.652832 0.0175781 0.0283203
0 0.477051 0.404785 0.0185547 0.0322266
0 0.437988 0.371582 0.0302734 0.0205078
0 0.464355 0.508301 0.0126953 0.0341797
0 0.501953 0.539062 0.0234375 0.0273438
0 0.481934 0.448242 0.0185547 0.0351562
0 0.431641 0.608398 0.015625 0.0410156
0 0.585938 0.365723 0.015625 0.0478516
0 0.560059 0.444336 0.0263672 0.0214844
0 0.529785 0.478027 0.0185547 0.0205078
0 0.471191 0.527344 0.0126953 0.0507812
0 0.499023 0.398438 0.0136719 0.0351562
0 0.538574 0.364258 0.0263672 0.0195312
0 0.477539 0.313477 0.0234375 0.0253906
0 0.590332 0.38623 0.0224609 0.0517578
0 0.574707 0.350586 0.0283203 0.0371094
0 0.546875 0.592773 0.03125 0.0449219
0 0.535645 0.428223 0.0263672 0.0185547
0 0.496094 0.206055 0.0117188 0.0351562
0 0.519043 0.538086 0.0107422 0.0371094
0 0.533203 0.599609 0.0234375 0.0273438
0 0.502441 0.506836 0.0263672 0.03125
0 0.499023 0.550781 0.0253906 0.0195312
0 0.427734 0.39502 0.0175781 0.0498047
0 0.404785 0.621094 0.0126953 0.0390625
0 0.55127 0.473633 0.0244141 0.0195312
0 0.525391 0.562012 0.015625 0.0458984
0 0.470703 0.25 0.015625 0.0390625
0 0.439453 0.626953 0.0234375 0.03125
0 0.581055 0.480469 0.0292969 0.015625
0 0.512695 0.677246 0.0136719 0.0458984
0 0.461914 0.395996 0.0136719 0.0322266
0 0.62793 0.45752 0.0371094 0.0322266
0 0.485352 0.520996 0.0136719 0.0556641
0 0.532715 0.617188 0.0224609 0.0332031
0 0.431641 0.453125 0.0390625 0.0253906
0 0.512695 0.418945 0.0136719 0.0371094
0 0.484375 0.230469 0.015625 0.0507812
0 0.432617 0.682617 0.0214844 0.0253906
0 0.469727 0.624023 0.0292969 0.0371094
0 0.552734 0.378906 0.03125 0.0195312
0 0.576172 0.609375 0.0273438 0.0253906
0 0.512207 0.313477 0.0146484 0.0488281
0 0.416504 0.414551 0.0341797 0.0244141
0 0.521484 0.65918 0.015625 0.0449219
0 0.451172 0.349121 0.0273438 0.0400391
0 0.549805 0.49707 0.0292969 0.0292969
0 0.434082 0.29541 0.0224609 0.0576172
0 0.522461 0.288574 0.0175781 0.0400391
0 0.602539 0.467773 0.0371094 0.0195312
0 0.537109 0.402344 0.03125 0.03125
0 0.392578 0.591797 0.0273438 0.0273438
0 0.501953 0.463867 0.015625 0.0507812
0 0.581055 0.499023 0.0292969 0.0273438
0 0.450195 0.558105 0.0410156 0.0185547
0 0.532227 0.378906 0.0253906 0.0351562
0 0.521484 0.401855 0.0214844 0.0419922
0 0.58252 0.665039 0.0224609 0.0429688
0 0.516113 0.47998 0.0166016 0.0361328
0 0.510742 0.581055 0.0214844 0.0390625
0 0.560547 0.634766 0.0273438 0.0292969
0 0.586914 0.435547 0.0371094 0.0253906
0 0.586914 0.416992 0.0292969 0.0273438
0 0.390625 0.40918 0.0195312 0.0410156
0 0.500977 0.608398 0.03125 0.0175781
0 0.505859 0.64209 0.0195312 0.0478516
0 0.51123 0.361816 0.0244141 0.0361328
0 0.56543 0.348633 0.0292969 0.0449219
0 0.598633 0.359375 0.0136719 0.046875
0 0.527344 0.635742 0.0234375 0.0332031
0 0.482422 0.656738 0.0234375 0.0283203
0 0.452148 0.285645 0.0214844 0.0439453
0 0.53418 0.336914 0.0253906 0.0410156
0 0.493164 0.42627 0.0136719 0.0419922
0 0.461426 0.237305 0.0205078 0.0488281
0 0.479492 0.287598 0.0332031 0.0263672
0 0.433594 0.660645 0.03125 0.0283203
0 0.494629 0.31543 0.0263672 0.0449219
0 0.490723 0.575195 0.0263672 0.0371094
0 0.551758 0.557617 0.0292969 0.0332031
