0 0.243164 0.774902 0.0292969 0.0869141
0 0.196777 0.77832 0.0478516 0.0429688
0 0.230469 0.941406 0.0332031 0.113281
0 0.310059 0.390625 0.0419922 0.09375
0 0.263672 0.78125 0.0507812 0.111328
0 0.507324 0.493164 0.0439453 0.0761719
0 0.48291 0.460938 0.0673828 0.0976562
0 0.250977 0.713379 0.0761719 0.0966797
0 0.416504 0.59668 0.0615234 0.0878906
0 0.379883 0.52832 0.0800781 0.0527344
0 0.35498 0.483887 0.0712891 0.0869141
0 0.21582 0.851562 0.0644531 0.0507812
0 0.228516 0.678711 0.0566406 0.103516
0 0.152344 0.804688 0.046875 0.146484
0 0.51416 0.164551 0.0791016 0.0771484
