0 0.560059 0.467285 0.0419922 0.0302734
0 0.805664 0.327148 0.0429688 0.0292969
0 0.504395 0.452637 0.0537109 0.0439453
0 0.628418 0.424805 0.0517578 0.0253906
0 0.873047 0.206543 0.0449219 0.0283203
0 0.637695 0.358398 0.0566406 0.0410156
0 0.921387 0.199219 0.0205078 0.0625
0 0.789062 0.269531 0.046875 0.046875
0 0.751953 0.307617 0.0273438 0.0605469
0 0.6875 0.356445 0.0371094 0.0527344
0 0.865723 0.298828 0.0458984 0.0585938
0 0.883301 0.265137 0.0400391 0.0439453
0 0.663086 0.315918 0.0449219 0.0537109
0 0.457031 0.534668 0.0390625 0.0693359
0 0.526855 0.472656 0.0341797 0.0703125
0 0.581055 0.529297 0.0332031 0.0507812
