0 0.964355 0.447754 0.0615234 0.0341797
0 0.944336 0.481445 0.0410156 0.0292969
0 0.89209 0.566406 0.0673828 0.0429688
0 0.976562 0.513184 0.0429688 0.0341797
0 0.990234 0.416016 0.0195312 0.0566406
0 0.763184 0.524414 0.0654297 0.046875
0 0.930664 0.524414 0.0332031 0.0566406
0 0.98291 0.534668 0.0341797 0.0380859
0 0.458496 0.577148 0.0576172 0.0566406
0 0.365723 0.530762 0.0244141 0.0810547
0 0.952148 0.50293 0.0488281 0.0429688
0 0.502441 0.534668 0.0654297 0.0673828
0 0.395996 0.571289 0.0458984 0.0605469
0 0.246094 0.527344 0.0820312 0.0664062
0 0.929688 0.557617 0.0449219 0.0449219
0 0.766602 0.614746 0.0410156 0.0537109
0 0.585938 0.466797 0.0605469 0.0976562
0 0.568359 0.59668 0.0625 0.0566406
0 0.732422 0.630859 0.0429688 0.0546875
0 0.800293 0.598633 0.0419922 0.0429688
0 0.746094 0.588867 0.0527344 0.0429688
0 0.785645 0.560547 0.0498047 0.0390625
0 0.383789 0.615234 0.0566406 0.046875
0 0.726074 0.573242 0.0576172 0.0410156
1 0.307129 0.431641 0.166992 0.222656
0 0.525391 0.580566 0.0585938 0.0634766
