1 0.421875 0.727539 0.046875 0.0214844
1 0.335938 0.477051 0.046875 0.0244141
1 0.362305 0.575195 0.0644531 0.0546875
1 0.305664 0.464844 0.0644531 0.0507812
1 0.305176 0.511719 0.0361328 0.0585938
1 0.427734 0.657715 0.0507812 0.0634766
1 0.390137 0.65332 0.0732422 0.0410156
1 0.381836 0.567383 0.0683594 0.0566406
1 0.330078 0.529297 0.0390625 0.0546875
1 0.405273 0.694336 0.0546875 0.0566406
1 0.339844 0.59668 0.0546875 0.0566406
1 0.415527 0.763672 0.0927734 0.0585938
1 0.404297 0.611328 0.078125 0.0488281
