0 0.473145 0.410156 0.0146484 0.0195312
0 0.521484 0.583984 0.0429688 0.0273438
0 0.451172 0.740234 0.0546875 0.0390625
0 0.526367 0.696289 0.0429688 0.0273438
0 0.527344 0.559082 0.0429688 0.0185547
0 0.507812 0.598633 0.0234375 0.03125
0 0.53418 0.572754 0.0527344 0.0205078
0 0.462891 0.768555 0.0234375 0.0371094
0 0.52832 0.791016 0.0410156 0.0507812
0 0.604492 0.728516 0.0410156 0.0234375
0 0.52832 0.626953 0.0566406 0.015625
0 0.546387 0.78418 0.0283203 0.0449219
0 0.581055 0.729004 0.0234375 0.0380859
0 0.494141 0.557129 0.0351562 0.0244141
0 0.536133 0.67627 0.0507812 0.0205078
0 0.455078 0.795898 0.0351562 0.0449219
0 0.444336 0.841797 0.0234375 0.0390625
0 0.472656 0.54834 0.046875 0.0166016
0 0.502441 0.51709 0.0302734 0.0361328
0 0.486816 0.775391 0.0380859 0.0429688
0 0.534668 0.613281 0.0478516 0.015625
0 0.499512 0.539062 0.0341797 0.03125
0 0.509766 0.723145 0.0351562 0.0283203
0 0.481445 0.662109 0.0273438 0.0429688
