0 0.460449 0.658691 0.0126953 0.0361328
0 0.444824 0.487793 0.0166016 0.0244141
0 0.628906 0.765625 0.03125 0.0195312
0 0.486328 0.59668 0.0117188 0.0292969
0 0.644043 0.583008 0.0126953 0.0273438
0 0.425293 0.50293 0.0166016 0.0234375
0 0.425293 0.576172 0.0205078 0.0273438
0 0.56543 0.697754 0.0253906 0.0263672
0 0.610352 0.53418 0.0253906 0.0332031
0 0.47998 0.62793 0.0185547 0.0292969
0 0.597168 0.677246 0.0146484 0.0341797
0 0.375977 0.496582 0.0195312 0.0302734
0 0.643555 0.80957 0.0175781 0.0292969
0 0.505859 0.552734 0.0234375 0.0234375
0 0.393555 0.699219 0.0117188 0.03125
0 0.600586 0.710938 0.0292969 0.0351562
0 0.696289 0.707031 0.00976562 0.03125
0 0.713867 0.713379 0.0214844 0.0224609
0 0.382812 0.65918 0.0214844 0.0253906
0 0.599609 0.761719 0.015625 0.046875
0 0.664062 0.517578 0.0351562 0.015625
0 0.45752 0.762695 0.0185547 0.0292969
0 0.473633 0.677734 0.0136719 0.0488281
0 0.472656 0.65918 0.0117188 0.0410156
0 0.68457 0.640137 0.0175781 0.0302734
0 0.67041 0.481445 0.0185547 0.0292969
0 0.377441 0.582031 0.0263672 0.0273438
0 0.369141 0.421387 0.0234375 0.0302734
0 0.635742 0.443359 0.0332031 0.0273438
0 0.585938 0.756836 0.015625 0.0332031
0 0.523926 0.625977 0.0341797 0.0253906
0 0.448242 0.741211 0.0175781 0.0332031
0 0.504883 0.61377 0.0253906 0.0244141
0 0.561523 0.39502 0.0175781 0.0419922
0 0.447266 0.543945 0.0136719 0.0332031
0 0.375488 0.645508 0.0263672 0.0253906
0 0.330078 0.486328 0.0273438 0.0351562
0 0.458984 0.503906 0.0136719 0.03125
0 0.457031 0.302246 0.0292969 0.0166016
0 0.446777 0.472656 0.0166016 0.0371094
0 0.389648 0.479492 0.0253906 0.0292969
0 0.428223 0.415039 0.0166016 0.0410156
0 0.456055 0.628906 0.0214844 0.0195312
0 0.72168 0.467773 0.0175781 0.0292969
0 0.738281 0.665039 0.015625 0.046875
0 0.75293 0.628906 0.0351562 0.0195312
0 0.785156 0.487305 0.03125 0.03125
0 0.660156 0.630371 0.0273438 0.0244141
0 0.291016 0.452637 0.0351562 0.0341797
0 0.746094 0.633789 0.0195312 0.0136719
0 0.614258 0.511719 0.0253906 0.0234375
0 0.664062 0.507812 0.0351562 0.0292969
0 0.665039 0.697266 0.0175781 0.03125
0 0.749512 0.620117 0.0283203 0.0175781
0 0.641602 0.78418 0.0214844 0.0292969
0 0.397949 0.640625 0.0283203 0.0429688
0 0.600586 0.826172 0.0253906 0.03125
0 0.631348 0.543457 0.0185547 0.0576172
0 0.371582 0.713867 0.0283203 0.0214844
0 0.426758 0.692383 0.0292969 0.0175781
0 0.377441 0.62207 0.0166016 0.0332031
0 0.689453 0.588867 0.0195312 0.0253906
0 0.495605 0.683594 0.0244141 0.0253906
0 0.630859 0.701172 0.0234375 0.0253906
0 0.380371 0.525391 0.0166016 0.03125
0 0.43457 0.725098 0.0292969 0.0185547
0 0.664062 0.729004 0.0234375 0.0244141
0 0.581055 0.387695 0.0371094 0.0136719
0 0.714844 0.615234 0.03125 0.03125
0 0.625977 0.505859 0.0234375 0.0253906
0 0.433594 0.663086 0.0234375 0.0214844
0 0.708984 0.504883 0.0195312 0.0332031
0 0.548828 0.681641 0.0117188 0.046875
0 0.700195 0.45166 0.0292969 0.0302734
0 0.398926 0.436035 0.0146484 0.0380859
0 0.442383 0.708984 0.0234375 0.0214844
0 0.354492 0.664062 0.015625 0.0292969
0 0.392578 0.458984 0.0195312 0.0234375
0 0.52002 0.78125 0.0146484 0.0332031
0 0.400391 0.686523 0.0136719 0.0488281
0 0.652344 0.567383 0.0234375 0.0351562
0 0.465332 0.472656 0.0322266 0.0410156
0 0.567383 0.536621 0.0136719 0.0400391
0 0.711914 0.730469 0.0214844 0.0273438
0 0.644531 0.67041 0.0117188 0.0400391
0 0.529297 0.655273 0.0234375 0.0332031
0 0.574219 0.488281 0.0175781 0.03125
0 0.701172 0.494141 0.0234375 0.03125
0 0.385254 0.416016 0.0166016 0.046875
0 0.692383 0.675781 0.03125 0.0390625
0 0.738281 0.467285 0.0234375 0.0341797
0 0.384277 0.686523 0.0185547 0.0253906
0 0.546875 0.601562 0.0292969 0.0273438
0 0.727539 0.554199 0.0214844 0.0283203
0 0.643555 0.45752 0.0332031 0.0380859
0 0.533691 0.688477 0.0205078 0.0292969
0 0.285645 0.527344 0.0380859 0.0195312
0 0.495117 0.632324 0.0136719 0.0322266
0 0.708984 0.546875 0.0234375 0.03125
0 0.399902 0.501953 0.0263672 0.0292969
0 0.561523 0.648438 0.0175781 0.046875
0 0.726562 0.445801 0.0273438 0.0244141
0 0.72168 0.564453 0.0214844 0.03125
0 0.290527 0.482422 0.0146484 0.03125
0 0.426758 0.478516 0.015625 0.0390625
0 0.699219 0.474609 0.0234375 0.0214844
0 0.512695 0.68457 0.0253906 0.0332031
0 0.49707 0.775391 0.0234375 0.0273438
0 0.730469 0.525391 0.0195312 0.0546875
0 0.52832 0.560547 0.0234375 0.03125
0 0.648438 0.486328 0.0351562 0.0175781
0 0.466797 0.572266 0.00976562 0.0390625
0 0.543945 0.63916 0.0136719 0.0302734
0 0.434082 0.450684 0.0126953 0.0380859
0 0.701172 0.537109 0.0234375 0.0351562
0 0.402832 0.584961 0.0205078 0.0332031
0 0.581055 0.458496 0.0136719 0.0439453
0 0.72168 0.59082 0.0253906 0.0253906
0 0.65918 0.657227 0.0175781 0.0292969
0 0.670898 0.445312 0.0292969 0.0273438
0 0.737305 0.425781 0.0371094 0.0234375
0 0.319824 0.447266 0.0146484 0.0429688
0 0.580078 0.794434 0.0117188 0.0439453
0 0.477539 0.714844 0.0253906 0.0234375
0 0.402832 0.41748 0.0185547 0.0283203
0 0.460938 0.396973 0.0390625 0.0224609
0 0.532227 0.747559 0.0292969 0.0341797
0 0.316406 0.416504 0.015625 0.0380859
0 0.762207 0.661621 0.0322266 0.0263672
0 0.500977 0.657227 0.0253906 0.0332031
0 0.59082 0.412598 0.0175781 0.0400391
0 0.560059 0.456055 0.0146484 0.0332031
0 0.29541 0.512207 0.0322266 0.0166016
0 0.603027 0.47168 0.0126953 0.0488281
0 0.423828 0.524902 0.0253906 0.0283203
0 0.35498 0.64209 0.0302734 0.0205078
0 0.685547 0.736328 0.0234375 0.0371094
0 0.748047 0.536133 0.015625 0.0390625
0 0.537109 0.714355 0.03125 0.0341797
0 0.486816 0.51123 0.0322266 0.0361328
0 0.725098 0.631836 0.0224609 0.0390625
0 0.744141 0.586914 0.015625 0.0488281
0 0.571777 0.761719 0.0166016 0.03125
0 0.401855 0.558594 0.0146484 0.0390625
0 0.369141 0.46582 0.015625 0.0410156
0 0.65918 0.544922 0.0292969 0.0136719
0 0.768555 0.552734 0.0253906 0.03125
0 0.443359 0.421875 0.015625 0.0410156
0 0.495605 0.491699 0.0263672 0.0341797
0 0.58252 0.37793 0.0361328 0.0175781
0 0.620605 0.48291 0.0263672 0.0283203
