0 0.728027 0.532715 0.0166016 0.0166016
0 0.411133 0.442871 0.0253906 0.0244141
0 0.645508 0.60498 0.0136719 0.0322266
0 0.732422 0.549805 0.0117188 0.0214844
0 0.418945 0.469727 0.0175781 0.0175781
0 0.234375 0.707031 0.0195312 0.015625
0 0.369141 0.393555 0.0234375 0.0273438
0 0.611328 0.700195 0.0234375 0.0175781
0 0.632324 0.57666 0.0185547 0.0185547
0 0.458984 0.515625 0.015625 0.0253906
0 0.660156 0.609375 0.015625 0.0234375
0 0.551758 0.441895 0.0175781 0.0224609
0 0.519531 0.542969 0.0117188 0.0273438
0 0.622559 0.775391 0.0166016 0.03125
0 0.611328 0.441895 0.0175781 0.0205078
0 0.194824 0.545898 0.0205078 0.0175781
0 0.23877 0.48877 0.0146484 0.0341797
0 0.648438 0.728516 0.0195312 0.0195312
0 0.272461 0.319336 0.0214844 0.0136719
0 0.392578 0.765137 0.0234375 0.0146484
0 0.487793 0.722656 0.0205078 0.015625
0 0.416504 0.702148 0.0185547 0.0136719
0 0.746094 0.599121 0.0195312 0.0244141
0 0.634766 0.731445 0.015625 0.0253906
0 0.415039 0.80957 0.0214844 0.0175781
0 0.564453 0.726562 0.0136719 0.0214844
0 0.421387 0.348633 0.0126953 0.0332031
0 0.629395 0.68457 0.0107422 0.0253906
0 0.192871 0.594727 0.0166016 0.0175781
0 0.381348 0.818359 0.0126953 0.0351562
0 0.461426 0.500977 0.0146484 0.0253906
0 0.724609 0.689453 0.0117188 0.0234375
0 0.397461 0.691895 0.0136719 0.0380859
0 0.482422 0.698242 0.0195312 0.015625
0 0.23877 0.591797 0.0224609 0.0195312
0 0.279785 0.593262 0.0185547 0.0205078
0 0.634766 0.338867 0.0234375 0.0253906
0 0.570312 0.442871 0.015625 0.0322266
0 0.21875 0.385254 0.0195312 0.0166016
0 0.632812 0.423828 0.0136719 0.03125
0 0.436035 0.394531 0.0126953 0.0292969
0 0.668945 0.61084 0.0195312 0.0224609
0 0.218262 0.519043 0.0146484 0.0302734
0 0.269043 0.713867 0.0107422 0.0253906
0 0.466797 0.631836 0.0078125 0.0253906
0 0.583008 0.312988 0.0117188 0.0283203
0 0.340332 0.413574 0.0146484 0.0263672
0 0.583984 0.417969 0.0234375 0.0175781
0 0.543945 0.588867 0.0136719 0.0253906
0 0.475586 0.381836 0.0214844 0.0195312
0 0.47168 0.463867 0.0136719 0.0273438
0 0.34082 0.602539 0.0253906 0.0117188
0 0.272461 0.375977 0.0175781 0.0273438
0 0.55957 0.786133 0.0175781 0.0136719
0 0.362793 0.786621 0.0205078 0.0205078
0 0.226562 0.553711 0.0195312 0.0234375
0 0.635742 0.654297 0.0175781 0.015625
0 0.638672 0.634277 0.0234375 0.0263672
0 0.666992 0.727051 0.0175781 0.0244141
0 0.41748 0.739258 0.0146484 0.0175781
0 0.162109 0.404785 0.0175781 0.0224609
0 0.727539 0.585938 0.0253906 0.0175781
0 0.623047 0.625 0.015625 0.0234375
0 0.250488 0.391602 0.0205078 0.0175781
0 0.647461 0.740234 0.0136719 0.0175781
0 0.713379 0.616211 0.0283203 0.0175781
0 0.526367 0.678711 0.0253906 0.0136719
0 0.65332 0.692383 0.0175781 0.0214844
0 0.589844 0.733398 0.015625 0.0292969
0 0.397461 0.75293 0.0214844 0.0136719
0 0.555176 0.477051 0.0185547 0.0146484
0 0.588867 0.512207 0.0175781 0.0244141
0 0.592773 0.458008 0.0214844 0.0175781
0 0.287598 0.712402 0.0126953 0.0283203
0 0.204102 0.660156 0.0292969 0.0195312
0 0.317383 0.527344 0.0136719 0.0351562
0 0.462891 0.74707 0.015625 0.0253906
0 0.388672 0.365723 0.0273438 0.0205078
0 0.284668 0.650879 0.0263672 0.0146484
0 0.382812 0.837402 0.0117188 0.0166016
0 0.339355 0.491699 0.0263672 0.0185547
0 0.40918 0.769531 0.0214844 0.015625
0 0.214355 0.600586 0.0185547 0.0214844
0 0.34082 0.513672 0.0175781 0.0234375
0 0.368652 0.714355 0.0126953 0.0263672
0 0.439453 0.818359 0.0273438 0.03125
0 0.621094 0.644531 0.00976562 0.0292969
0 0.374512 0.759766 0.0166016 0.0195312
0 0.656738 0.625 0.0185547 0.0195312
0 0.634766 0.348633 0.0234375 0.0195312
0 0.26123 0.401855 0.0283203 0.0185547
0 0.449707 0.290039 0.0185547 0.0332031
0 0.433105 0.572266 0.0224609 0.015625
0 0.630859 0.594727 0.0234375 0.0175781
0 0.550293 0.285156 0.0126953 0.0273438
0 0.274414 0.549805 0.0136719 0.0292969
0 0.526367 0.512695 0.0253906 0.0117188
0 0.320312 0.70166 0.015625 0.0341797
0 0.268555 0.671387 0.00976562 0.0341797
0 0.325195 0.503906 0.0214844 0.0234375
0 0.290039 0.566406 0.0175781 0.0234375
0 0.610352 0.370117 0.0117188 0.0253906
0 0.427246 0.609375 0.0185547 0.0117188
0 0.262695 0.493164 0.0292969 0.0214844
0 0.293457 0.750488 0.0126953 0.0224609
0 0.278809 0.569336 0.0224609 0.0214844
0 0.282227 0.538574 0.0214844 0.0302734
0 0.568359 0.36377 0.0136719 0.0244141
0 0.418945 0.82666 0.0214844 0.0244141
0 0.415039 0.592773 0.0175781 0.0292969
0 0.584961 0.789062 0.0175781 0.0273438
0 0.456543 0.79248 0.0205078 0.0166016
0 0.298828 0.684082 0.0136719 0.0283203
0 0.342285 0.584473 0.0185547 0.0205078
0 0.48877 0.298828 0.0185547 0.0292969
0 0.236328 0.520508 0.0117188 0.0332031
0 0.464844 0.696289 0.0195312 0.0214844
0 0.584961 0.538086 0.0292969 0.0136719
0 0.448242 0.65918 0.0214844 0.0253906
0 0.343262 0.566406 0.0263672 0.015625
0 0.613281 0.517578 0.0117188 0.0390625
0 0.40332 0.306152 0.0214844 0.0166016
0 0.37207 0.631836 0.0214844 0.0195312
0 0.536133 0.751953 0.0136719 0.0195312
0 0.661133 0.540527 0.0214844 0.0322266
0 0.518555 0.294434 0.0214844 0.0263672
0 0.498535 0.51416 0.0185547 0.0224609
0 0.375977 0.575684 0.0136719 0.0341797
0 0.281738 0.286621 0.0224609 0.0283203
0 0.245605 0.429199 0.0283203 0.0185547
0 0.374512 0.386719 0.0283203 0.015625
0 0.419922 0.787109 0.0195312 0.0234375
0 0.55957 0.340332 0.0253906 0.0205078
0 0.576172 0.758789 0.0117188 0.0214844
0 0.591797 0.439941 0.015625 0.0263672
0 0.254883 0.290039 0.00976562 0.0332031
0 0.257324 0.540039 0.0185547 0.0195312
0 0.20752 0.628418 0.0107422 0.0361328
0 0.64502 0.581055 0.0107422 0.0332031
0 0.582031 0.410645 0.0234375 0.0166016
0 0.275879 0.629883 0.0263672 0.0214844
0 0.435547 0.337402 0.015625 0.0341797
0 0.230957 0.518555 0.0126953 0.0292969
0 0.352051 0.594727 0.0185547 0.0175781
0 0.499512 0.733398 0.0166016 0.0175781
0 0.235352 0.663086 0.0214844 0.0253906
0 0.389648 0.601074 0.0214844 0.0224609
0 0.243164 0.480957 0.00976562 0.0302734
0 0.604004 0.767578 0.0107422 0.0234375
0 0.312988 0.475586 0.0107422 0.03125
0 0.382324 0.344727 0.0283203 0.0136719
0 0.359375 0.572754 0.0117188 0.0302734
0 0.634766 0.669922 0.015625 0.0273438
0 0.208008 0.568359 0.0136719 0.0273438
0 0.402832 0.60791 0.0107422 0.0322266
0 0.213867 0.37207 0.0253906 0.015625
0 0.590332 0.620117 0.0126953 0.0292969
0 0.330566 0.546875 0.0126953 0.0390625
0 0.449219 0.500977 0.015625 0.0253906
0 0.466797 0.542969 0.0136719 0.0351562
0 0.17627 0.61084 0.0146484 0.0263672
0 0.453125 0.700195 0.00976562 0.0292969
0 0.559082 0.605469 0.0185547 0.0195312
0 0.449707 0.73291 0.0185547 0.0185547
0 0.717773 0.542969 0.00976562 0.0390625
0 0.326172 0.752441 0.0195312 0.0244141
0 0.371094 0.643066 0.0253906 0.0205078
0 0.22998 0.489746 0.0107422 0.0322266
0 0.427734 0.275879 0.0273438 0.0185547
0 0.609863 0.573242 0.0244141 0.0195312
0 0.418945 0.544922 0.0136719 0.0390625
0 0.57666 0.518066 0.0126953 0.0302734
0 0.407227 0.38916 0.0234375 0.0244141
0 0.643555 0.374512 0.0117188 0.0322266
0 0.231445 0.691406 0.015625 0.0332031
0 0.493164 0.538574 0.015625 0.0341797
0 0.587891 0.421875 0.0253906 0.0117188
0 0.259766 0.385742 0.0117188 0.0332031
0 0.552734 0.681641 0.0175781 0.0273438
0 0.485352 0.770508 0.0214844 0.0175781
0 0.706055 0.697266 0.0117188 0.0234375
0 0.615723 0.404297 0.0166016 0.0371094
0 0.242676 0.284668 0.0185547 0.0341797
0 0.335938 0.662109 0.0117188 0.03125
0 0.29834 0.420898 0.0263672 0.0175781
0 0.237305 0.413574 0.015625 0.0322266
0 0.28125 0.726562 0.00976562 0.0273438
0 0.786133 0.541016 0.0292969 0.0429688
0 0.242676 0.26709 0.0224609 0.0263672
0 0.317383 0.584473 0.0136719 0.0263672
0 0.661133 0.510254 0.0175781 0.0283203
0 0.490234 0.464844 0.0117188 0.03125
0 0.232422 0.364258 0.0175781 0.03125
0 0.578125 0.723145 0.0195312 0.0205078
0 0.409668 0.345703 0.0146484 0.03125
0 0.241211 0.56543 0.015625 0.0253906
0 0.604492 0.411133 0.0214844 0.0253906
0 0.532227 0.335449 0.0136719 0.0263672
0 0.612305 0.743164 0.0214844 0.0136719
0 0.699219 0.538086 0.0234375 0.0136719
0 0.548828 0.349609 0.0234375 0.03125
0 0.348633 0.725098 0.0195312 0.0224609
0 0.354004 0.615234 0.0244141 0.015625
0 0.263184 0.472656 0.0283203 0.0117188
0 0.365723 0.681641 0.0205078 0.0214844
0 0.29834 0.702148 0.0126953 0.0292969
0 0.293945 0.599609 0.0117188 0.0292969
0 0.400879 0.797852 0.0185547 0.0214844
0 0.311035 0.441406 0.0166016 0.03125
0 0.443359 0.589844 0.0117188 0.0234375
0 0.624023 0.753906 0.0214844 0.0117188
0 0.538086 0.703125 0.0175781 0.0234375
0 0.367188 0.524414 0.0234375 0.0253906
0 0.26416 0.296875 0.0126953 0.0390625
0 0.679199 0.695801 0.0166016 0.0302734
0 0.530273 0.773438 0.00976562 0.0273438
0 0.587891 0.55957 0.0117188 0.0292969
0 0.611328 0.718262 0.0234375 0.0185547
0 0.630859 0.742188 0.0195312 0.0234375
0 0.393555 0.81543 0.00976562 0.0292969
0 0.681641 0.660156 0.0273438 0.0273438
0 0.371582 0.600586 0.0205078 0.0175781
0 0.468262 0.323242 0.0283203 0.0175781
0 0.69873 0.635254 0.0244141 0.0244141
0 0.303711 0.586914 0.00976562 0.03125
0 0.337402 0.428223 0.0185547 0.0361328
0 0.156738 0.582031 0.0126953 0.03125
0 0.500488 0.323242 0.0224609 0.0136719
0 0.372559 0.824219 0.0146484 0.03125
0 0.457031 0.617188 0.0234375 0.0273438
0 0.702148 0.657227 0.015625 0.0292969
0 0.541016 0.641113 0.015625 0.0302734
0 0.227539 0.620605 0.0136719 0.0341797
0 0.278809 0.696289 0.0244141 0.0175781
0 0.377441 0.305664 0.0263672 0.0195312
0 0.192383 0.490723 0.0136719 0.0341797
0 0.456055 0.473633 0.0195312 0.0136719
0 0.301758 0.396484 0.0136719 0.0273438
0 0.339355 0.743652 0.0185547 0.0146484
0 0.470215 0.779297 0.0185547 0.0195312
0 0.634766 0.789551 0.0273438 0.0302734
0 0.209473 0.505371 0.0166016 0.0302734
0 0.371094 0.329102 0.0332031 0.0214844
0 0.602539 0.476562 0.0175781 0.0390625
0 0.306152 0.567383 0.0244141 0.0175781
0 0.542969 0.457031 0.0195312 0.015625
0 0.65332 0.401855 0.0175781 0.0302734
0 0.299805 0.489746 0.0214844 0.0244141
0 0.406738 0.663574 0.0263672 0.0185547
0 0.69043 0.696777 0.0136719 0.0341797
0 0.355469 0.694824 0.0273438 0.0185547
0 0.693359 0.737793 0.0195312 0.0205078
0 0.272949 0.433594 0.0185547 0.0273438
0 0.248047 0.6875 0.0117188 0.03125
0 0.482422 0.344727 0.0234375 0.0214844
0 0.377441 0.742188 0.0263672 0.015625
0 0.611328 0.661133 0.0234375 0.0253906
0 0.518555 0.319824 0.0136719 0.0263672
0 0.544922 0.677246 0.0136719 0.0263672
0 0.170898 0.428711 0.0214844 0.0292969
0 0.426758 0.290039 0.0214844 0.0292969
0 0.575195 0.319336 0.0214844 0.0292969
0 0.527344 0.521973 0.03125 0.0146484
0 0.274414 0.758789 0.0117188 0.0273438
0 0.726562 0.569336 0.015625 0.0332031
0 0.171387 0.521484 0.0283203 0.0273438
0 0.446777 0.491699 0.0224609 0.0224609
0 0.731445 0.62793 0.0136719 0.0332031
0 0.5625 0.463867 0.0234375 0.0253906
0 0.556641 0.588379 0.0195312 0.0244141
0 0.295898 0.626953 0.015625 0.0273438
0 0.523438 0.702148 0.0195312 0.0195312
0 0.222168 0.584961 0.0126953 0.0332031
0 0.743164 0.568848 0.0253906 0.0146484
0 0.349609 0.397461 0.0273438 0.0175781
0 0.630859 0.373535 0.0214844 0.0283203
0 0.361816 0.350586 0.0146484 0.0332031
0 0.498047 0.756836 0.0117188 0.0332031
0 0.313965 0.631348 0.0224609 0.0146484
0 0.345215 0.327148 0.0283203 0.0253906
0 0.574219 0.79541 0.0273438 0.0205078
0 0.364746 0.550293 0.0205078 0.0166016
0 0.611328 0.601562 0.0292969 0.0234375
0 0.43457 0.813477 0.0214844 0.0195312
0 0.558594 0.30127 0.0117188 0.0361328
0 0.203125 0.324707 0.0253906 0.0166016
0 0.575684 0.648926 0.0224609 0.0185547
0 0.58252 0.436035 0.0166016 0.0185547
0 0.435547 0.708984 0.0214844 0.03125
0 0.183105 0.652832 0.0146484 0.0302734
0 0.506836 0.347168 0.00976562 0.0341797
0 0.240723 0.638184 0.0205078 0.0166016
0 0.527832 0.451172 0.0107422 0.03125
0 0.376953 0.935059 0.0273438 0.0478516
0 0.414062 0.751953 0.0195312 0.0195312
0 0.717773 0.65332 0.0175781 0.0214844
0 0.324219 0.603027 0.015625 0.0283203
0 0.336426 0.688477 0.0224609 0.0234375
0 0.567383 0.566895 0.0136719 0.0302734
0 0.422852 0.632324 0.0195312 0.0244141
0 0.58252 0.678711 0.0283203 0.0214844
0 0.556641 0.437988 0.0078125 0.0322266
0 0.511719 0.75293 0.0117188 0.0253906
0 0.257324 0.705078 0.0185547 0.03125
0 0.371582 0.801758 0.0185547 0.0253906
0 0.705566 0.589355 0.0146484 0.0322266
0 0.291016 0.395508 0.0117188 0.0332031
0 0.21582 0.29541 0.0253906 0.0166016
0 0.61084 0.762695 0.0185547 0.0175781
0 0.20459 0.413086 0.0166016 0.0234375
0 0.555664 0.747559 0.0273438 0.0166016
0 0.216797 0.540039 0.0273438 0.0253906
0 0.648438 0.439453 0.015625 0.03125
0 0.18457 0.569336 0.0253906 0.0175781
0 0.355957 0.724121 0.0185547 0.0224609
0 0.645508 0.705078 0.0214844 0.0273438
0 0.583984 0.493164 0.0195312 0.0253906
0 0.730469 0.511719 0.0195312 0.0390625
0 0.183105 0.463379 0.0205078 0.0263672
0 0.394531 0.289551 0.015625 0.0341797
0 0.725586 0.599609 0.0273438 0.015625
0 0.731445 0.68457 0.0175781 0.0214844
0 0.38916 0.49707 0.0205078 0.0214844
0 0.281738 0.360352 0.0126953 0.0332031
0 0.432617 0.254883 0.00976562 0.0351562
0 0.644531 0.535156 0.0253906 0.015625
0 0.189453 0.630859 0.0117188 0.03125
0 0.255371 0.33252 0.0166016 0.0224609
0 0.411133 0.285156 0.0195312 0.0351562
0 0.241211 0.728516 0.0292969 0.0214844
0 0.619141 0.474609 0.015625 0.0351562
0 0.297363 0.369141 0.0263672 0.0175781
0 0.192383 0.61084 0.0214844 0.0244141
0 0.533203 0.65332 0.0234375 0.0273438
0 0.256348 0.668457 0.0185547 0.0283203
0 0.754883 0.595703 0.0253906 0.0234375
0 0.312012 0.552734 0.0166016 0.0273438
0 0.260742 0.578125 0.0214844 0.0195312
0 0.595215 0.703613 0.0107422 0.0341797
0 0.280273 0.267578 0.0234375 0.0410156
0 0.347656 0.27832 0.0234375 0.0332031
0 0.556152 0.525391 0.0185547 0.03125
0 0.472168 0.494141 0.0166016 0.0351562
0 0.538086 0.614258 0.0214844 0.0136719
0 0.665039 0.680176 0.0136719 0.0322266
0 0.397461 0.577148 0.0195312 0.0292969
0 0.432129 0.459961 0.0263672 0.015625
0 0.208496 0.450195 0.0185547 0.0214844
0 0.259766 0.556641 0.0214844 0.0234375
0 0.402344 0.541016 0.0214844 0.0273438
0 0.253906 0.637695 0.0117188 0.0332031
0 0.544434 0.727539 0.0224609 0.0253906
0 0.436523 0.553223 0.0214844 0.0283203
0 0.29248 0.244141 0.0166016 0.0390625
0 0.49707 0.616211 0.0234375 0.0175781
0 0.343262 0.379395 0.0244141 0.0166016
0 0.584961 0.769531 0.0175781 0.0234375
0 0.535156 0.399414 0.0292969 0.0273438
0 0.272949 0.503418 0.0341797 0.0205078
0 0.219238 0.714844 0.0107422 0.03125
0 0.313477 0.616211 0.0214844 0.0195312
0 0.686523 0.525391 0.0214844 0.0273438
0 0.633789 0.449219 0.0292969 0.015625
0 0.542969 0.443359 0.0195312 0.0136719
0 0.594727 0.330078 0.0253906 0.015625
0 0.227051 0.314453 0.0283203 0.0195312
0 0.351562 0.805664 0.0175781 0.0332031
0 0.564453 0.776367 0.0234375 0.0175781
0 0.552734 0.765625 0.0273438 0.015625
0 0.17041 0.595703 0.0224609 0.0273438
0 0.194336 0.442871 0.0175781 0.0361328
0 0.258789 0.35791 0.0195312 0.0283203
0 0.587891 0.343262 0.0292969 0.0146484
0 0.333984 0.645508 0.0234375 0.0234375
0 0.751953 0.580566 0.0273438 0.0185547
0 0.620117 0.693359 0.0214844 0.0292969
0 0.680664 0.623047 0.0175781 0.03125
0 0.388672 0.77832 0.03125 0.0195312
0 0.51416 0.728516 0.0166016 0.0351562
0 0.645508 0.760742 0.0175781 0.0292969
0 0.64502 0.477539 0.0244141 0.0214844
0 0.489258 0.681641 0.0136719 0.0332031
0 0.535156 0.504883 0.0234375 0.0175781
0 0.22998 0.298828 0.0283203 0.015625
0 0.302734 0.645508 0.015625 0.0273438
0 0.402344 0.732422 0.0214844 0.015625
0 0.663086 0.57666 0.0214844 0.0224609
0 0.424316 0.685547 0.0263672 0.015625
0 0.654297 0.350586 0.0195312 0.0253906
0 0.328125 0.725098 0.0234375 0.0185547
0 0.520508 0.764648 0.0214844 0.0253906
0 0.400391 0.431152 0.0214844 0.0244141
0 0.520996 0.620117 0.0263672 0.0136719
0 0.480469 0.607422 0.0234375 0.0234375
0 0.328125 0.769531 0.0214844 0.015625
0 0.169434 0.630859 0.0166016 0.0351562
0 0.629883 0.53125 0.0175781 0.03125
0 0.739258 0.641602 0.0175781 0.0253906
0 0.287598 0.767578 0.0107422 0.03125
0 0.658203 0.369141 0.0234375 0.0234375
0 0.397949 0.262695 0.0166016 0.0273438
0 0.339844 0.621094 0.0234375 0.0234375
0 0.277344 0.741699 0.0273438 0.0146484
0 0.297363 0.447754 0.0166016 0.0283203
0 0.311035 0.719727 0.0166016 0.0292969
0 0.148438 0.557617 0.015625 0.0292969
0 0.29541 0.530273 0.0224609 0.0214844
0 0.20752 0.34668 0.0185547 0.0292969
0 0.415039 0.25293 0.0117188 0.0390625
0 0.477539 0.333008 0.0214844 0.0214844
0 0.428223 0.494141 0.0244141 0.0195312
0 0.345703 0.54541 0.0214844 0.0224609
0 0.333984 0.474609 0.0195312 0.0273438
0 0.201172 0.364258 0.0273438 0.015625
0 0.674805 0.736816 0.0253906 0.0205078
0 0.452148 0.400879 0.0214844 0.0244141
0 0.464844 0.439453 0.0234375 0.0195312
0 0.166016 0.444824 0.0136719 0.0302734
0 0.371582 0.847168 0.0126953 0.0283203
0 0.315918 0.789551 0.0224609 0.0322266
0 0.412109 0.714844 0.0214844 0.03125
0 0.706543 0.515625 0.0263672 0.0214844
0 0.222656 0.280762 0.0273438 0.0224609
0 0.598633 0.633789 0.0253906 0.0214844
0 0.662109 0.750977 0.0195312 0.0175781
0 0.177734 0.555176 0.0195312 0.0302734
0 0.222656 0.398438 0.0234375 0.0195312
0 0.654297 0.65918 0.0195312 0.0253906
0 0.533203 0.599609 0.0234375 0.0195312
0 0.224609 0.743164 0.0136719 0.0292969
0 0.389648 0.853027 0.0214844 0.0224609
0 0.450195 0.355469 0.0214844 0.0273438
0 0.303711 0.463379 0.015625 0.0283203
0 0.210449 0.681641 0.0205078 0.0234375
0 0.331543 0.797363 0.0107422 0.0361328
0 0.599609 0.3125 0.0273438 0.0195312
0 0.488281 0.787598 0.0175781 0.0263672
0 0.196289 0.681641 0.0253906 0.0214844
0 0.749023 0.669434 0.0253906 0.0185547
0 0.497559 0.285156 0.0244141 0.0195312
0 0.208984 0.725586 0.0214844 0.0292969
