0 0.294922 0.418945 0.0214844 0.0410156
0 0.206543 0.995117 0.0439453 0.00976562
0 0.46875 0.494141 0.0195312 0.0546875
0 0.314941 0.541504 0.0185547 0.0517578
0 0.443848 0.473633 0.0439453 0.046875
0 0.680176 0.568848 0.0166016 0.0615234
0 0.558594 0.387695 0.0429688 0.0410156
0 0.441406 0.531738 0.0390625 0.0283203
0 0.598145 0.526367 0.0361328 0.0585938
0 0.381348 0.521484 0.0517578 0.046875
0 0.284668 0.436035 0.0400391 0.0517578
0 0.610352 0.461914 0.0253906 0.0683594
0 0.557617 0.427734 0.0410156 0.0429688
0 0.313965 0.397461 0.0244141 0.0605469
0 0.429688 0.50293 0.0429688 0.0488281
0 0.58252 0.508789 0.0419922 0.0253906
0 0.479492 0.693359 0.0234375 0.0585938
0 0.717285 0.413574 0.0400391 0.0634766
0 0.581055 0.424316 0.0332031 0.0634766
0 0.61084 0.547852 0.0439453 0.0488281
0 0.69043 0.635742 0.0292969 0.0644531
0 0.34668 0.55957 0.0527344 0.0410156
0 0.432617 0.429199 0.0390625 0.0615234
0 0.28125 0.347656 0.0449219 0.0546875
0 0.449707 0.725586 0.0615234 0.0507812
0 0.520996 0.629883 0.0322266 0.0546875
0 0.262695 0.479492 0.0234375 0.0644531
0 0.487793 0.632324 0.0302734 0.0693359
0 0.423828 0.619629 0.0273438 0.0693359
