0 0.587891 0.474609 0.0078125 0.0253906
0 0.35791 0.549805 0.0146484 0.0214844
0 0.679688 0.571289 0.0234375 0.0136719
0 0.709961 0.379883 0.0214844 0.0234375
0 0.738281 0.587402 0.0195312 0.0126953
0 0.349609 0.541016 0.0214844 0.015625
0 0.675781 0.407227 0.0195312 0.0234375
0 0.545898 0.428223 0.00976562 0.0439453
0 0.693359 0.400391 0.0195312 0.0273438
0 0.674805 0.583496 0.0214844 0.0126953
0 0.545898 0.256348 0.00976562 0.0380859
0 0.711914 0.59668 0.0136719 0.0332031
0 0.674805 0.302734 0.0175781 0.0273438
0 0.587891 0.433105 0.0195312 0.0283203
0 0.274414 0.480957 0.0214844 0.0302734
0 0.910156 0.346191 0.0214844 0.0263672
0 0.585938 0.455078 0.0195312 0.015625
0 0.900391 0.309082 0.015625 0.0302734
0 0.387695 0.544922 0.0175781 0.0292969
0 0.689453 0.355469 0.015625 0.03125
0 0.563965 0.417969 0.0146484 0.0351562
0 0.575195 0.405273 0.0175781 0.0351562
