0 0.536133 0.577148 0.0371094 0.0292969
0 0.5 0.745117 0.0214844 0.0292969
0 0.49707 0.467773 0.0332031 0.0175781
0 0.478027 0.678711 0.0400391 0.0527344
0 0.472168 0.436035 0.0244141 0.0615234
0 0.459473 0.703125 0.0185547 0.0664062
0 0.461914 0.546387 0.0292969 0.0458984
0 0.481934 0.717285 0.0419922 0.0439453
0 0.499023 0.658203 0.0253906 0.0585938
0 0.514648 0.700195 0.0253906 0.0644531
0 0.442383 0.548828 0.0175781 0.0507812
0 0.547363 0.568359 0.0419922 0.0488281
0 0.498047 0.422363 0.0292969 0.0634766
0 0.502441 0.576172 0.0302734 0.0585938
0 0.469238 0.48877 0.0380859 0.0302734
