0 0.572266 0.416504 0.0429688 0.0498047
0 0.625977 0.625 0.0175781 0.0507812
0 0.475098 0.431152 0.0419922 0.0166016
0 0.408203 0.602539 0.046875 0.0644531
0 0.637695 0.401855 0.0429688 0.0517578
0 0.672363 0.53418 0.0322266 0.0292969
0 0.625488 0.467773 0.0400391 0.0488281
0 0.576172 0.584961 0.0507812 0.0449219
0 0.584473 0.411621 0.0361328 0.0361328
0 0.657227 0.59082 0.0332031 0.0371094
0 0.610352 0.418945 0.0332031 0.0351562
0 0.610352 0.439941 0.0449219 0.0224609
0 0.694824 0.443359 0.0556641 0.0273438
0 0.607422 0.383789 0.03125 0.0527344
0 0.531738 0.423828 0.0361328 0.0351562
0 0.535645 0.395508 0.0458984 0.0488281
0 0.538086 0.579102 0.0195312 0.0605469
0 0.581055 0.387695 0.0410156 0.0332031
0 0.611328 0.630859 0.0214844 0.0585938
0 0.476562 0.416504 0.046875 0.0341797
0 0.657227 0.509766 0.0214844 0.0585938
0 0.644531 0.572754 0.046875 0.0302734
0 0.632812 0.604492 0.0273438 0.0527344
0 0.532715 0.449707 0.0419922 0.0537109
0 0.546875 0.47168 0.03125 0.0605469
0 0.604492 0.564941 0.0292969 0.0537109
0 0.560547 0.419922 0.0234375 0.0625
0 0.57373 0.54248 0.0478516 0.0498047
0 0.500488 0.410156 0.0263672 0.0703125
0 0.679688 0.484375 0.0253906 0.0546875
0 0.685547 0.578125 0.0351562 0.0410156
0 0.632812 0.498047 0.0390625 0.0546875
0 0.59668 0.467773 0.0410156 0.0410156
0 0.587891 0.625 0.03125 0.0507812
0 0.460449 0.470703 0.0419922 0.0507812
0 0.567383 0.652344 0.0488281 0.046875
0 0.427734 0.553711 0.03125 0.0644531
0 0.501953 0.498047 0.0234375 0.0722656
0 0.399902 0.503906 0.0283203 0.0507812
0 0.708496 0.487305 0.0263672 0.0488281
