0 0.546875 0.735352 0.0351562 0.0449219
0 0.583984 0.717773 0.0429688 0.0332031
0 0.53418 0.660156 0.0488281 0.0429688
0 0.55957 0.588867 0.0273438 0.0332031
0 0.45166 0.59082 0.0400391 0.0292969
0 0.417969 0.586914 0.0449219 0.0214844
0 0.526367 0.612305 0.0214844 0.0488281
0 0.326172 0.686523 0.0546875 0.0214844
0 0.326172 0.664062 0.0546875 0.0214844
0 0.643555 0.581055 0.0449219 0.0410156
0 0.391113 0.638672 0.0322266 0.03125
0 0.410645 0.648438 0.0244141 0.0429688
0 0.600586 0.774414 0.0703125 0.0332031
0 0.49707 0.610352 0.0410156 0.0332031
