0 0.294922 0.723633 0.0253906 0.0683594
0 0.282715 0.625977 0.0439453 0.0351562
0 0.532227 0.38916 0.0410156 0.0380859
0 0.329102 0.572266 0.0449219 0.0351562
0 0.568359 0.142578 0.0273438 0.0585938
0 0.609375 0.568848 0.0429688 0.0576172
0 0.186523 0.720703 0.0371094 0.0625
0 0.338867 0.716309 0.0527344 0.0322266
0 0.535156 0.440918 0.0351562 0.0615234
0 0.595215 0.87207 0.0380859 0.0683594
0 0.281738 0.743164 0.0322266 0.0644531
0 0.346191 0.195312 0.0498047 0.0429688
0 0.352539 0.152832 0.0488281 0.0478516
0 0.171875 0.581055 0.0507812 0.0449219
0 0.240723 0.429199 0.0556641 0.0419922
0 0.260254 0.300781 0.0322266 0.0644531
0 0.678711 0.490234 0.0332031 0.0585938
0 0.633789 0.65332 0.0371094 0.0488281
0 0.54248 0.090332 0.0400391 0.0615234
0 0.40332 0.262695 0.0488281 0.0410156
0 0.65332 0.443848 0.046875 0.0556641
0 0.51123 0.672852 0.0556641 0.0449219
0 0.453125 0.163086 0.0488281 0.046875
0 0.696289 0.132812 0.0507812 0.0546875
0 0.584961 0.620605 0.0371094 0.0537109
0 0.660156 0.632812 0.0507812 0.046875
