0 0.545898 0.5625 0.0175781 0.0351562
0 0.557617 0.534668 0.0253906 0.0302734
0 0.51123 0.546875 0.0185547 0.0390625
0 0.580078 0.40918 0.015625 0.0488281
0 0.585938 0.618164 0.0234375 0.0253906
0 0.396484 0.298828 0.0195312 0.0449219
0 0.435547 0.246582 0.015625 0.0439453
0 0.526367 0.587891 0.0175781 0.0390625
0 0.541016 0.550781 0.0195312 0.0429688
0 0.481445 0.0610352 0.0214844 0.0595703
0 0.603516 0.330566 0.0195312 0.0419922
0 0.472656 0.786133 0.015625 0.0332031
0 0.572266 0.555664 0.0234375 0.0253906
0 0.455566 0.323242 0.0146484 0.0449219
0 0.51123 0.388672 0.0126953 0.0351562
0 0.463867 0.333984 0.0195312 0.0351562
0 0.553711 0.553711 0.0214844 0.0410156
0 0.491211 0.123535 0.0136719 0.0400391
0 0.582031 0.564453 0.0195312 0.0410156
0 0.529785 0.230957 0.0244141 0.0361328
0 0.587402 0.586914 0.0224609 0.0214844
0 0.604492 0.661133 0.0175781 0.0332031
0 0.464355 0.231445 0.0185547 0.0410156
0 0.519531 0.323242 0.0195312 0.0390625
0 0.56543 0.611328 0.0195312 0.0429688
0 0.395508 0.317383 0.0195312 0.0410156
0 0.513672 0.368164 0.0195312 0.0253906
0 0.466797 0.355957 0.015625 0.0400391
0 0.410156 0.300293 0.0175781 0.0478516
0 0.483398 0.332031 0.0175781 0.046875
0 0.46582 0.550781 0.0175781 0.0488281
0 0.594238 0.677734 0.0146484 0.0390625
0 0.489746 0.0996094 0.0166016 0.0371094
0 0.515625 0.709961 0.015625 0.0488281
0 0.572266 0.536133 0.0273438 0.0214844
0 0.510254 0.592285 0.0146484 0.0498047
0 0.429199 0.319336 0.0244141 0.0253906
0 0.574219 0.769531 0.015625 0.0390625
0 0.566406 0.581055 0.0273438 0.0292969
0 0.576172 0.452637 0.0195312 0.0419922
0 0.371582 0.0874023 0.0126953 0.0439453
0 0.451172 0.366699 0.0234375 0.0361328
0 0.424805 0.263184 0.0136719 0.0439453
0 0.585938 0.337402 0.0175781 0.0517578
0 0.474609 0.0654297 0.0195312 0.0527344
0 0.438477 0.353516 0.0253906 0.0292969
0 0.614258 0.331543 0.0253906 0.0400391
0 0.437988 0.263184 0.0185547 0.0478516
0 0.530762 0.437012 0.0205078 0.0458984
0 0.520508 0.573242 0.0175781 0.0429688
0 0.505371 0.350586 0.0166016 0.0371094
0 0.45752 0.549316 0.0146484 0.0478516
0 0.535156 0.748047 0.015625 0.0429688
0 0.553711 0.591797 0.0234375 0.0273438
0 0.51416 0.53418 0.0205078 0.0449219
0 0.649414 0.804199 0.0214844 0.0478516
0 0.495605 0.408203 0.0263672 0.0273438
0 0.428223 0.365723 0.0302734 0.0244141
0 0.496582 0.520508 0.0166016 0.0410156
0 0.430176 0.178711 0.0224609 0.0410156
0 0.570312 0.416992 0.0234375 0.0332031
0 0.59082 0.562012 0.0214844 0.0439453
0 0.529297 0.52832 0.0273438 0.0292969
0 0.493164 0.355957 0.0136719 0.0478516
0 0.532715 0.338379 0.0166016 0.0439453
0 0.540039 0.279297 0.0214844 0.0332031
0 0.796387 0.12793 0.0263672 0.0488281
0 0.447754 0.33252 0.0224609 0.0224609
0 0.393555 0.372559 0.0214844 0.0478516
0 0.542969 0.306152 0.0195312 0.0439453
0 0.498535 0.328125 0.0224609 0.0273438
0 0.56543 0.455078 0.0175781 0.0410156
0 0.467285 0.310547 0.0185547 0.03125
0 0.48584 0.202148 0.0224609 0.0292969
0 0.545898 0.766602 0.0253906 0.0332031
0 0.380859 0.325195 0.0175781 0.046875
0 0.419922 0.289062 0.0195312 0.0429688
0 0.595215 0.532227 0.0283203 0.0253906
0 0.475586 0.630859 0.0253906 0.0351562
0 0.537109 0.245605 0.0234375 0.0380859
0 0.571289 0.889648 0.0175781 0.0546875
0 0.505371 0.42627 0.0341797 0.0283203
0 0.501953 0.215332 0.0234375 0.0263672
0 0.516602 0.623047 0.015625 0.046875
0 0.597656 0.314941 0.0195312 0.0419922
0 0.450684 0.283203 0.0146484 0.0429688
0 0.48291 0.506348 0.0283203 0.0224609
0 0.493164 0.591797 0.0214844 0.0410156
0 0.515137 0.755859 0.0205078 0.046875
0 0.420898 0.107422 0.0175781 0.0546875
0 0.375 0.357422 0.015625 0.046875
0 0.409668 0.436523 0.0146484 0.0449219
0 0.529297 0.601562 0.015625 0.0429688
0 0.600586 0.358398 0.0253906 0.0371094
0 0.48584 0.487305 0.0146484 0.0332031
0 0.473633 0.521484 0.0214844 0.03125
0 0.427246 0.766113 0.0185547 0.0537109
0 0.419434 0.341309 0.0146484 0.0478516
0 0.376953 0.265137 0.0214844 0.0439453
0 0.52832 0.664062 0.0175781 0.0390625
0 0.424805 0.439941 0.0214844 0.0361328
0 0.362305 0.140137 0.0214844 0.0283203
0 0.513672 0.670898 0.015625 0.0449219
0 0.584473 0.650391 0.0244141 0.0273438
0 0.637695 0.436523 0.0175781 0.0566406
0 0.466797 0.494629 0.0214844 0.0341797
0 0.471191 0.250977 0.0146484 0.0488281
0 0.686523 0.591797 0.0195312 0.0507812
0 0.677734 0.470703 0.0175781 0.0546875
0 0.415039 0.235352 0.0214844 0.046875
0 0.519043 0.789551 0.0263672 0.0244141
0 0.413574 0.485352 0.0166016 0.0488281
0 0.500977 0.631836 0.0214844 0.0371094
0 0.564453 0.775391 0.015625 0.046875
0 0.400391 0.462891 0.015625 0.0507812
0 0.579102 0.494629 0.0175781 0.0478516
0 0.532227 0.640137 0.0292969 0.0244141
0 0.464844 0.212891 0.0234375 0.046875
0 0.438477 0.611328 0.0175781 0.0507812
0 0.446777 0.202148 0.0244141 0.0351562
0 0.490723 0.721191 0.0244141 0.0341797
0 0.435547 0.0244141 0.015625 0.0449219
0 0.625977 0.339355 0.0214844 0.0478516
0 0.569824 0.246582 0.0166016 0.0498047
0 0.629883 0.563477 0.0253906 0.0292969
0 0.595215 0.608398 0.0263672 0.0332031
0 0.591309 0.260742 0.0166016 0.0488281
0 0.561523 0.743652 0.0292969 0.0283203
0 0.487305 0.543945 0.0273438 0.0234375
0 0.494629 0.698242 0.0302734 0.0371094
0 0.484863 0.580078 0.0185547 0.046875
0 0.564453 0.51416 0.0195312 0.0439453
0 0.54834 0.711914 0.0224609 0.03125
0 0.446289 0.533691 0.0234375 0.0322266
0 0.432617 0.490234 0.015625 0.0429688
0 0.366211 0.400391 0.015625 0.0449219
0 0.397949 0.417969 0.0146484 0.0507812
0 0.491211 0.660645 0.0253906 0.0302734
0 0.425293 0.723633 0.0224609 0.0351562
0 0.535156 0.505371 0.0195312 0.0419922
0 0.459473 0.26709 0.0205078 0.0341797
0 0.544922 0.462891 0.015625 0.046875
0 0.505859 0.499023 0.0214844 0.0332031
0 0.398438 0.746094 0.0195312 0.0429688
0 0.472656 0.397949 0.0292969 0.0244141
0 0.577148 0.674316 0.0253906 0.0283203
0 0.541016 0.411621 0.0292969 0.0283203
0 0.636719 0.869141 0.0175781 0.0429688
0 0.597656 0.637695 0.0273438 0.0332031
0 0.620117 0.506836 0.0214844 0.046875
0 0.406738 0.720703 0.0205078 0.046875
0 0.462402 0.615234 0.0166016 0.0488281
0 0.438965 0.806641 0.0224609 0.0507812
0 0.606445 0.129395 0.0214844 0.0478516
0 0.493164 0.791016 0.015625 0.046875
0 0.630859 0.694824 0.0273438 0.0361328
0 0.384766 0.444336 0.0234375 0.03125
0 0.647949 0.291504 0.0244141 0.0439453
0 0.392578 0.619141 0.0175781 0.046875
0 0.528809 0.486816 0.0244141 0.0322266
0 0.530273 0.814453 0.0292969 0.03125
0 0.594727 0.450195 0.0175781 0.0527344
0 0.551758 0.678711 0.0292969 0.0253906
0 0.378418 0.395508 0.0185547 0.0390625
0 0.541016 0.612305 0.015625 0.0410156
0 0.485352 0.262695 0.0273438 0.0332031
0 0.552246 0.222168 0.0244141 0.0361328
0 0.571777 0.637207 0.0224609 0.0380859
0 0.479004 0.669922 0.0263672 0.03125
0 0.5 0.378418 0.0195312 0.0419922
0 0.651367 0.260742 0.0195312 0.0527344
0 0.512695 0.236328 0.0214844 0.0390625
0 0.611816 0.765137 0.0244141 0.0400391
0 0.494141 0.238281 0.0195312 0.0488281
0 0.556641 0.0561523 0.0234375 0.0458984
0 0.549805 0.856445 0.0214844 0.0527344
0 0.333008 0.239746 0.015625 0.0458984
0 0.459473 0.415527 0.0244141 0.0361328
0 0.480957 0.450195 0.0185547 0.0488281
0 0.450195 0.435547 0.0253906 0.0351562
0 0.521484 0.847656 0.0234375 0.046875
0 0.327148 0.215332 0.015625 0.0537109
0 0.556152 0.907227 0.0263672 0.0410156
0 0.426758 0.574219 0.0214844 0.046875
0 0.595215 0.869141 0.0302734 0.0351562
0 0.308105 0.181641 0.0224609 0.046875
0 0.50293 0.462891 0.0253906 0.0390625
0 0.569336 0.278809 0.0273438 0.0361328
0 0.638672 0.84668 0.0234375 0.0449219
0 0.621094 0.748535 0.0273438 0.0361328
0 0.527832 0.362305 0.0185547 0.0449219
0 0.401367 0.253906 0.0234375 0.0410156
0 0.575195 0.806641 0.0273438 0.0351562
