0 0.491211 0.30127 0.0117188 0.0400391
0 0.486328 0.40918 0.0117188 0.0449219
0 0.497559 0.294922 0.0146484 0.0429688
0 0.492676 0.454102 0.0185547 0.0371094
0 0.487305 0.549805 0.0175781 0.0410156
0 0.503906 0.303711 0.015625 0.0371094
0 0.491699 0.689941 0.0146484 0.0439453
0 0.499023 0.329102 0.0371094 0.0175781
0 0.481445 0.42041 0.0136719 0.0478516
0 0.492188 0.374023 0.0195312 0.0332031
0 0.307129 0.537109 0.0146484 0.046875
0 0.500977 0.431152 0.0292969 0.0224609
0 0.562988 0.563477 0.0322266 0.0292969
0 0.503906 0.574219 0.0234375 0.0273438
0 0.509766 0.668945 0.0136719 0.0390625
0 0.501953 0.526367 0.015625 0.0371094
0 0.501465 0.686523 0.0126953 0.0390625
0 0.498047 0.489746 0.0234375 0.0458984
0 0.317383 0.545898 0.0136719 0.0371094
0 0.501465 0.38916 0.0185547 0.0361328
0 0.48291 0.581055 0.0185547 0.0449219
0 0.490723 0.719727 0.0302734 0.0214844
0 0.352539 0.563477 0.0332031 0.0292969
0 0.399414 0.605469 0.03125 0.0390625
0 0.312012 0.494141 0.0146484 0.046875
0 0.379883 0.567871 0.015625 0.0439453
0 0.55127 0.615234 0.0244141 0.0195312
0 0.520996 0.577148 0.0205078 0.0410156
0 0.297852 0.510742 0.015625 0.0488281
0 0.514648 0.751465 0.0175781 0.0595703
0 0.489258 0.605469 0.0214844 0.03125
0 0.548828 0.588867 0.0195312 0.0429688
0 0.349121 0.539062 0.0380859 0.0332031
0 0.47168 0.547852 0.015625 0.0449219
0 0.422852 0.667969 0.0292969 0.0292969
0 0.251953 0.541992 0.0351562 0.0214844
0 0.276367 0.519531 0.03125 0.03125
0 0.331543 0.576172 0.0263672 0.0371094
