1 0.74707 0.367188 0.115234 0.125
1 0.685547 0.40625 0.078125 0.125
1 0.724121 0.220215 0.0732422 0.161133
1 0.414062 0.567383 0.132812 0.107422
1 0.45752 0.485352 0.106445 0.109375
1 0.325684 0.710938 0.145508 0.134766
1 0.297852 0.527344 0.0742188 0.148438
1 0.70166 0.173828 0.0888672 0.222656
1 0.285645 0.624023 0.133789 0.117188
1 0.771484 0.265625 0.125 0.164062
1 0.0571289 0.661133 0.102539 0.158203
1 0.732422 0.445312 0.107422 0.134766
1 0.554688 0.609863 0.105469 0.172852
1 0.90918 0.450195 0.111328 0.189453
1 0.579102 0.233887 0.123047 0.168945
