0 0.118652 0.321777 0.0439453 0.0654297
0 0.133301 0.304199 0.0654297 0.0712891
0 0.313965 0.474121 0.0693359 0.0439453
0 0.313477 0.60791 0.0429688 0.0673828
0 0.875 0.298828 0.0507812 0.0507812
0 0.341797 0.51416 0.0566406 0.0341797
0 0.219727 0.755371 0.0488281 0.0673828
0 0.265137 0.655273 0.0537109 0.0488281
0 0.530273 0.595703 0.0332031 0.0839844
0 0.657227 0.373047 0.0332031 0.0722656
0 0.416992 0.364746 0.03125 0.0673828
0 0.760742 0.138672 0.0527344 0.0488281
0 0.263184 0.284668 0.0341797 0.0771484
0 0.38623 0.361328 0.0341797 0.0761719
0 0.658203 0.439941 0.0429688 0.0517578
0 0.526367 0.405762 0.03125 0.0673828
0 0.433594 0.311035 0.0273438 0.0556641
0 0.719727 0.651367 0.0371094 0.0664062
0 0.611816 0.529297 0.0361328 0.0664062
0 0.237305 0.773438 0.0371094 0.0664062
0 0.373047 0.252441 0.0351562 0.0732422
0 0.720703 0.408203 0.0429688 0.0664062
0 0.416992 0.23584 0.0371094 0.0908203
0 0.557617 0.321777 0.0546875 0.0517578
0 0.268066 0.349609 0.0341797 0.0742188
0 0.251465 0.529297 0.0537109 0.0625
0 0.432129 0.525391 0.0634766 0.0742188
0 0.169922 0.441895 0.0527344 0.0341797
0 0.127441 0.357422 0.0537109 0.0429688
0 0.313965 0.574219 0.0439453 0.0703125
0 0.720703 0.523438 0.046875 0.0742188
0 0.23877 0.239258 0.0458984 0.0566406
0 0.620117 0.400391 0.0371094 0.0761719
0 0.381836 0.805664 0.0429688 0.0878906
0 0.780273 0.0893555 0.0566406 0.0458984
0 0.228516 0.366211 0.0371094 0.0605469
0 0.775391 0.160645 0.046875 0.0673828
0 0.58252 0.438965 0.0517578 0.0498047
0 0.874023 0.0854492 0.0371094 0.0810547
0 0.557129 0.657227 0.0498047 0.0371094
0 0.501465 0.198242 0.0439453 0.0664062
0 0.606934 0.464844 0.0458984 0.0566406
0 0.588867 0.10791 0.0410156 0.0810547
0 0.250488 0.868164 0.0380859 0.0820312
0 0.628906 0.140137 0.0546875 0.0595703
0 0.609863 0.676758 0.0556641 0.0449219
0 0.387207 0.183105 0.0478516 0.0634766
0 0.357422 0.334961 0.046875 0.0527344
0 0.499512 0.620117 0.0439453 0.0722656
0 0.181152 0.785645 0.0458984 0.0849609
0 0.199219 0.575684 0.0527344 0.0673828
0 0.317383 0.324707 0.0605469 0.0517578
0 0.727051 0.250977 0.0478516 0.0566406
0 0.351074 0.188965 0.0439453 0.0654297
0 0.774414 0.239746 0.0566406 0.0537109
0 0.725586 0.308594 0.0605469 0.0546875
0 0.55957 0.396973 0.046875 0.0693359
0 0.106934 0.414062 0.0712891 0.0390625
0 0.602539 0.183594 0.0605469 0.0488281
0 0.479492 0.157715 0.0488281 0.0732422
0 0.632812 0.321289 0.0566406 0.0488281
0 0.819336 0.30127 0.0546875 0.0478516
0 0.648438 0.600586 0.0527344 0.0449219
0 0.194336 0.632812 0.0605469 0.0546875
0 0.458496 0.737793 0.0615234 0.0498047
