0 0.564453 0.416016 0.0234375 0.0722656
0 0.661133 0.348633 0.0585938 0.0292969
0 0.319824 0.821289 0.0751953 0.0644531
0 0.656738 0.31543 0.0595703 0.0332031
0 0.563477 0.283691 0.0488281 0.137695
0 0.528809 0.314941 0.0341797 0.0673828
0 0.540527 0.444824 0.0302734 0.141602
0 0.574219 0.598633 0.0703125 0.0605469
0 0.488281 0.487793 0.0585938 0.0361328
0 0.587891 0.345703 0.0292969 0.0664062
0 0.588379 0.900391 0.0361328 0.105469
0 0.215332 0.200195 0.0341797 0.0273438
0 0.539062 0.763184 0.0292969 0.0634766
