0 0.427734 0.475098 0.0214844 0.0205078
0 0.254883 0.548828 0.0214844 0.015625
0 0.685059 0.677734 0.0185547 0.0234375
0 0.23291 0.409668 0.0244141 0.0224609
0 0.629883 0.669922 0.0371094 0.0195312
0 0.187012 0.471191 0.0166016 0.0205078
0 0.606445 0.394043 0.0214844 0.0126953
0 0.651855 0.693848 0.0126953 0.0302734
0 0.421875 0.754395 0.0195312 0.0341797
0 0.478027 0.451172 0.0244141 0.015625
0 0.433594 0.518555 0.015625 0.0214844
0 0.372559 0.746582 0.0146484 0.0283203
0 0.149902 0.733398 0.0224609 0.0136719
0 0.205078 0.354004 0.0175781 0.0107422
0 0.317871 0.345703 0.0146484 0.03125
0 0.618652 0.582031 0.0166016 0.0273438
0 0.410156 0.562012 0.0117188 0.0263672
0 0.185059 0.574707 0.0107422 0.0361328
0 0.276855 0.590332 0.0244141 0.0283203
0 0.53125 0.407227 0.0195312 0.0214844
0 0.71582 0.455566 0.00976562 0.0341797
0 0.529297 0.44043 0.0117188 0.0273438
0 0.380859 0.941406 0.015625 0.0234375
0 0.157715 0.565918 0.0166016 0.0283203
0 0.286621 0.327148 0.0185547 0.0175781
0 0.305664 0.185547 0.0175781 0.0214844
0 0.215332 0.760742 0.0205078 0.0332031
0 0.671875 0.518066 0.0117188 0.0283203
0 0.620117 0.46875 0.015625 0.0195312
0 0.65332 0.286621 0.0175781 0.0224609
0 0.343262 0.307617 0.0126953 0.0273438
0 0.389648 0.481445 0.0214844 0.0136719
0 0.513184 0.332031 0.0107422 0.0273438
0 0.419434 0.197266 0.0185547 0.0292969
0 0.461914 0.856445 0.0292969 0.0136719
0 0.679688 0.698242 0.015625 0.0253906
0 0.400391 0.832031 0.0136719 0.0351562
0 0.189453 0.200684 0.0117188 0.0302734
0 0.74707 0.416016 0.0175781 0.0253906
0 0.543945 0.517578 0.00976562 0.0273438
0 0.189941 0.456055 0.0107422 0.03125
0 0.66748 0.376953 0.0126953 0.0351562
0 0.415527 0.561523 0.0126953 0.0273438
0 0.414062 0.305664 0.0234375 0.0214844
0 0.407715 0.72168 0.0107422 0.0371094
0 0.0639648 0.805664 0.0126953 0.0292969
0 0.708984 0.320312 0.0214844 0.0136719
0 0.507812 0.286621 0.0117188 0.0283203
0 0.157227 0.621582 0.0214844 0.0263672
0 0.701172 0.576172 0.0195312 0.0195312
0 0.654297 0.458984 0.0273438 0.0195312
0 0.0854492 0.604004 0.0146484 0.0400391
0 0.584961 0.48584 0.0234375 0.0185547
0 0.384766 0.859375 0.0234375 0.0292969
0 0.377441 0.189453 0.0126953 0.0273438
0 0.518555 0.567383 0.0214844 0.0351562
0 0.45459 0.0966797 0.0283203 0.0429688
0 0.450195 0.353027 0.0175781 0.0224609
0 0.567383 0.675293 0.0214844 0.0185547
0 0.335449 0.295898 0.0205078 0.0253906
0 0.0742188 0.573242 0.0253906 0.0175781
0 0.597168 0.359863 0.0205078 0.0185547
0 0.693359 0.637695 0.0234375 0.0214844
0 0.458008 0.397461 0.015625 0.0214844
0 0.470703 0.432129 0.0195312 0.0244141
0 0.131348 0.322266 0.0146484 0.0234375
0 0.330078 0.447266 0.0195312 0.0195312
0 0.378418 0.253906 0.0244141 0.0175781
0 0.539062 0.44043 0.00976562 0.0332031
0 0.440918 0.391602 0.0107422 0.0253906
0 0.240723 0.680664 0.0263672 0.0136719
0 0.677734 0.442383 0.0195312 0.0214844
0 0.653809 0.302734 0.0224609 0.0136719
0 0.525879 0.693359 0.0205078 0.0195312
0 0.541992 0.651367 0.015625 0.0273438
0 0.275391 0.415527 0.0234375 0.0126953
0 0.441895 0.373047 0.0244141 0.015625
0 0.39502 0.165527 0.0205078 0.0185547
0 0.12207 0.706055 0.0175781 0.0292969
0 0.260742 0.667969 0.0136719 0.0214844
0 0.238281 0.299805 0.0175781 0.0175781
0 0.215332 0.439941 0.0263672 0.0205078
0 0.32666 0.725586 0.00878906 0.0292969
0 0.491211 0.594727 0.0214844 0.0332031
0 0.177246 0.356445 0.0244141 0.0117188
0 0.370117 0.933105 0.0214844 0.0224609
0 0.124023 0.753906 0.0234375 0.0234375
0 0.227539 0.604492 0.0195312 0.0214844
0 0.276855 0.461426 0.0126953 0.0263672
0 0.17334 0.420898 0.0244141 0.0175781
0 0.50293 0.901367 0.0214844 0.0332031
0 0.302734 0.701172 0.015625 0.0253906
0 0.65625 0.383301 0.015625 0.0185547
0 0.308594 0.652832 0.0117188 0.0322266
0 0.422363 0.874023 0.0205078 0.0253906
0 0.399902 0.745117 0.0107422 0.0332031
0 0.419922 0.380371 0.0117188 0.0302734
0 0.334961 0.500977 0.0195312 0.0332031
0 0.385254 0.598633 0.0126953 0.0292969
0 0.303223 0.503418 0.0166016 0.0263672
0 0.396973 0.40625 0.0185547 0.0195312
0 0.430664 0.404297 0.0136719 0.0195312
0 0.700684 0.464844 0.0166016 0.0292969
0 0.322266 0.680664 0.015625 0.0371094
0 0.333008 0.172852 0.0195312 0.0214844
0 0.75 0.462402 0.0234375 0.0146484
0 0.160156 0.75 0.015625 0.03125
0 0.311523 0.743652 0.00976562 0.0263672
0 0.494629 0.522461 0.0224609 0.0136719
0 0.597656 0.506836 0.0234375 0.0136719
0 0.721191 0.646484 0.0126953 0.0332031
0 0.668945 0.333008 0.00976562 0.0234375
0 0.39209 0.382812 0.0205078 0.0136719
0 0.270508 0.569336 0.0332031 0.015625
0 0.513672 0.393066 0.015625 0.0244141
0 0.624512 0.520508 0.0126953 0.0332031
0 0.157715 0.384766 0.0146484 0.0195312
0 0.202637 0.412109 0.0205078 0.0195312
0 0.397949 0.901367 0.0185547 0.0175781
0 0.384766 0.755859 0.0117188 0.0351562
0 0.577637 0.737793 0.0224609 0.0283203
0 0.623047 0.436523 0.015625 0.0253906
0 0.591309 0.605957 0.0205078 0.0166016
0 0.106445 0.56543 0.0175781 0.0351562
0 0.43457 0.435547 0.0234375 0.03125
0 0.413086 0.413574 0.0136719 0.0263672
0 0.0527344 0.584473 0.015625 0.0341797
0 0.308105 0.724121 0.0205078 0.0166016
0 0.42041 0.501465 0.0224609 0.0166016
0 0.406738 0.886719 0.0205078 0.03125
0 0.399902 0.362793 0.0107422 0.0322266
0 0.569336 0.494141 0.0234375 0.0195312
0 0.651855 0.40625 0.0107422 0.0273438
0 0.245605 0.705078 0.0107422 0.0332031
0 0.480469 0.252441 0.0273438 0.0107422
0 0.37793 0.629883 0.00976562 0.0292969
0 0.225586 0.669922 0.0117188 0.0253906
0 0.728516 0.491211 0.0117188 0.0253906
0 0.461914 0.219727 0.0175781 0.015625
0 0.255859 0.48584 0.0117188 0.0322266
0 0.177734 0.439941 0.0117188 0.0244141
0 0.368164 0.557617 0.0117188 0.0273438
0 0.399902 0.32959 0.0166016 0.0263672
0 0.628906 0.494141 0.0117188 0.0273438
0 0.356445 0.94043 0.00976562 0.0410156
0 0.516602 0.428223 0.0195312 0.0107422
0 0.365234 0.612305 0.015625 0.0292969
0 0.496094 0.423828 0.0234375 0.0175781
0 0.331543 0.230469 0.0107422 0.0253906
0 0.365234 0.663574 0.0117188 0.0302734
0 0.349609 0.335938 0.0195312 0.015625
0 0.0961914 0.597168 0.0166016 0.0400391
0 0.349609 0.736328 0.0214844 0.03125
0 0.0761719 0.738281 0.015625 0.0351562
0 0.375 0.462891 0.0195312 0.0136719
0 0.448242 0.928711 0.0214844 0.0371094
0 0.288086 0.341797 0.0195312 0.0214844
0 0.413574 0.810547 0.0126953 0.0371094
0 0.163086 0.800293 0.0253906 0.0166016
0 0.166016 0.765625 0.0117188 0.03125
0 0.302734 0.513672 0.0195312 0.03125
0 0.726074 0.336914 0.0205078 0.0292969
0 0.32959 0.316406 0.0205078 0.0175781
0 0.614746 0.371094 0.0185547 0.0195312
0 0.114746 0.727539 0.0205078 0.0253906
0 0.538086 0.572266 0.0175781 0.015625
0 0.493652 0.26416 0.0205078 0.0166016
0 0.134277 0.712891 0.0146484 0.0351562
0 0.291992 0.403809 0.0117188 0.0322266
0 0.184082 0.246094 0.0166016 0.0351562
0 0.209473 0.793945 0.0224609 0.0214844
0 0.240723 0.61377 0.0283203 0.0205078
0 0.362305 0.310059 0.0175781 0.0146484
0 0.489258 0.288574 0.0136719 0.0185547
0 0.724609 0.581543 0.015625 0.0244141
0 0.753906 0.549805 0.0117188 0.0371094
0 0.185059 0.271484 0.0205078 0.0273438
0 0.768066 0.477539 0.0244141 0.015625
0 0.314453 0.70459 0.0136719 0.0322266
0 0.130371 0.43457 0.0263672 0.0195312
0 0.141602 0.327637 0.0136719 0.0361328
0 0.594727 0.584473 0.0136719 0.0341797
0 0.348633 0.564453 0.0273438 0.0195312
0 0.493164 0.838867 0.0117188 0.0351562
0 0.583984 0.709473 0.0234375 0.0244141
0 0.431152 0.222168 0.0166016 0.0224609
0 0.465332 0.555664 0.0224609 0.0175781
0 0.344727 0.441406 0.0136719 0.0351562
0 0.193359 0.437988 0.015625 0.0341797
0 0.0693359 0.666992 0.015625 0.0273438
0 0.280273 0.65918 0.0292969 0.0136719
0 0.174805 0.65332 0.0136719 0.0292969
0 0.206543 0.560547 0.0302734 0.0195312
0 0.469727 0.827148 0.00976562 0.0410156
0 0.223633 0.347656 0.0214844 0.0234375
0 0.644043 0.73877 0.0322266 0.0146484
0 0.350098 0.31543 0.0107422 0.0292969
0 0.458984 0.567871 0.0195312 0.0126953
0 0.236816 0.652344 0.0185547 0.0234375
0 0.445801 0.364746 0.0224609 0.0146484
0 0.693359 0.496582 0.0234375 0.0146484
0 0.479004 0.464844 0.0244141 0.0195312
0 0.118652 0.573242 0.0107422 0.0332031
0 0.339844 0.34375 0.0195312 0.0234375
0 0.669922 0.659668 0.015625 0.0380859
0 0.50293 0.481934 0.0136719 0.0263672
0 0.58252 0.586914 0.0126953 0.0332031
0 0.475098 0.720703 0.0185547 0.0273438
0 0.270996 0.631836 0.0126953 0.0332031
0 0.451172 0.557129 0.00976562 0.0224609
0 0.357422 0.90332 0.0195312 0.0253906
0 0.746094 0.388184 0.0195312 0.0224609
0 0.234375 0.249023 0.0117188 0.03125
0 0.513184 0.52832 0.0126953 0.0292969
0 0.417969 0.634766 0.0195312 0.0273438
0 0.30957 0.290039 0.0175781 0.0253906
0 0.0361328 0.695312 0.0136719 0.0390625
0 0.459961 0.827148 0.0136719 0.0371094
0 0.581055 0.667969 0.0136719 0.0351562
0 0.050293 0.774414 0.0166016 0.0332031
0 0.740234 0.65625 0.0273438 0.0195312
0 0.114258 0.621094 0.0253906 0.03125
0 0.494629 0.789062 0.0205078 0.0195312
0 0.244141 0.282715 0.015625 0.0341797
0 0.182129 0.495117 0.0166016 0.0292969
0 0.0771484 0.770508 0.0136719 0.0332031
0 0.175293 0.725586 0.0224609 0.0175781
0 0.481445 0.70166 0.0292969 0.0166016
0 0.519531 0.313965 0.0117188 0.0322266
0 0.145996 0.790039 0.0205078 0.0175781
0 0.31543 0.240234 0.0214844 0.0195312
0 0.554199 0.786621 0.0244141 0.0166016
0 0.401367 0.15918 0.0136719 0.0253906
0 0.761719 0.341309 0.0078125 0.0302734
0 0.506836 0.636719 0.0136719 0.03125
0 0.419434 0.354492 0.0146484 0.0253906
0 0.615234 0.69873 0.0234375 0.0166016
0 0.432617 0.935547 0.0292969 0.03125
0 0.450684 0.239258 0.0146484 0.0253906
0 0.577148 0.503906 0.0234375 0.0117188
0 0.355957 0.229004 0.0107422 0.0185547
0 0.282715 0.540039 0.0263672 0.0175781
0 0.506836 0.871094 0.0175781 0.0429688
0 0.589844 0.550781 0.0234375 0.015625
0 0.411133 0.585938 0.0253906 0.0195312
0 0.359375 0.245605 0.0214844 0.0126953
0 0.306641 0.15332 0.0234375 0.0214844
0 0.129883 0.343262 0.0292969 0.0185547
0 0.448242 0.643555 0.0253906 0.0136719
0 0.13916 0.689453 0.0361328 0.015625
0 0.467773 0.300293 0.0136719 0.0244141
0 0.210449 0.604492 0.0205078 0.0175781
0 0.733887 0.447754 0.0185547 0.0185547
0 0.37207 0.912598 0.0214844 0.0322266
0 0.252441 0.348633 0.0185547 0.0253906
0 0.475098 0.880859 0.0244141 0.0234375
0 0.48291 0.237793 0.0244141 0.0185547
0 0.424316 0.613281 0.0146484 0.0351562
0 0.290039 0.629883 0.0175781 0.0214844
0 0.649414 0.556152 0.0136719 0.0263672
0 0.529785 0.502441 0.0185547 0.0263672
0 0.285156 0.279785 0.015625 0.0224609
0 0.621094 0.338379 0.015625 0.0205078
0 0.620117 0.666992 0.0273438 0.0175781
0 0.801758 0.37207 0.0195312 0.0292969
0 0.524902 0.633789 0.0263672 0.0292969
0 0.391602 0.652344 0.0136719 0.0273438
0 0.635742 0.721191 0.0292969 0.0224609
0 0.25293 0.225098 0.0175781 0.0341797
0 0.145996 0.383301 0.0166016 0.0302734
0 0.357422 0.769531 0.0195312 0.03125
0 0.431641 0.686035 0.0117188 0.0283203
0 0.399414 0.191406 0.0175781 0.0175781
0 0.0600586 0.730469 0.0263672 0.015625
0 0.792969 0.571289 0.0234375 0.0371094
0 0.261719 0.458496 0.0195312 0.0244141
0 0.504883 0.703125 0.0214844 0.0351562
0 0.670898 0.496582 0.0214844 0.0166016
0 0.366211 0.584961 0.0117188 0.0390625
0 0.438965 0.862793 0.0107422 0.0361328
0 0.439453 0.319336 0.0195312 0.0234375
0 0.366699 0.470703 0.0205078 0.015625
0 0.266113 0.322266 0.0185547 0.0273438
0 0.158691 0.775391 0.0126953 0.03125
0 0.723145 0.668457 0.0224609 0.0166016
0 0.583008 0.623047 0.0214844 0.03125
0 0.328613 0.541016 0.0146484 0.0332031
0 0.354004 0.870117 0.0224609 0.0429688
0 0.29834 0.130859 0.0146484 0.03125
0 0.671875 0.587402 0.03125 0.0166016
0 0.22168 0.70459 0.0175781 0.0244141
0 0.412109 0.787109 0.0195312 0.015625
0 0.509766 0.716797 0.0234375 0.0234375
0 0.343262 0.672363 0.0185547 0.0302734
0 0.347656 0.616211 0.0195312 0.0292969
0 0.154785 0.240723 0.0146484 0.0400391
0 0.142578 0.760742 0.0136719 0.0390625
0 0.533203 0.878906 0.0214844 0.046875
0 0.325684 0.431641 0.0263672 0.0136719
0 0.346191 0.960449 0.0126953 0.0302734
0 0.22998 0.47168 0.0244141 0.0214844
0 0.165039 0.454102 0.0175781 0.0351562
0 0.428711 0.341797 0.0136719 0.0273438
0 0.395996 0.274414 0.0146484 0.0292969
0 0.286133 0.431152 0.015625 0.0205078
0 0.710938 0.687988 0.0273438 0.0244141
0 0.211914 0.735352 0.0234375 0.0214844
0 0.540527 0.478516 0.0244141 0.015625
0 0.746094 0.486328 0.0273438 0.0175781
0 0.162598 0.685547 0.0205078 0.0195312
0 0.158203 0.535156 0.03125 0.0351562
0 0.318359 0.187988 0.0117188 0.0302734
0 0.489258 0.902344 0.0136719 0.0390625
0 0.229004 0.590332 0.0166016 0.0185547
0 0.40332 0.491211 0.0273438 0.0175781
0 0.601562 0.678711 0.0117188 0.0390625
0 0.213867 0.291016 0.0234375 0.0234375
0 0.443359 0.212402 0.0117188 0.0283203
0 0.644043 0.748535 0.0322266 0.0185547
0 0.400879 0.646484 0.0166016 0.0351562
0 0.504883 0.677734 0.0175781 0.03125
0 0.114258 0.509766 0.0175781 0.0351562
0 0.196289 0.75293 0.0136719 0.0371094
0 0.0654297 0.629883 0.0234375 0.0371094
0 0.462402 0.495117 0.0107422 0.03125
0 0.577637 0.78418 0.0146484 0.0449219
0 0.559082 0.48877 0.0224609 0.0263672
0 0.244141 0.378418 0.0117188 0.0380859
0 0.515625 0.443359 0.015625 0.0234375
0 0.438965 0.302246 0.0205078 0.0244141
0 0.360352 0.281738 0.0214844 0.0224609
0 0.294922 0.752441 0.0214844 0.0166016
0 0.498047 0.356934 0.0214844 0.0224609
0 0.367676 0.212402 0.0146484 0.0263672
0 0.187012 0.688477 0.0205078 0.0253906
0 0.444824 0.619141 0.0185547 0.03125
0 0.708496 0.714355 0.0244141 0.0205078
0 0.383301 0.793457 0.0126953 0.0302734
0 0.668457 0.719238 0.0166016 0.0322266
0 0.499023 0.650879 0.0117188 0.0400391
0 0.548828 0.626953 0.015625 0.0292969
0 0.626953 0.314453 0.0117188 0.0292969
0 0.701172 0.444824 0.0195312 0.0244141
0 0.40918 0.25293 0.0214844 0.0273438
0 0.662109 0.619629 0.03125 0.0224609
0 0.72168 0.61084 0.0175781 0.0400391
0 0.557617 0.754395 0.00976562 0.0400391
0 0.248535 0.619141 0.0244141 0.0273438
0 0.289062 0.380371 0.0175781 0.0205078
0 0.541992 0.708008 0.0253906 0.0214844
0 0.205566 0.682129 0.0205078 0.0205078
0 0.190918 0.32666 0.0107422 0.0302734
0 0.29248 0.614258 0.0283203 0.0175781
0 0.379883 0.28418 0.0117188 0.0332031
0 0.090332 0.697266 0.0205078 0.03125
0 0.144043 0.566406 0.0146484 0.0351562
0 0.502441 0.412109 0.0166016 0.0234375
0 0.25293 0.271484 0.0136719 0.0351562
0 0.449219 0.75293 0.0234375 0.0292969
0 0.481445 0.511719 0.0253906 0.0117188
0 0.568848 0.444336 0.0205078 0.0117188
0 0.727539 0.360352 0.0234375 0.0195312
0 0.474121 0.291992 0.0185547 0.0214844
0 0.27002 0.40625 0.0244141 0.0136719
0 0.407227 0.275391 0.0136719 0.0351562
0 0.235352 0.771484 0.0214844 0.0214844
0 0.275391 0.258789 0.0234375 0.0175781
0 0.439453 0.658203 0.0273438 0.015625
0 0.265625 0.602539 0.0253906 0.0253906
0 0.375977 0.692871 0.0195312 0.0302734
0 0.599609 0.76416 0.0273438 0.0224609
0 0.476562 0.223633 0.015625 0.0292969
0 0.517578 0.737305 0.0273438 0.0253906
0 0.449707 0.597656 0.0146484 0.0332031
0 0.606445 0.643555 0.0253906 0.0175781
0 0.651367 0.71582 0.0253906 0.0253906
0 0.426758 0.70752 0.0253906 0.0185547
0 0.220215 0.493652 0.0263672 0.0322266
0 0.573242 0.548828 0.0175781 0.0195312
0 0.560547 0.459961 0.0195312 0.0214844
0 0.733398 0.531738 0.0253906 0.0205078
0 0.645996 0.317383 0.0244141 0.0214844
0 0.387207 0.508789 0.0263672 0.0175781
0 0.102539 0.415527 0.0253906 0.0341797
0 0.237793 0.213379 0.0126953 0.0380859
0 0.222168 0.225098 0.0185547 0.0263672
0 0.0688477 0.700684 0.0166016 0.0283203
0 0.472168 0.382812 0.0244141 0.0195312
0 0.397461 0.78418 0.0175781 0.0292969
0 0.714844 0.547852 0.0273438 0.0253906
0 0.447754 0.263672 0.0185547 0.0214844
0 0.26709 0.689453 0.0126953 0.03125
0 0.681641 0.40625 0.0195312 0.015625
0 0.652344 0.630859 0.0273438 0.0273438
0 0.359863 0.444336 0.0205078 0.0273438
0 0.576172 0.382324 0.0234375 0.0166016
0 0.508301 0.925781 0.0302734 0.0195312
0 0.0600586 0.555664 0.0283203 0.0175781
0 0.60498 0.452148 0.0244141 0.0175781
0 0.768555 0.547852 0.0195312 0.0371094
0 0.714355 0.385742 0.0244141 0.0292969
0 0.53418 0.732422 0.0332031 0.0234375
0 0.162598 0.605469 0.0322266 0.0292969
0 0.819336 0.577148 0.0292969 0.0371094
0 0.594727 0.702148 0.0253906 0.0292969
0 0.297363 0.366211 0.0205078 0.0175781
0 0.689453 0.709961 0.0234375 0.0292969
0 0.131348 0.624512 0.0224609 0.0263672
0 0.566406 0.649414 0.015625 0.0292969
0 0.559082 0.382812 0.0185547 0.0292969
0 0.63916 0.672852 0.0302734 0.015625
0 0.538086 0.680664 0.0253906 0.0175781
0 0.481445 0.274902 0.0292969 0.0126953
0 0.322266 0.288086 0.0195312 0.0253906
0 0.484375 0.853516 0.0195312 0.0371094
0 0.646973 0.65332 0.0166016 0.0273438
0 0.408203 0.368164 0.0117188 0.0273438
0 0.436523 0.455566 0.0214844 0.0263672
0 0.307617 0.388672 0.0214844 0.015625
0 0.266602 0.354004 0.0175781 0.0244141
0 0.601562 0.626953 0.0234375 0.0195312
0 0.336426 0.248535 0.0205078 0.0302734
0 0.703125 0.348633 0.015625 0.0332031
0 0.638184 0.695312 0.0205078 0.03125
0 0.414062 0.516602 0.0273438 0.0214844
0 0.237305 0.746094 0.03125 0.0195312
0 0.603516 0.411133 0.0117188 0.0253906
0 0.0830078 0.546875 0.0175781 0.03125
0 0.625977 0.416504 0.0214844 0.0205078
0 0.0874023 0.712891 0.0283203 0.0292969
0 0.197266 0.589844 0.0253906 0.0351562
0 0.112793 0.796387 0.0283203 0.0205078
0 0.293457 0.291504 0.0224609 0.0244141
0 0.297852 0.576172 0.0214844 0.03125
0 0.570801 0.716797 0.0244141 0.015625
0 0.261719 0.940918 0.0292969 0.0185547
0 0.293945 0.478516 0.0195312 0.03125
0 0.40332 0.599609 0.0273438 0.015625
0 0.186523 0.642578 0.0214844 0.03125
0 0.151855 0.648438 0.0166016 0.0351562
0 0.259277 0.430176 0.0224609 0.0224609
0 0.154297 0.708984 0.0214844 0.0273438
0 0.252441 0.584961 0.0263672 0.015625
0 0.43457 0.568848 0.0234375 0.0244141
0 0.557617 0.693848 0.0234375 0.0205078
0 0.541016 0.767578 0.0234375 0.0253906
0 0.225098 0.388672 0.0244141 0.0195312
0 0.334473 0.36084 0.0185547 0.0302734
0 0.547852 0.666016 0.0253906 0.0175781
0 0.614258 0.743652 0.0253906 0.0224609
0 0.324219 0.55957 0.0195312 0.0253906
0 0.73877 0.684082 0.0224609 0.0341797
