0 0.163086 0.268555 0.0292969 0.0214844
0 0.200684 0.353027 0.0146484 0.0439453
0 0.299805 0.157227 0.0214844 0.0449219
0 0.210449 0.29834 0.0322266 0.0205078
0 0.302246 0.719727 0.0263672 0.0488281
0 0.11377 0.379883 0.0166016 0.0449219
0 0.178223 0.290039 0.0361328 0.0253906
0 0.0751953 0.382812 0.0351562 0.0253906
0 0.174805 0.234863 0.0410156 0.0380859
0 0.109863 0.340332 0.0322266 0.0322266
0 0.485352 0.524414 0.0136719 0.0449219
0 0.254395 0.49707 0.0146484 0.0371094
0 0.200684 0.152832 0.0146484 0.0419922
0 0.11084 0.416992 0.0244141 0.0429688
0 0.14209 0.345703 0.0341797 0.0390625
0 0.514648 0.561523 0.0136719 0.0449219
0 0.186523 0.444336 0.0214844 0.0507812
0 0.229492 0.308105 0.03125 0.0185547
0 0.20166 0.191895 0.0185547 0.0419922
0 0.503418 0.538574 0.0166016 0.0458984
0 0.260254 0.140137 0.0166016 0.0517578
0 0.527832 0.581543 0.0185547 0.0498047
0 0.126465 0.397461 0.0302734 0.0410156
0 0.153809 0.390625 0.0263672 0.0390625
0 0.15625 0.300293 0.015625 0.0537109
0 0.157715 0.371094 0.0302734 0.0351562
0 0.480469 0.555664 0.0273438 0.0214844
0 0.223633 0.187988 0.03125 0.0341797
0 0.1875 0.268555 0.03125 0.0351562
0 0.505371 0.288086 0.0302734 0.0175781
0 0.240234 0.476562 0.0253906 0.0429688
0 0.488281 0.474121 0.03125 0.0283203
0 0.237793 0.141113 0.0224609 0.0419922
0 0.233398 0.524414 0.015625 0.0488281
0 0.219238 0.493164 0.0244141 0.0371094
0 0.49707 0.60791 0.0371094 0.0361328
0 0.530762 0.621582 0.0205078 0.0458984
0 0.405273 0.175781 0.0253906 0.0507812
0 0.489258 0.576172 0.0371094 0.0273438
0 0.455078 0.0791016 0.0351562 0.0351562
0 0.215332 0.524414 0.0205078 0.0449219
0 0.196777 0.321777 0.0400391 0.0224609
0 0.300781 0.180176 0.03125 0.0263672
0 0.208496 0.242188 0.0244141 0.0429688
0 0.174316 0.349609 0.0244141 0.046875
0 0.449707 0.239258 0.0244141 0.0371094
0 0.416992 0.576172 0.0292969 0.0234375
0 0.429199 0.229004 0.0244141 0.0498047
0 0.475098 0.588867 0.0224609 0.046875
0 0.31543 0.134766 0.0195312 0.0507812
0 0.129883 0.307617 0.0195312 0.0410156
0 0.212402 0.274902 0.0302734 0.0302734
0 0.344727 0.521484 0.0195312 0.0449219
0 0.225098 0.225098 0.0361328 0.0205078
0 0.140137 0.223145 0.0263672 0.0419922
0 0.522949 0.530273 0.0302734 0.0253906
0 0.470215 0.435547 0.0341797 0.0273438
0 0.34375 0.134766 0.0390625 0.0273438
