0 0.719238 0.675293 0.0576172 0.0244141
0 0.360352 0.657227 0.0351562 0.0449219
0 0.760742 0.597656 0.0292969 0.0507812
0 0.8125 0.608887 0.0839844 0.0244141
0 0.749023 0.667969 0.0371094 0.0546875
0 0.313965 0.608887 0.0576172 0.0517578
0 0.373535 0.646484 0.0615234 0.0390625
0 0.808105 0.692383 0.0517578 0.0546875
0 0.671875 0.77832 0.0820312 0.0292969
0 0.45752 0.294434 0.0751953 0.0419922
0 0.822266 0.649414 0.0664062 0.0253906
0 0.835938 0.626953 0.0800781 0.0234375
0 0.766113 0.748047 0.0224609 0.0585938
0 0.691406 0.756836 0.0898438 0.0390625
0 0.769531 0.689453 0.0410156 0.0742188
0 0.405762 0.430664 0.0263672 0.0761719
0 0.708496 0.697266 0.0751953 0.0234375
0 0.541992 0.608398 0.0878906 0.0253906
0 0.789062 0.714844 0.03125 0.0664062
0 0.450195 0.31543 0.0625 0.0410156
0 0.385742 0.431152 0.0214844 0.0537109
0 0.390137 0.722656 0.0341797 0.0742188
0 0.497559 0.693848 0.0830078 0.0341797
0 0.343262 0.395508 0.0654297 0.0371094
0 0.321289 0.581055 0.0527344 0.0605469
0 0.729492 0.727539 0.0410156 0.0507812
0 0.793945 0.567383 0.0292969 0.0664062
0 0.458496 0.44043 0.0751953 0.0253906
0 0.814453 0.75 0.0507812 0.0546875
0 0.538574 0.560059 0.0751953 0.0380859
0 0.59082 0.672363 0.0761719 0.0283203
0 0.39209 0.629883 0.0751953 0.0371094
0 0.374512 0.21582 0.0556641 0.0585938
0 0.681152 0.726562 0.0556641 0.0390625
0 0.452637 0.789062 0.0439453 0.0917969
0 0.459473 0.146484 0.0791016 0.0292969
0 0.510742 0.436035 0.0800781 0.0458984
0 0.487793 0.28418 0.0751953 0.0410156
0 0.391602 0.147949 0.0488281 0.0791016
0 0.5625 0.411621 0.078125 0.0224609
0 0.461914 0.619629 0.09375 0.0341797
0 0.327148 0.654297 0.0566406 0.0585938
0 0.445312 0.412109 0.0585938 0.0390625
0 0.485352 0.789551 0.0292969 0.0595703
0 0.833008 0.688477 0.0332031 0.0625
0 0.430176 0.805664 0.0380859 0.0703125
0 0.316895 0.72998 0.0419922 0.0615234
0 0.74707 0.621582 0.0683594 0.0537109
0 0.339844 0.774902 0.0820312 0.0439453
0 0.549805 0.740234 0.0566406 0.0625
0 0.296387 0.697266 0.0810547 0.03125
0 0.414062 0.280273 0.0507812 0.0644531
0 0.359375 0.449707 0.0390625 0.0556641
0 0.588867 0.570312 0.0722656 0.0585938
0 0.516602 0.398438 0.0957031 0.0273438
0 0.29248 0.518066 0.0341797 0.0576172
0 0.253906 0.577148 0.0664062 0.0351562
0 0.442871 0.707031 0.0732422 0.0351562
0 0.489746 0.58252 0.0283203 0.0615234
0 0.350098 0.373047 0.0634766 0.0566406
0 0.414551 0.330566 0.0771484 0.0361328
0 0.669434 0.523926 0.0712891 0.0517578
0 0.273438 0.542969 0.0488281 0.0507812
0 0.427246 0.209473 0.0341797 0.0615234
0 0.532227 0.785156 0.0722656 0.0390625
0 0.364746 0.708984 0.0673828 0.0507812
0 0.346191 0.571777 0.0654297 0.0517578
0 0.838867 0.57959 0.0703125 0.0419922
0 0.541016 0.668945 0.0664062 0.0410156
0 0.331055 0.31543 0.0488281 0.0527344
