0 0.0639648 0.987793 0.0302734 0.0244141
0 0.311035 0.861328 0.0224609 0.0546875
0 0.291992 0.0732422 0.0175781 0.0742188
0 0.505371 0.473633 0.0205078 0.0566406
0 0.0297852 0.103516 0.0498047 0.0507812
0 0.337402 0.910156 0.0244141 0.0546875
0 0.0126953 0.444336 0.0253906 0.0644531
0 0.49707 0.510254 0.0371094 0.0751953
0 0.0405273 0.567383 0.0400391 0.0683594
0 0.0126953 0.597168 0.0253906 0.0400391
0 0.0307617 0.59668 0.0283203 0.0683594
0 0.0229492 0.310059 0.0439453 0.0439453
0 0.527832 0.471191 0.0478516 0.0322266
0 0.566406 0.494141 0.0273438 0.0742188
0 0.484863 0.450195 0.0419922 0.0390625
0 0.0385742 0.0732422 0.0673828 0.0527344
0 0.561523 0.674316 0.0449219 0.0478516
0 0.491211 0.673828 0.0292969 0.0546875
0 0.065918 0.617676 0.0302734 0.0712891
0 0.0126953 0.0551758 0.0253906 0.0634766
0 0.0649414 0.0307617 0.0615234 0.0576172
0 0.523438 0.683105 0.0351562 0.0595703
0 0.59375 0.544922 0.0390625 0.0507812
0 0.539062 0.445312 0.046875 0.03125
0 0.483887 0.631348 0.0419922 0.0498047
0 0.512695 0.632324 0.0488281 0.0458984
0 0.534668 0.512207 0.0419922 0.0439453
0 0.616699 0.450684 0.0498047 0.0400391
0 0.200195 0.0297852 0.0332031 0.0556641
0 0.634766 0.637207 0.0585938 0.0400391
0 0.0698242 0.090332 0.0400391 0.0478516
