0 0.015625 0.456543 0.03125 0.0732422
0 0.178711 0.509277 0.0820312 0.0439453
0 0.746094 0.552734 0.0761719 0.03125
0 0.166992 0.387695 0.0273438 0.0957031
0 0.917969 0.837891 0.0507812 0.0722656
0 0.186035 0.477539 0.0419922 0.0761719
0 0.729004 0.673828 0.0732422 0.046875
0 0.729492 0.838867 0.0585938 0.119141
0 0.738281 0.513672 0.0546875 0.0585938
0 0.887695 0.723633 0.0761719 0.0332031
0 0.856445 0.819336 0.0644531 0.0800781
0 0.774414 0.805176 0.0410156 0.0615234
0 0.745117 0.579102 0.0722656 0.0410156
0 0.55957 0.728027 0.0449219 0.0927734
0 0.550781 0.614258 0.0546875 0.0761719
0 0.976562 0.678711 0.046875 0.0605469
0 0.504883 0.627441 0.0332031 0.0654297
0 0.892578 0.766602 0.0625 0.0351562
0 0.18457 0.354004 0.0527344 0.0576172
0 0.00927734 0.287109 0.0185547 0.0527344
0 0.226074 0.458008 0.0439453 0.0839844
0 0.819336 0.802734 0.0488281 0.0917969
0 0.977539 0.609375 0.0429688 0.0976562
0 0.841309 0.68457 0.0732422 0.0605469
0 0.657227 0.541992 0.0214844 0.0527344
0 0.665039 0.705078 0.0449219 0.113281
0 0.246582 0.477051 0.0478516 0.0517578
0 0.0180664 0.337402 0.0361328 0.0400391
0 0.697266 0.794434 0.0390625 0.0810547
0 0.225098 0.406738 0.0791016 0.0283203
0 0.932617 0.693848 0.0507812 0.0693359
0 0.786133 0.514648 0.0566406 0.0605469
0 0.822754 0.606934 0.0576172 0.0341797
0 0.896484 0.688477 0.0429688 0.0449219
0 0.732422 0.780273 0.0742188 0.0917969
0 0.560547 0.508301 0.0371094 0.0869141
0 0.0234375 0.300781 0.0449219 0.0585938
0 0.979492 0.493164 0.0410156 0.0527344
0 0.0444336 0.591797 0.0537109 0.113281
0 0.847656 0.74707 0.0898438 0.0371094
0 0.949219 0.627441 0.0664062 0.0341797
0 0.864258 0.567383 0.0488281 0.0644531
0 0.17627 0.782227 0.0380859 0.0917969
0 0.22998 0.383789 0.0771484 0.0332031
0 0.726562 0.713379 0.0761719 0.0615234
0 0.630859 0.488281 0.0507812 0.0351562
0 0.134277 0.402344 0.0556641 0.0976562
0 0.988281 0.56543 0.0234375 0.0761719
0 0.696289 0.494141 0.046875 0.0625
0 0.215332 0.845703 0.0322266 0.117188
0 0.666016 0.78418 0.0429688 0.0839844
0 0.0146484 0.578613 0.0273438 0.0771484
0 0.64502 0.578125 0.0673828 0.03125
0 0.59668 0.560059 0.0527344 0.0400391
0 0.628906 0.753906 0.0488281 0.113281
0 0.966797 0.50293 0.0625 0.0546875
0 0.583984 0.49707 0.0546875 0.0625
0 0.135254 0.308105 0.0849609 0.0595703
0 0.847168 0.462402 0.0576172 0.0654297
0 0.126465 0.744629 0.0419922 0.116211
0 0.823242 0.574219 0.0410156 0.0507812
0 0.0253906 0.388672 0.0488281 0.0507812
0 0.0581055 0.35498 0.0712891 0.0439453
0 0.740234 0.609375 0.0683594 0.0507812
0 0.528809 0.538574 0.0283203 0.0849609
0 0.019043 0.491699 0.0380859 0.0869141
0 0.352539 0.440918 0.0644531 0.0439453
0 0.782715 0.724609 0.0439453 0.113281
0 0.615234 0.524414 0.0703125 0.046875
0 0.473633 0.497559 0.0566406 0.0966797
0 0.636719 0.616211 0.0625 0.0722656
0 0.308594 0.468262 0.0273438 0.0986328
0 0.673828 0.498047 0.046875 0.0546875
0 0.686523 0.57666 0.0390625 0.108398
0 0.933594 0.570312 0.0488281 0.0820312
0 0.806641 0.558594 0.0507812 0.046875
0 0.0517578 0.456543 0.0351562 0.0986328
0 0.164551 0.712402 0.0498047 0.0908203
0 0.274414 0.492188 0.046875 0.0664062
0 0.115234 0.375977 0.0566406 0.0878906
0 0.687988 0.851074 0.0712891 0.0439453
0 0.519043 0.481934 0.0615234 0.0654297
0 0.191895 0.739258 0.0537109 0.0976562
0 0.868164 0.625 0.0761719 0.0664062
0 0.587402 0.708496 0.0439453 0.110352
0 0.28125 0.416504 0.0605469 0.0634766
