0 0.188477 0.456055 0.0410156 0.03125
0 0.189941 0.489258 0.0244141 0.0488281
0 0.151367 0.446289 0.0429688 0.0371094
0 0.424316 0.833984 0.0283203 0.0546875
0 0.385742 0.702148 0.0273438 0.0390625
0 0.313965 0.295898 0.0361328 0.0683594
0 0.457031 0.457031 0.0371094 0.0429688
0 0.165039 0.430664 0.0488281 0.0351562
0 0.435547 0.446289 0.0390625 0.0292969
0 0.0537109 0.439941 0.0488281 0.0478516
0 0.522949 0.402344 0.0283203 0.0585938
0 0.737305 0.29541 0.0332031 0.0634766
0 0.476562 0.413574 0.03125 0.0517578
0 0.133789 0.595703 0.0429688 0.0546875
0 0.40625 0.347656 0.046875 0.0507812
0 0.594727 0.430664 0.0449219 0.0332031
0 0.561523 0.259766 0.0488281 0.0625
