0 0.416016 0.651367 0.0175781 0.0410156
0 0.441895 0.519531 0.0361328 0.0332031
0 0.432129 0.614746 0.0302734 0.0263672
0 0.412598 0.624023 0.0205078 0.0449219
0 0.433105 0.54248 0.0341797 0.0205078
0 0.652832 0.599121 0.0361328 0.0400391
0 0.457031 0.475098 0.0234375 0.0419922
0 0.513672 0.722168 0.03125 0.0263672
0 0.428711 0.477539 0.0292969 0.0175781
0 0.424316 0.59668 0.0419922 0.0371094
0 0.424316 0.623047 0.0283203 0.0390625
0 0.433594 0.554688 0.0351562 0.0234375
0 0.439453 0.529297 0.0390625 0.0234375
0 0.595703 0.583984 0.0664062 0.0976562
0 0.642578 0.61084 0.0390625 0.0380859
0 0.660156 0.584961 0.0351562 0.0644531
0 0.668945 0.641602 0.0253906 0.0527344
0 0.472168 0.475098 0.0244141 0.0517578
0 0.420898 0.513672 0.0234375 0.0351562
0 0.477051 0.587891 0.0322266 0.0273438
0 0.45752 0.647949 0.0380859 0.0263672
0 0.392578 0.659668 0.03125 0.0361328
0 0.55127 0.762695 0.0419922 0.0332031
0 0.458984 0.685547 0.046875 0.0351562
0 0.441895 0.501953 0.0302734 0.0410156
0 0.442383 0.57666 0.0332031 0.0361328
0 0.472656 0.626953 0.0390625 0.0234375
0 0.669922 0.681641 0.0429688 0.0566406
0 0.397461 0.602539 0.0292969 0.0332031
0 0.535156 0.731445 0.0273438 0.0527344
0 0.379883 0.5625 0.0292969 0.0351562
0 0.417969 0.566895 0.0351562 0.0322266
0 0.45752 0.56543 0.0166016 0.0566406
0 0.396484 0.637207 0.03125 0.0380859
0 0.386719 0.550781 0.0253906 0.0390625
0 0.380371 0.612305 0.0341797 0.0253906
0 0.439453 0.658203 0.0351562 0.0390625
0 0.483887 0.429688 0.0361328 0.0410156
0 0.759277 0.543945 0.0341797 0.0566406
0 0.320312 0.561035 0.0546875 0.0537109
