0 0.503418 0.348145 0.0361328 0.0615234
0 0.493652 0.570312 0.0400391 0.0429688
0 0.399414 0.350098 0.0292969 0.0498047
0 0.458984 0.664062 0.0332031 0.0761719
0 0.55127 0.495117 0.0263672 0.0605469
0 0.574707 0.501953 0.0205078 0.0566406
0 0.427734 0.558594 0.0351562 0.0859375
0 0.630859 0.62793 0.0234375 0.0566406
0 0.638672 0.516602 0.0273438 0.0742188
0 0.460938 0.57373 0.0273438 0.0498047
0 0.523438 0.53418 0.0273438 0.0605469
0 0.691406 0.642578 0.0546875 0.0703125
0 0.529297 0.625977 0.0292969 0.0683594
0 0.414062 0.353027 0.0507812 0.0595703
0 0.522461 0.674805 0.0410156 0.0410156
0 0.650391 0.567383 0.0507812 0.0585938
0 0.563477 0.434082 0.0605469 0.0419922
0 0.544434 0.528809 0.0244141 0.0693359
0 0.557129 0.603027 0.0302734 0.0693359
0 0.32959 0.404297 0.0576172 0.0820312
0 0.399902 0.399414 0.0419922 0.0527344
0 0.488281 0.658203 0.0449219 0.0585938
0 0.663574 0.532227 0.0361328 0.0761719
0 0.746094 0.593262 0.0703125 0.0576172
0 0.493652 0.612793 0.0595703 0.0400391
0 0.424805 0.490723 0.0410156 0.0712891
0 0.340332 0.506348 0.0498047 0.0615234
0 0.361816 0.363281 0.0244141 0.109375
0 0.523438 0.480469 0.0488281 0.0546875
0 0.67334 0.611328 0.0478516 0.0410156
0 0.44873 0.487793 0.0400391 0.0634766
0 0.588867 0.456055 0.0585938 0.0371094
0 0.47168 0.444824 0.0566406 0.0458984
0 0.663086 0.475098 0.0527344 0.0830078
0 0.414551 0.438965 0.0712891 0.0380859
0 0.419922 0.666992 0.0429688 0.0800781
0 0.525879 0.578125 0.0615234 0.03125
0 0.46875 0.381836 0.03125 0.0800781
0 0.520508 0.365234 0.0371094 0.0898438
0 0.602051 0.576172 0.0263672 0.0683594
0 0.48291 0.498535 0.0458984 0.0732422
0 0.515625 0.294922 0.0664062 0.0429688
0 0.43457 0.330078 0.0488281 0.0605469
0 0.552246 0.384766 0.0263672 0.0742188
0 0.606445 0.526367 0.0605469 0.0332031
