0 0.33252 0.520508 0.0830078 0.0527344
0 0.317383 0.49707 0.0371094 0.0234375
1 0.332031 0.518555 0.0800781 0.0566406
0 0.236328 0.208984 0.0214844 0.0546875
0 0.767578 0.884277 0.0195312 0.0634766
0 0.313477 0.607422 0.0214844 0.0546875
0 0.21582 0.611328 0.0195312 0.0527344
0 0.390625 0.0537109 0.0507812 0.0273438
0 0.314941 0.666504 0.0263672 0.0537109
0 0.289062 0.619141 0.03125 0.0410156
0 0.663574 0.378906 0.0576172 0.046875
0 0.725098 0.569336 0.0361328 0.0527344
0 0.787598 0.495605 0.0478516 0.0458984
0 0.35791 0.346191 0.0263672 0.0595703
0 0.79248 0.82373 0.0419922 0.0498047
0 0.24707 0.689453 0.0195312 0.0546875
0 0.150879 0.615234 0.0419922 0.0273438
