0 0.48584 0.501465 0.0205078 0.0439453
0 0.505371 0.378418 0.0166016 0.0576172
0 0.492676 0.549805 0.0302734 0.0253906
0 0.638672 0.583008 0.0351562 0.0195312
0 0.69043 0.438477 0.0253906 0.0644531
0 0.443848 0.56543 0.0185547 0.0566406
0 0.533691 0.566895 0.0146484 0.0537109
0 0.495605 0.413086 0.0244141 0.0625
0 0.546875 0.584961 0.0351562 0.0371094
0 0.608887 0.502441 0.0146484 0.0595703
0 0.697266 0.459961 0.03125 0.078125
0 0.489746 0.521484 0.0146484 0.0507812
0 0.446289 0.676758 0.0175781 0.0449219
0 0.493164 0.598633 0.0214844 0.0605469
0 0.69043 0.595703 0.0332031 0.0234375
0 0.514648 0.51416 0.0234375 0.0615234
0 0.512695 0.370117 0.0351562 0.0527344
0 0.464844 0.609375 0.015625 0.0390625
0 0.424805 0.54834 0.0253906 0.0419922
0 0.468262 0.54834 0.0380859 0.0224609
0 0.438965 0.608398 0.0341797 0.0351562
0 0.468262 0.581055 0.0341797 0.0332031
0 0.523926 0.543457 0.0322266 0.0615234
0 0.62793 0.595703 0.0371094 0.0253906
0 0.694336 0.501465 0.0214844 0.0595703
0 0.435547 0.663086 0.015625 0.0722656
0 0.589355 0.524902 0.0361328 0.0361328
0 0.501953 0.470703 0.0351562 0.0234375
0 0.705566 0.579102 0.0322266 0.0410156
0 0.717773 0.524902 0.0371094 0.0244141
0 0.536133 0.486328 0.0175781 0.0644531
0 0.488281 0.351074 0.0214844 0.0556641
0 0.694336 0.537109 0.03125 0.0351562
0 0.393066 0.497559 0.0283203 0.0361328
0 0.59668 0.483398 0.0292969 0.0527344
0 0.662109 0.665039 0.015625 0.0761719
0 0.467773 0.526855 0.0332031 0.0322266
0 0.62207 0.473145 0.0175781 0.0732422
0 0.618164 0.419922 0.0332031 0.0546875
0 0.480469 0.467773 0.0351562 0.0410156
0 0.642578 0.456055 0.0195312 0.0625
0 0.636719 0.521484 0.0390625 0.0351562
0 0.668945 0.524902 0.0253906 0.0498047
0 0.673828 0.479004 0.03125 0.0537109
