0 0.210938 0.162598 0.0273438 0.0712891
0 0.476562 0.279785 0.0273438 0.0615234
0 0.484863 0.32666 0.0263672 0.0634766
0 0.368164 0.294922 0.0253906 0.0664062
0 0.668945 0.819336 0.0253906 0.0585938
0 0.494141 0.568359 0.0234375 0.0625
0 0.364258 0.594727 0.0292969 0.0644531
0 0.424316 0.650391 0.0302734 0.0546875
0 0.532227 0.319824 0.0292969 0.0654297
0 0.376465 0.548828 0.0263672 0.0546875
0 0.649902 0.703125 0.0322266 0.0664062
0 0.560547 0.504395 0.046875 0.0439453
0 0.400879 0.854492 0.0263672 0.0625
0 0.151367 0.494141 0.0234375 0.0625
0 0.389648 0.524414 0.0332031 0.0566406
0 0.187012 0.270508 0.0361328 0.0605469
0 0.081543 0.378418 0.0302734 0.0673828
0 0.0258789 0.368652 0.0341797 0.0517578
0 0.268555 0.474121 0.0292969 0.0595703
0 0.137207 0.539062 0.0478516 0.0390625
0 0.78418 0.179199 0.0488281 0.0498047
0 0.331543 0.847656 0.0322266 0.0546875
0 0.49707 0.610352 0.046875 0.0371094
0 0.0737305 0.525391 0.0283203 0.0488281
0 0.647461 0.625977 0.0332031 0.0605469
0 0.714844 0.950195 0.0527344 0.0566406
0 0.40918 0.320312 0.0449219 0.0507812
