0 0.484375 0.580078 0.0175781 0.0449219
0 0.237305 0.56543 0.0214844 0.0332031
0 0.422852 0.559082 0.0136719 0.0458984
0 0.439941 0.578125 0.0263672 0.0195312
0 0.404297 0.629883 0.0273438 0.0253906
0 0.477539 0.54834 0.0332031 0.0322266
0 0.45459 0.616211 0.0361328 0.0214844
0 0.425293 0.496582 0.0166016 0.0498047
0 0.414062 0.487305 0.0234375 0.0410156
0 0.522949 0.491699 0.0361328 0.0244141
0 0.467773 0.583008 0.0195312 0.0410156
0 0.464844 0.516602 0.03125 0.0332031
0 0.404297 0.529785 0.0410156 0.0439453
0 0.431641 0.463867 0.03125 0.0410156
0 0.378906 0.561035 0.015625 0.0439453
0 0.438477 0.538086 0.0390625 0.0332031
0 0.50293 0.530273 0.0332031 0.0253906
0 0.52832 0.51123 0.0449219 0.0576172
0 0.548828 0.605957 0.0195312 0.0712891
0 0.52832 0.573242 0.0214844 0.0703125
0 0.366211 0.519043 0.03125 0.0400391
