0 0.0991211 0.551758 0.0166016 0.0332031
0 0.82666 0.316406 0.0185547 0.0507812
0 0.332031 0.817383 0.0253906 0.0371094
0 0.181641 0.38623 0.0273438 0.0146484
0 0.797852 0.481445 0.0292969 0.0371094
0 0.558594 0.231934 0.03125 0.0263672
0 0.768066 0.275879 0.0205078 0.0458984
0 0.805664 0.444824 0.0136719 0.0400391
0 0.669434 0.615234 0.0341797 0.0234375
0 0.55127 0.166016 0.0263672 0.0273438
0 0.61084 0.438965 0.0283203 0.0224609
0 0.303711 0.552734 0.0214844 0.0292969
0 0.296875 0.776367 0.0234375 0.0214844
0 0.410645 0.643066 0.0322266 0.0166016
0 0.500977 0.584961 0.0136719 0.0410156
0 0.544922 0.221191 0.0292969 0.0361328
0 0.663086 0.417969 0.0292969 0.0273438
0 0.53125 0.20752 0.0195312 0.0400391
0 0.816406 0.367188 0.0195312 0.0234375
0 0.50293 0.691406 0.0332031 0.0195312
0 0.118164 0.561523 0.015625 0.0371094
0 0.585449 0.628906 0.0146484 0.0351562
0 0.322266 0.425293 0.03125 0.0185547
0 0.75293 0.46582 0.0214844 0.0253906
0 0.30957 0.594727 0.0214844 0.0175781
0 0.129883 0.518555 0.015625 0.0292969
0 0.589844 0.432617 0.0195312 0.0292969
0 0.392578 0.291016 0.0390625 0.015625
0 0.543945 0.176758 0.0234375 0.0332031
0 0.265137 0.784668 0.0126953 0.0283203
0 0.600586 0.466797 0.0175781 0.0351562
0 0.828125 0.425293 0.015625 0.0380859
0 0.492188 0.407715 0.015625 0.0419922
0 0.197266 0.630371 0.0234375 0.0263672
0 0.37793 0.341309 0.0234375 0.0244141
0 0.144531 0.428711 0.0253906 0.0136719
0 0.547852 0.818359 0.0332031 0.0214844
0 0.288086 0.453613 0.03125 0.0224609
0 0.355469 0.44043 0.0234375 0.0253906
0 0.270996 0.370117 0.0263672 0.03125
0 0.197754 0.575195 0.0302734 0.0253906
0 0.297363 0.38623 0.0263672 0.0263672
0 0.208984 0.629395 0.0195312 0.0263672
0 0.361816 0.304688 0.0146484 0.0332031
0 0.830078 0.385254 0.0117188 0.0478516
0 0.855957 0.416016 0.0166016 0.0351562
0 0.750977 0.394531 0.0253906 0.0195312
0 0.590332 0.194336 0.0146484 0.0410156
0 0.280762 0.568848 0.0166016 0.0439453
0 0.308105 0.649414 0.0126953 0.0410156
0 0.385742 0.394043 0.0214844 0.0322266
0 0.392578 0.307617 0.0390625 0.0195312
0 0.652832 0.446289 0.0263672 0.0253906
0 0.722656 0.731445 0.0351562 0.0332031
0 0.712402 0.567383 0.0224609 0.0253906
0 0.862793 0.473633 0.0166016 0.0605469
0 0.523438 0.662109 0.0195312 0.03125
0 0.706543 0.658691 0.0283203 0.0126953
0 0.708008 0.543457 0.0214844 0.0341797
0 0.612305 0.408691 0.0214844 0.0341797
0 0.553711 0.381836 0.0292969 0.0253906
0 0.697266 0.553711 0.015625 0.0332031
0 0.274414 0.75293 0.0214844 0.0332031
0 0.575195 0.791016 0.0214844 0.0273438
0 0.432129 0.669922 0.0244141 0.0195312
0 0.52002 0.240723 0.0205078 0.0302734
0 0.316406 0.808594 0.015625 0.0273438
0 0.212402 0.592773 0.0107422 0.03125
0 0.513672 0.217285 0.015625 0.0478516
0 0.422852 0.310547 0.0175781 0.03125
0 0.14502 0.614258 0.0283203 0.0234375
0 0.597656 0.479492 0.03125 0.0175781
0 0.59375 0.669922 0.015625 0.0429688
0 0.751953 0.556641 0.0214844 0.0273438
0 0.753418 0.266602 0.0263672 0.0371094
0 0.169922 0.518555 0.0117188 0.0332031
0 0.610352 0.218262 0.0136719 0.0439453
0 0.44043 0.298828 0.0175781 0.0332031
0 0.326172 0.479492 0.0273438 0.0292969
0 0.498047 0.379883 0.0117188 0.0351562
0 0.518555 0.712891 0.00976562 0.0390625
0 0.464355 0.291016 0.0341797 0.0234375
0 0.56543 0.194336 0.00976562 0.0371094
0 0.583496 0.44043 0.0244141 0.0253906
0 0.54834 0.637207 0.0146484 0.0498047
0 0.585938 0.238281 0.0234375 0.03125
0 0.411133 0.708008 0.03125 0.0136719
0 0.344727 0.687988 0.0136719 0.0341797
0 0.326172 0.680664 0.0195312 0.0175781
0 0.454102 0.399414 0.03125 0.0195312
0 0.493164 0.32959 0.015625 0.0341797
0 0.631836 0.614258 0.0175781 0.0253906
0 0.504883 0.783691 0.0195312 0.0439453
0 0.442383 0.702148 0.0292969 0.0214844
0 0.284668 0.48584 0.0263672 0.0263672
0 0.521973 0.411621 0.0185547 0.0322266
0 0.220703 0.743164 0.0292969 0.0175781
0 0.556641 0.56543 0.0234375 0.0175781
0 0.61084 0.258789 0.0185547 0.0351562
0 0.787109 0.532227 0.0234375 0.0371094
0 0.76416 0.419922 0.0146484 0.046875
0 0.799805 0.494629 0.0214844 0.0400391
0 0.157715 0.385254 0.0205078 0.0263672
0 0.228516 0.660645 0.0195312 0.0302734
0 0.38623 0.446289 0.0126953 0.0292969
0 0.36377 0.43457 0.0244141 0.03125
0 0.364746 0.394043 0.0224609 0.0146484
0 0.714844 0.743164 0.0390625 0.0429688
0 0.519043 0.691895 0.0322266 0.0244141
0 0.312988 0.447266 0.0302734 0.015625
0 0.514648 0.276855 0.0136719 0.0400391
0 0.402344 0.320801 0.0214844 0.0205078
0 0.40625 0.385742 0.0234375 0.0175781
0 0.632812 0.588867 0.0292969 0.0175781
0 0.224609 0.694824 0.0253906 0.0166016
0 0.0961914 0.662109 0.0185547 0.0351562
0 0.240234 0.739258 0.03125 0.0234375
0 0.311523 0.530273 0.0214844 0.0214844
0 0.459961 0.588867 0.0136719 0.0410156
0 0.240723 0.577148 0.0224609 0.0253906
0 0.227539 0.365234 0.0273438 0.015625
0 0.810547 0.578125 0.0195312 0.03125
0 0.564941 0.728027 0.0244141 0.0283203
0 0.112793 0.496094 0.0126953 0.0371094
0 0.512695 0.563477 0.0195312 0.0449219
0 0.244629 0.350098 0.0205078 0.0439453
0 0.37207 0.681641 0.0234375 0.0351562
0 0.847656 0.519531 0.015625 0.0429688
0 0.717285 0.691895 0.0126953 0.0439453
0 0.656738 0.377441 0.0341797 0.0185547
0 0.400391 0.418945 0.0234375 0.0253906
0 0.707031 0.683105 0.0117188 0.0400391
0 0.206543 0.536133 0.0322266 0.0136719
0 0.577148 0.470703 0.0351562 0.03125
0 0.651367 0.641602 0.0175781 0.0332031
0 0.845703 0.345215 0.0195312 0.0517578
0 0.19043 0.47998 0.015625 0.0361328
0 0.763672 0.625 0.0253906 0.015625
0 0.628906 0.580078 0.0273438 0.0234375
0 0.435547 0.34668 0.0292969 0.0214844
0 0.269043 0.736328 0.0244141 0.03125
0 0.484863 0.424805 0.0146484 0.03125
0 0.547852 0.698242 0.0214844 0.0371094
0 0.518555 0.935547 0.0136719 0.046875
0 0.458496 0.30957 0.0244141 0.0292969
0 0.525391 0.776367 0.0195312 0.0253906
0 0.327148 0.832031 0.0332031 0.0195312
0 0.513672 0.444824 0.0273438 0.0263672
0 0.509277 0.83252 0.0439453 0.0263672
0 0.337891 0.318359 0.0371094 0.0195312
0 0.818359 0.425293 0.0117188 0.0498047
0 0.518555 0.612305 0.0214844 0.0488281
0 0.748047 0.428711 0.0234375 0.0410156
0 0.50293 0.738281 0.0175781 0.0273438
0 0.706055 0.503418 0.0292969 0.0205078
0 0.569336 0.168945 0.015625 0.0332031
0 0.757812 0.640625 0.0234375 0.03125
0 0.403809 0.338867 0.0263672 0.0273438
0 0.425781 0.716797 0.0292969 0.015625
0 0.696289 0.706055 0.0253906 0.0253906
0 0.517578 0.487305 0.0234375 0.0234375
0 0.536133 0.625 0.015625 0.046875
0 0.567383 0.764648 0.0175781 0.0449219
0 0.491699 0.279785 0.0244141 0.0146484
0 0.78418 0.577148 0.0410156 0.0195312
0 0.615234 0.461914 0.015625 0.0351562
0 0.410156 0.65332 0.03125 0.015625
0 0.383301 0.708008 0.0126953 0.0292969
0 0.434082 0.326172 0.0185547 0.0273438
0 0.321777 0.630371 0.0263672 0.0205078
0 0.487305 0.588867 0.0253906 0.0214844
0 0.57373 0.208984 0.0146484 0.0351562
0 0.730469 0.309082 0.03125 0.0205078
0 0.807617 0.395996 0.015625 0.0322266
0 0.354492 0.673828 0.0195312 0.0195312
0 0.260254 0.774414 0.0244141 0.0234375
0 0.211426 0.466797 0.0283203 0.015625
0 0.0805664 0.510742 0.0244141 0.0195312
0 0.527344 0.919434 0.015625 0.0478516
0 0.581055 0.192871 0.0136719 0.0400391
0 0.501465 0.47998 0.0205078 0.0322266
0 0.162109 0.630859 0.03125 0.0195312
0 0.251465 0.55127 0.0322266 0.0166016
0 0.802246 0.325684 0.0244141 0.0576172
0 0.25293 0.500977 0.0195312 0.0410156
0 0.210449 0.664062 0.0166016 0.03125
0 0.0952148 0.631836 0.0263672 0.0253906
0 0.26709 0.504395 0.0126953 0.0400391
0 0.527344 0.987305 0.0195312 0.0253906
0 0.599609 0.402344 0.0351562 0.0234375
0 0.0668945 0.625977 0.0224609 0.0332031
0 0.675781 0.609375 0.03125 0.015625
0 0.775391 0.414062 0.015625 0.046875
0 0.635742 0.634766 0.0136719 0.0390625
0 0.548828 0.518066 0.0253906 0.0419922
0 0.13623 0.411133 0.0263672 0.0292969
0 0.490234 0.266602 0.0234375 0.015625
0 0.556641 0.594727 0.0234375 0.0410156
0 0.521484 0.396973 0.0234375 0.0380859
0 0.728027 0.323242 0.0283203 0.0175781
0 0.472656 0.438965 0.0195312 0.0439453
0 0.501953 0.661133 0.0273438 0.0332031
0 0.669922 0.431152 0.0234375 0.0400391
0 0.847656 0.434082 0.0273438 0.0283203
0 0.766602 0.467773 0.0332031 0.0390625
0 0.224121 0.636719 0.0166016 0.03125
0 0.730469 0.770996 0.046875 0.0283203
0 0.521484 0.499023 0.0234375 0.0214844
0 0.299805 0.504883 0.0292969 0.0175781
0 0.470703 0.721191 0.015625 0.0380859
0 0.474121 0.256836 0.0107422 0.0332031
0 0.584961 0.292969 0.0273438 0.0351562
0 0.592285 0.63916 0.0146484 0.0380859
0 0.655273 0.431641 0.0253906 0.0351562
0 0.145508 0.585938 0.0117188 0.0351562
0 0.196777 0.751465 0.0263672 0.0166016
0 0.304199 0.813477 0.0263672 0.0214844
0 0.324219 0.586426 0.0175781 0.0361328
0 0.368164 0.710938 0.0175781 0.0332031
0 0.763672 0.543945 0.0273438 0.0371094
0 0.490234 0.894531 0.0273438 0.03125
0 0.658203 0.548828 0.03125 0.0195312
0 0.562988 0.278809 0.0302734 0.0205078
0 0.141113 0.541504 0.0283203 0.0244141
0 0.233398 0.683105 0.0253906 0.0185547
0 0.431152 0.372559 0.0361328 0.0146484
0 0.615234 0.197754 0.0234375 0.0419922
0 0.428711 0.272461 0.0214844 0.0351562
0 0.748047 0.29834 0.0351562 0.0244141
0 0.612793 0.631836 0.0302734 0.0292969
0 0.171387 0.691406 0.0205078 0.03125
0 0.749023 0.704102 0.03125 0.0332031
0 0.316406 0.402344 0.015625 0.03125
0 0.428711 0.459961 0.0136719 0.0410156
0 0.0625 0.60791 0.0273438 0.0205078
0 0.576172 0.44873 0.0332031 0.0146484
0 0.37793 0.755371 0.0292969 0.0322266
0 0.349121 0.332031 0.0244141 0.0175781
0 0.666016 0.237793 0.0273438 0.0185547
0 0.405273 0.271484 0.0253906 0.0449219
0 0.293945 0.840332 0.0332031 0.0166016
0 0.625977 0.736816 0.0136719 0.0498047
0 0.637695 0.45166 0.0292969 0.0302734
0 0.247559 0.664062 0.0244141 0.015625
0 0.375488 0.284668 0.0322266 0.0224609
0 0.219238 0.503906 0.0244141 0.0253906
0 0.301758 0.344727 0.0175781 0.0332031
0 0.731445 0.666016 0.0292969 0.0253906
0 0.553223 0.400391 0.0244141 0.0371094
0 0.153809 0.518555 0.0244141 0.0214844
0 0.549805 0.78418 0.0175781 0.0449219
0 0.24707 0.608398 0.0351562 0.0175781
0 0.701172 0.577148 0.0351562 0.0175781
0 0.500488 0.503418 0.0185547 0.0322266
0 0.224609 0.521973 0.0253906 0.0185547
0 0.390137 0.464355 0.0283203 0.0263672
0 0.371582 0.61377 0.0224609 0.0302734
0 0.274414 0.351562 0.0214844 0.03125
0 0.771484 0.593262 0.046875 0.0263672
0 0.236816 0.713867 0.0185547 0.0332031
0 0.663086 0.62207 0.0292969 0.0214844
0 0.334961 0.292969 0.0253906 0.0371094
0 0.446289 0.623047 0.0214844 0.0292969
0 0.310547 0.708984 0.0273438 0.0117188
0 0.289062 0.794922 0.03125 0.0195312
0 0.295898 0.762695 0.03125 0.0175781
0 0.382812 0.432129 0.0195312 0.0302734
0 0.71875 0.457031 0.0351562 0.0371094
0 0.26123 0.582031 0.0205078 0.0351562
0 0.270508 0.688477 0.0253906 0.0292969
0 0.596191 0.367188 0.0146484 0.0410156
0 0.288574 0.664062 0.0244141 0.03125
0 0.520508 0.579102 0.0214844 0.0292969
0 0.586914 0.328613 0.0371094 0.0283203
0 0.615234 0.724121 0.015625 0.0537109
0 0.405273 0.616699 0.0214844 0.0361328
0 0.805664 0.551758 0.0253906 0.0351562
0 0.831055 0.544922 0.0214844 0.0410156
0 0.59082 0.764648 0.0175781 0.0371094
0 0.123535 0.602539 0.0302734 0.0214844
0 0.254883 0.72168 0.0175781 0.0371094
0 0.198242 0.6875 0.0292969 0.0234375
0 0.780273 0.385742 0.03125 0.0253906
0 0.535645 0.759277 0.0302734 0.0205078
0 0.749023 0.612793 0.0214844 0.0400391
0 0.524902 0.806152 0.0341797 0.0185547
0 0.666016 0.531738 0.0292969 0.0185547
0 0.57373 0.359863 0.0322266 0.0283203
0 0.3125 0.331543 0.03125 0.0302734
0 0.446289 0.582031 0.0136719 0.0410156
0 0.777344 0.505859 0.0195312 0.0390625
0 0.265137 0.706055 0.0263672 0.0292969
0 0.323242 0.356934 0.0332031 0.0185547
0 0.740234 0.536133 0.0292969 0.0292969
0 0.435547 0.414062 0.0273438 0.0234375
0 0.761719 0.673828 0.015625 0.0429688
0 0.629883 0.660645 0.0253906 0.0322266
0 0.342773 0.897949 0.0234375 0.0439453
0 0.642578 0.206055 0.0273438 0.0292969
0 0.661133 0.218262 0.03125 0.0458984
0 0.45166 0.725586 0.0244141 0.0273438
0 0.67334 0.65332 0.0185547 0.0332031
0 0.73584 0.354492 0.0185547 0.0488281
0 0.674805 0.674805 0.0175781 0.0332031
0 0.588867 0.802246 0.0214844 0.0419922
0 0.380859 0.72998 0.0292969 0.0224609
0 0.694824 0.685547 0.0205078 0.0351562
0 0.526367 0.464844 0.0351562 0.0234375
0 0.387695 0.77002 0.0292969 0.0146484
0 0.70166 0.373535 0.0341797 0.0185547
0 0.456543 0.848633 0.0302734 0.0214844
0 0.41748 0.492188 0.0302734 0.0234375
0 0.827148 0.587891 0.015625 0.046875
0 0.333008 0.741211 0.0253906 0.0214844
0 0.65332 0.47168 0.0292969 0.0214844
0 0.494629 0.449707 0.0302734 0.0224609
0 0.723633 0.510742 0.0253906 0.0332031
0 0.194824 0.661133 0.0205078 0.0253906
0 0.650391 0.678223 0.03125 0.0283203
0 0.205566 0.724609 0.0185547 0.0332031
0 0.736328 0.587891 0.0234375 0.0390625
0 0.347656 0.71582 0.0273438 0.0351562
0 0.754883 0.326172 0.0273438 0.0371094
0 0.585938 0.735352 0.0253906 0.0488281
0 0.426758 0.817383 0.0292969 0.0527344
0 0.277832 0.809082 0.0322266 0.0185547
0 0.312012 0.733398 0.0322266 0.0292969
0 0.633789 0.180664 0.0292969 0.0253906
0 0.150391 0.664551 0.0332031 0.0263672
0 0.452148 0.762695 0.0175781 0.0449219
