0 0.146484 0.579102 0.0273438 0.03125
0 0.470703 0.354492 0.015625 0.0253906
0 0.443848 0.374512 0.0185547 0.0244141
0 0.541992 0.628418 0.0292969 0.0224609
0 0.34668 0.419434 0.0175781 0.0283203
0 0.295898 0.616211 0.015625 0.0253906
0 0.302246 0.488281 0.0400391 0.0195312
0 0.434082 0.31543 0.0302734 0.0175781
0 0.362793 0.42627 0.0185547 0.0185547
0 0.646973 0.588379 0.0263672 0.0263672
0 0.575195 0.462402 0.0253906 0.0126953
0 0.455566 0.511719 0.0400391 0.015625
0 0.466309 0.434082 0.0380859 0.0146484
0 0.499023 0.327637 0.0292969 0.0146484
0 0.464355 0.311523 0.0146484 0.0214844
0 0.524414 0.545898 0.0292969 0.0136719
0 0.563965 0.572754 0.0380859 0.0146484
0 0.462891 0.383789 0.0351562 0.0175781
0 0.572266 0.587891 0.0273438 0.0117188
0 0.625977 0.605957 0.0175781 0.0244141
0 0.603516 0.566406 0.0234375 0.0195312
0 0.533691 0.527344 0.0244141 0.015625
0 0.416992 0.482422 0.0292969 0.015625
0 0.360352 0.441895 0.0292969 0.0146484
0 0.571777 0.435059 0.0185547 0.0244141
0 0.377441 0.378418 0.0341797 0.0185547
0 0.512207 0.69873 0.0166016 0.0283203
0 0.473145 0.333984 0.0205078 0.0234375
0 0.463379 0.439941 0.0322266 0.0205078
0 0.494629 0.548828 0.0263672 0.0195312
0 0.54541 0.413574 0.0283203 0.0146484
0 0.62207 0.583008 0.0253906 0.0175781
0 0.44043 0.34375 0.0214844 0.0234375
0 0.481445 0.443359 0.0332031 0.0117188
0 0.599609 0.535156 0.0273438 0.0195312
0 0.650879 0.614258 0.0185547 0.0214844
0 0.63916 0.625 0.0166016 0.0234375
0 0.431152 0.568359 0.0341797 0.0214844
0 0.646973 0.488281 0.0380859 0.03125
0 0.572754 0.411133 0.0302734 0.0214844
0 0.396484 0.529297 0.0351562 0.0195312
0 0.621094 0.493652 0.0214844 0.0322266
0 0.521484 0.69043 0.015625 0.0253906
0 0.335449 0.444336 0.0224609 0.0253906
0 0.303711 0.480957 0.0410156 0.0126953
0 0.582031 0.449219 0.0117188 0.03125
0 0.412109 0.439941 0.0332031 0.0185547
0 0.490234 0.459961 0.0332031 0.0253906
0 0.410156 0.411621 0.0195312 0.0341797
0 0.586914 0.546875 0.0214844 0.0175781
0 0.489746 0.381836 0.0322266 0.0214844
0 0.615234 0.472656 0.0351562 0.0195312
0 0.62793 0.540527 0.0214844 0.0283203
0 0.479492 0.720215 0.0332031 0.0146484
0 0.385254 0.441406 0.0244141 0.0195312
0 0.618652 0.453613 0.0341797 0.0146484
0 0.592773 0.445801 0.0175781 0.0302734
0 0.55957 0.631836 0.0292969 0.0175781
0 0.39209 0.486328 0.0341797 0.0195312
0 0.428223 0.422852 0.0283203 0.0214844
0 0.55127 0.648438 0.0400391 0.0195312
0 0.526367 0.571289 0.0214844 0.0214844
0 0.422363 0.552734 0.0263672 0.0195312
0 0.438965 0.731934 0.0341797 0.0146484
0 0.589355 0.513672 0.0244141 0.0253906
0 0.458008 0.750977 0.0410156 0.0136719
0 0.434082 0.646484 0.0302734 0.0234375
0 0.613281 0.494141 0.0195312 0.03125
0 0.595215 0.582031 0.0263672 0.015625
0 0.478516 0.529297 0.0234375 0.0273438
0 0.613281 0.611328 0.015625 0.03125
0 0.57666 0.393066 0.0380859 0.0107422
0 0.650391 0.453613 0.0390625 0.0185547
0 0.615234 0.537109 0.0234375 0.0234375
0 0.476562 0.30957 0.0117188 0.0332031
0 0.514648 0.384277 0.0332031 0.0224609
0 0.600586 0.501465 0.0253906 0.0302734
0 0.460449 0.302246 0.0205078 0.0302734
0 0.505859 0.524902 0.0351562 0.0185547
0 0.642578 0.520996 0.015625 0.0205078
0 0.504883 0.466309 0.0332031 0.0166016
0 0.412598 0.355957 0.0283203 0.0244141
0 0.47168 0.404785 0.0332031 0.0224609
0 0.582031 0.473145 0.03125 0.0185547
0 0.533203 0.717773 0.0390625 0.015625
0 0.601562 0.427246 0.0214844 0.0224609
0 0.557617 0.427734 0.0214844 0.03125
0 0.421387 0.337891 0.0244141 0.0214844
0 0.507324 0.364746 0.0380859 0.0166016
0 0.522949 0.438965 0.0283203 0.0283203
0 0.504883 0.433105 0.0136719 0.0263672
0 0.54248 0.455078 0.0341797 0.0195312
0 0.536621 0.388672 0.0263672 0.0253906
0 0.657715 0.529297 0.0302734 0.0253906
