0 0.608887 0.461914 0.0341797 0.0683594
0 0.440918 0.156738 0.0439453 0.0439453
0 0.571289 0.452637 0.0683594 0.0537109
0 0.629883 0.475586 0.0449219 0.0566406
0 0.520508 0.43457 0.0683594 0.0371094
0 0.318848 0.459961 0.0908203 0.0683594
0 0.408691 0.280273 0.0771484 0.0722656
0 0.106445 0.23877 0.0761719 0.0615234
0 0.500977 0.5 0.0566406 0.0839844
0 0.357422 0.374512 0.0703125 0.0498047
0 0.700684 0.0898438 0.0908203 0.0625
0 0.401855 0.816406 0.0380859 0.09375
0 0.100586 0.397949 0.0839844 0.0556641
0 0.629883 0.402832 0.046875 0.0810547
0 0.584961 0.514648 0.0449219 0.0722656
0 0.46875 0.568848 0.0371094 0.0869141
0 0.53125 0.55957 0.0390625 0.0761719
0 0.44873 0.758301 0.0712891 0.0478516
0 0.566895 0.833984 0.0498047 0.0683594
0 0.514648 0.385254 0.0644531 0.0458984
0 0.652344 0.798828 0.0429688 0.0859375
0 0.370117 0.721191 0.0507812 0.0830078
0 0.420898 0.331055 0.0644531 0.078125
0 0.450195 0.874023 0.0546875 0.0917969
0 0.476562 0.244141 0.0390625 0.09375
0 0.707031 0.410645 0.046875 0.0732422
0 0.588867 0.579102 0.0683594 0.0664062
0 0.529297 0.735352 0.0566406 0.0664062
0 0.520996 0.345703 0.0732422 0.0527344
0 0.431641 0.505859 0.0703125 0.0546875
0 0.602539 0.631836 0.0527344 0.0527344
