0 0.694336 0.923828 0.0136719 0.03125
0 0.434082 0.633789 0.0400391 0.0273438
0 0.462402 0.393555 0.0166016 0.0175781
0 0.312012 0.38623 0.0224609 0.0576172
0 0.347656 0.387207 0.015625 0.0576172
0 0.381836 0.392578 0.0371094 0.0253906
0 0.508789 0.725586 0.0175781 0.0742188
0 0.382812 0.578125 0.0175781 0.0585938
0 0.422363 0.393066 0.0458984 0.0205078
0 0.408691 0.410645 0.0380859 0.0224609
0 0.437988 0.57666 0.0185547 0.0556641
0 0.566406 0.739746 0.015625 0.0439453
0 0.431152 0.624023 0.0400391 0.0214844
0 0.316406 0.587891 0.015625 0.0527344
0 0.347168 0.426758 0.0263672 0.0253906
0 0.449219 0.654297 0.0390625 0.0273438
0 0.459473 0.606934 0.0322266 0.0400391
0 0.358398 0.388672 0.0136719 0.0585938
0 0.303711 0.39502 0.0253906 0.0517578
0 0.335938 0.415039 0.0195312 0.0488281
0 0.273926 0.325195 0.0263672 0.0644531
0 0.421387 0.561523 0.0380859 0.0332031
0 0.296875 0.52002 0.0390625 0.0654297
0 0.381348 0.613281 0.0302734 0.0390625
0 0.418945 0.676758 0.0410156 0.0253906
0 0.433594 0.642578 0.0351562 0.0234375
0 0.357422 0.336426 0.015625 0.0615234
0 0.431641 0.331543 0.0351562 0.0322266
0 0.484863 0.692871 0.0185547 0.0576172
0 0.402832 0.621094 0.0166016 0.0546875
0 0.328613 0.555176 0.0341797 0.0302734
0 0.333008 0.378906 0.0195312 0.0546875
0 0.23584 0.52832 0.0478516 0.0371094
0 0.379883 0.373535 0.03125 0.0283203
0 0.597656 0.65918 0.0234375 0.0605469
0 0.390137 0.339355 0.0341797 0.0478516
0 0.274414 0.500977 0.0410156 0.0371094
0 0.359863 0.467285 0.0244141 0.0537109
0 0.347168 0.604492 0.0166016 0.0566406
0 0.411133 0.588379 0.0371094 0.0205078
0 0.381836 0.425781 0.0332031 0.03125
0 0.414062 0.541016 0.03125 0.0488281
0 0.227051 0.556152 0.0458984 0.0244141
0 0.427734 0.605469 0.0332031 0.0195312
0 0.403809 0.347168 0.0341797 0.0517578
0 0.525391 0.670898 0.0390625 0.0332031
0 0.405762 0.456055 0.0419922 0.0292969
0 0.649414 0.709961 0.0410156 0.0371094
0 0.496582 0.694336 0.0185547 0.0566406
0 0.362793 0.611328 0.0263672 0.0429688
0 0.349609 0.640625 0.03125 0.03125
0 0.382812 0.322266 0.03125 0.0488281
0 0.462891 0.330566 0.0195312 0.0595703
0 0.392578 0.533203 0.0390625 0.0273438
0 0.456055 0.569336 0.0234375 0.0488281
0 0.561523 0.710938 0.0292969 0.0546875
0 0.369629 0.437988 0.0439453 0.0224609
0 0.437012 0.372559 0.0341797 0.0263672
0 0.335449 0.476562 0.0322266 0.0429688
0 0.327637 0.589844 0.0205078 0.0507812
0 0.427734 0.697754 0.0351562 0.0263672
0 0.48584 0.411621 0.0185547 0.0615234
0 0.479492 0.59082 0.0253906 0.0566406
0 0.355469 0.572266 0.0292969 0.0429688
0 0.620117 0.687012 0.0410156 0.0478516
0 0.364258 0.661133 0.0390625 0.0214844
0 0.19873 0.487305 0.0400391 0.0214844
0 0.403809 0.501465 0.0322266 0.0478516
0 0.305176 0.55957 0.0322266 0.0566406
0 0.474609 0.658203 0.0429688 0.0175781
0 0.500488 0.605957 0.0224609 0.0498047
0 0.329102 0.345703 0.03125 0.0429688
0 0.442383 0.518555 0.0175781 0.0566406
0 0.479492 0.305664 0.0214844 0.0605469
0 0.748047 0.517578 0.0351562 0.0585938
0 0.290527 0.339844 0.0283203 0.0800781
0 0.366211 0.535156 0.0234375 0.046875
0 0.539062 0.719727 0.0273438 0.0488281
0 0.524902 0.623047 0.0302734 0.0546875
0 0.608887 0.710449 0.0380859 0.0478516
0 0.435547 0.494141 0.0292969 0.0390625
0 0.371094 0.501953 0.0410156 0.0234375
0 0.435059 0.349609 0.0361328 0.0351562
0 0.390137 0.643555 0.0302734 0.0449219
0 0.464844 0.372559 0.0390625 0.0322266
0 0.479004 0.629883 0.0341797 0.046875
0 0.396484 0.563965 0.0234375 0.0458984
0 0.343262 0.498047 0.0341797 0.0273438
0 0.387207 0.475586 0.0380859 0.0332031
0 0.542969 0.572266 0.0390625 0.0234375
0 0.43457 0.42627 0.0195312 0.0498047
0 0.314453 0.435547 0.0390625 0.0390625
0 0.349121 0.533691 0.0302734 0.0478516
0 0.551758 0.59375 0.0351562 0.0273438
0 0.27002 0.472656 0.0361328 0.0390625
0 0.244141 0.445801 0.0253906 0.0556641
0 0.33252 0.621582 0.0185547 0.0537109
0 0.589844 0.733887 0.0351562 0.0498047
0 0.457031 0.703613 0.03125 0.0517578
0 0.521973 0.0922852 0.0400391 0.0498047
