0 0.350098 0.463379 0.0205078 0.0341797
0 0.540527 0.483887 0.0400391 0.0361328
0 0.37207 0.301758 0.0253906 0.0234375
0 0.40332 0.32666 0.0332031 0.0263672
0 0.429199 0.595703 0.0146484 0.0546875
0 0.390137 0.360352 0.0224609 0.0371094
0 0.474609 0.566406 0.015625 0.0546875
0 0.349121 0.305176 0.0244141 0.0302734
0 0.371094 0.291504 0.0292969 0.0361328
0 0.413086 0.45752 0.0292969 0.0458984
0 0.335449 0.434082 0.0283203 0.0341797
0 0.448242 0.741211 0.0214844 0.0566406
0 0.441406 0.597168 0.0175781 0.0517578
0 0.440918 0.29541 0.0205078 0.0615234
0 0.484863 0.507812 0.0244141 0.0585938
0 0.438965 0.4375 0.0205078 0.0410156
0 0.412109 0.302734 0.0273438 0.0234375
0 0.378418 0.505859 0.0283203 0.0429688
0 0.370117 0.319336 0.0253906 0.0234375
0 0.424805 0.539062 0.0332031 0.046875
0 0.337891 0.300781 0.0195312 0.046875
0 0.316406 0.333984 0.015625 0.0546875
0 0.567383 0.555664 0.0410156 0.0371094
0 0.398438 0.291992 0.0273438 0.0292969
0 0.439941 0.695312 0.0341797 0.0410156
0 0.505859 0.429688 0.0175781 0.0449219
