0 0.406738 0.618164 0.0419922 0.0195312
0 0.349121 0.553711 0.0517578 0.0195312
0 0.853516 0.398438 0.0234375 0.0253906
0 0.69043 0.618164 0.046875 0.0332031
0 0.549805 0.643555 0.0332031 0.0214844
0 0.521484 0.422852 0.0507812 0.0175781
0 0.64502 0.355469 0.0576172 0.0175781
0 0.268066 0.38916 0.0361328 0.0244141
0 0.869141 0.441406 0.0585938 0.0195312
0 0.62793 0.519043 0.0332031 0.0322266
0 0.435059 0.599609 0.0458984 0.0214844
0 0.422852 0.0615234 0.0390625 0.0214844
0 0.249512 0.45166 0.0439453 0.0283203
0 0.759277 0.328613 0.0322266 0.0400391
0 0.415039 0.743164 0.0527344 0.0214844
0 0.621094 0.365723 0.0546875 0.0185547
0 0.347656 0.65332 0.03125 0.0371094
0 0.78125 0.311035 0.0351562 0.0322266
0 0.51416 0.436035 0.0458984 0.0244141
0 0.710449 0.623047 0.0400391 0.0273438
0 0.353516 0.5625 0.0566406 0.0214844
0 0.230469 0.424805 0.0449219 0.0253906
0 0.68457 0.609375 0.0449219 0.0253906
0 0.29541 0.344238 0.0498047 0.0205078
0 0.202637 0.571777 0.0576172 0.0244141
0 0.664062 0.463867 0.03125 0.03125
0 0.766602 0.40625 0.0410156 0.0351562
0 0.870117 0.433105 0.0527344 0.0185547
0 0.374023 0.640625 0.0449219 0.0195312
0 0.28125 0.430664 0.046875 0.0214844
0 0.319336 0.253906 0.0253906 0.0351562
0 0.48584 0.354004 0.0341797 0.0244141
0 0.481445 0.243652 0.0410156 0.0263672
0 0.467773 0.331543 0.0488281 0.0185547
0 0.533203 0.533203 0.0390625 0.0273438
0 0.427734 0.84082 0.0351562 0.0390625
0 0.703125 0.384766 0.0507812 0.0234375
0 0.628906 0.344727 0.0488281 0.0214844
0 0.345215 0.628906 0.0341797 0.0351562
0 0.77832 0.482422 0.0566406 0.0234375
0 0.58252 0.439453 0.0302734 0.0351562
0 0.768066 0.335938 0.0400391 0.0351562
0 0.461914 0.399414 0.0292969 0.0371094
0 0.40918 0.605469 0.0527344 0.0234375
0 0.451172 0.217773 0.0351562 0.0332031
0 0.303711 0.526367 0.0332031 0.0332031
0 0.6875 0.629395 0.0488281 0.0302734
0 0.182617 0.694824 0.0332031 0.0419922
0 0.307617 0.28125 0.0253906 0.0390625
0 0.507812 0.334473 0.046875 0.0224609
0 0.276855 0.309082 0.0283203 0.0361328
0 0.273926 0.706055 0.0400391 0.0371094
0 0.337891 0.8125 0.046875 0.0292969
0 0.853516 0.367676 0.0644531 0.0205078
0 0.661133 0.407715 0.0527344 0.0244141
0 0.612793 0.508789 0.0341797 0.0410156
0 0.771973 0.271484 0.0556641 0.0195312
0 0.338379 0.412598 0.0244141 0.0380859
0 0.149902 0.517578 0.0341797 0.0351562
0 0.368164 0.259277 0.0332031 0.0400391
0 0.535156 0.211914 0.0546875 0.0214844
0 0.610352 0.632324 0.0351562 0.0322266
0 0.35791 0.38916 0.0322266 0.0341797
0 0.405762 0.249023 0.0556641 0.0195312
0 0.714355 0.555664 0.0341797 0.0371094
0 0.310547 0.617188 0.0214844 0.0390625
0 0.634766 0.537109 0.03125 0.0429688
0 0.330566 0.578613 0.0498047 0.0244141
0 0.646484 0.464844 0.0390625 0.0292969
0 0.575195 0.200684 0.0527344 0.0244141
0 0.180176 0.398926 0.0537109 0.0224609
0 0.608398 0.445801 0.0507812 0.0244141
0 0.311035 0.238281 0.0322266 0.0351562
0 0.51416 0.53418 0.0263672 0.0371094
0 0.397461 0.724609 0.0566406 0.0195312
0 0.606445 0.246582 0.0527344 0.0244141
0 0.710938 0.229492 0.0371094 0.0410156
0 0.172852 0.525391 0.0546875 0.0273438
0 0.53125 0.652344 0.0546875 0.03125
0 0.683105 0.44873 0.0380859 0.0322266
0 0.295898 0.324219 0.03125 0.03125
0 0.466797 0.437012 0.0410156 0.0283203
0 0.602539 0.276367 0.0371094 0.03125
0 0.419434 0.23291 0.0478516 0.0185547
0 0.231934 0.207031 0.0380859 0.0410156
0 0.768555 0.512695 0.0371094 0.0390625
0 0.438477 0.568848 0.0527344 0.0244141
0 0.303711 0.484375 0.0527344 0.0234375
0 0.699707 0.16748 0.0654297 0.0341797
0 0.688477 0.298828 0.0449219 0.03125
0 0.51416 0.706055 0.0537109 0.0214844
0 0.107422 0.545898 0.046875 0.0292969
0 0.272461 0.612305 0.0292969 0.0410156
0 0.460449 0.360352 0.0419922 0.0214844
0 0.31543 0.816406 0.0332031 0.0351562
0 0.131836 0.348145 0.0371094 0.0341797
0 0.332031 0.165527 0.0351562 0.0419922
0 0.530273 0.237305 0.0566406 0.0234375
0 0.424805 0.212402 0.0410156 0.0302734
0 0.786133 0.230957 0.0449219 0.0380859
0 0.155762 0.415527 0.0361328 0.0341797
0 0.560547 0.673828 0.0507812 0.0273438
0 0.508301 0.35498 0.0419922 0.0263672
0 0.796387 0.431641 0.0537109 0.0234375
0 0.831055 0.493164 0.0566406 0.0214844
0 0.341797 0.290039 0.03125 0.0332031
0 0.290527 0.393066 0.0302734 0.0302734
0 0.163086 0.463867 0.03125 0.0292969
0 0.639648 0.589844 0.0449219 0.0390625
0 0.12207 0.436523 0.0527344 0.0214844
0 0.570312 0.5 0.0351562 0.0351562
0 0.140625 0.493164 0.0449219 0.0253906
0 0.243652 0.615234 0.0341797 0.0292969
0 0.674316 0.246094 0.0322266 0.0351562
0 0.206543 0.504883 0.0498047 0.0214844
0 0.5 0.725586 0.0390625 0.03125
0 0.442383 0.648438 0.0566406 0.03125
0 0.800781 0.324219 0.03125 0.0351562
0 0.454102 0.587891 0.0371094 0.03125
0 0.243164 0.293457 0.0488281 0.0283203
0 0.689453 0.339355 0.0429688 0.0322266
0 0.214844 0.372559 0.0332031 0.0380859
0 0.29541 0.614258 0.0244141 0.0410156
0 0.38916 0.410156 0.0439453 0.0234375
0 0.264648 0.487305 0.0410156 0.0292969
0 0.435547 0.544922 0.046875 0.0273438
0 0.833496 0.28418 0.0537109 0.0332031
0 0.451172 0.458008 0.046875 0.0253906
0 0.387695 0.432617 0.0371094 0.0292969
0 0.310547 0.506836 0.0351562 0.0292969
0 0.275391 0.409668 0.0390625 0.0283203
0 0.575684 0.542969 0.0478516 0.0234375
0 0.446289 0.724609 0.0527344 0.0253906
0 0.300293 0.55957 0.0478516 0.0253906
0 0.673828 0.665527 0.0527344 0.0322266
0 0.844238 0.347656 0.0517578 0.03125
0 0.670898 0.53418 0.0410156 0.0371094
0 0.365234 0.311523 0.0449219 0.0253906
0 0.408203 0.456055 0.0546875 0.0292969
0 0.435547 0.487305 0.0429688 0.0253906
0 0.810547 0.465332 0.046875 0.0283203
0 0.660645 0.208008 0.0595703 0.0292969
0 0.220703 0.40918 0.0410156 0.0273438
0 0.522461 0.680664 0.0410156 0.0332031
0 0.165039 0.338379 0.0546875 0.0263672
0 0.108398 0.364746 0.0488281 0.0283203
