0 0.376953 0.535645 0.0273438 0.100586
0 0.537598 0.441895 0.0400391 0.0908203
0 0.272949 0.605469 0.0458984 0.0839844
0 0.0957031 0.985352 0.0585938 0.0292969
0 0.257324 0.620117 0.0400391 0.0644531
0 0.266602 0.986816 0.0527344 0.0263672
0 0.557129 0.123535 0.0869141 0.0654297
0 0.676758 0.0170898 0.0488281 0.0341797
0 0.394043 0.516602 0.0439453 0.117188
0 0.367188 0.447754 0.0273438 0.0947266
0 0.490723 0.663086 0.0322266 0.0761719
0 0.405762 0.577148 0.0419922 0.111328
0 0.346191 0.513672 0.0400391 0.0820312
0 0.278809 0.547852 0.0537109 0.0566406
0 0.375 0.384766 0.0722656 0.0410156
0 0.13623 0.812988 0.0341797 0.0849609
0 0.34668 0.567383 0.0449219 0.0742188
0 0.241211 0.587891 0.0292969 0.078125
0 0.460938 0.439941 0.0722656 0.0810547
0 0.290039 0.605469 0.0449219 0.0957031
0 0.450195 0.584961 0.0839844 0.0878906
0 0.451172 0.663574 0.0429688 0.0947266
0 0.640625 0.287598 0.0507812 0.114258
0 0.65918 0.483887 0.0527344 0.104492
0 0.562988 0.290527 0.0400391 0.118164
0 0.206543 0.65332 0.0751953 0.0488281
0 0.597168 0.387207 0.0634766 0.0986328
0 0.0605469 0.383789 0.0566406 0.0644531
0 0.240723 0.545898 0.0673828 0.0800781
0 0.444336 0.326172 0.0800781 0.0585938
0 0.730469 0.418457 0.0683594 0.0888672
0 0.458008 0.365234 0.0644531 0.078125
