0 0.208008 0.304199 0.0527344 0.0166016
0 0.20166 0.324219 0.0537109 0.0332031
0 0.376465 0.557129 0.0341797 0.0361328
0 0.714844 0.26709 0.0429688 0.0263672
0 0.277344 0.786133 0.0664062 0.0292969
0 0.230957 0.188965 0.0732422 0.0498047
0 0.20752 0.289551 0.0634766 0.0244141
0 0.235352 0.323242 0.0214844 0.0410156
0 0.361816 0.802734 0.0654297 0.03125
0 0.332031 0.785645 0.0625 0.0224609
0 0.365234 0.521973 0.0351562 0.0439453
0 0.173828 0.490234 0.0527344 0.0292969
0 0.395508 0.513184 0.0410156 0.0380859
0 0.25293 0.798828 0.0625 0.0390625
0 0.549805 0.713379 0.0371094 0.0498047
0 0.51123 0.698242 0.0341797 0.046875
0 0.509766 0.927246 0.0410156 0.0400391
0 0.819336 0.581055 0.078125 0.0253906
0 0.445312 0.273926 0.0507812 0.0341797
0 0.332031 0.29248 0.0410156 0.0419922
0 0.4375 0.427734 0.046875 0.0625
0 0.424805 0.541504 0.0664062 0.0380859
0 0.402832 0.560059 0.0498047 0.0400391
0 0.318848 0.30957 0.0517578 0.0292969
0 0.344238 0.770508 0.0673828 0.0214844
0 0.447754 0.294434 0.0615234 0.0224609
0 0.49707 0.725098 0.0449219 0.0341797
0 0.528809 0.709961 0.0302734 0.0527344
0 0.695312 0.761719 0.0566406 0.03125
0 0.341797 0.951172 0.0800781 0.0390625
0 0.579102 0.738281 0.0703125 0.0253906
0 0.673828 0.675781 0.0625 0.0273438
0 0.308594 0.80957 0.0585938 0.0292969
0 0.635742 0.675781 0.0488281 0.0546875
0 0.870117 0.438477 0.0605469 0.0722656
0 0.368164 0.493652 0.0644531 0.0322266
0 0.204102 0.797852 0.0566406 0.0605469
0 0.608398 0.754883 0.0566406 0.0332031
0 0.404297 0.617188 0.0585938 0.0234375
0 0.472168 0.746094 0.0478516 0.0195312
0 0.973633 0.626953 0.0527344 0.0625
0 0.69043 0.746094 0.0566406 0.0351562
0 0.230957 0.504883 0.0537109 0.0429688
0 0.543945 0.605957 0.0527344 0.0537109
0 0.806152 0.600098 0.0771484 0.0244141
0 0.458496 0.732422 0.0634766 0.0410156
0 0.335449 0.536621 0.0478516 0.0400391
0 0.573242 0.705566 0.0683594 0.0322266
0 0.472656 0.77832 0.0625 0.0253906
0 0.157227 0.786133 0.0527344 0.0527344
0 0.404297 0.585938 0.0546875 0.0390625
0 0.49707 0.800781 0.0566406 0.0507812
0 0.581055 0.674805 0.0722656 0.0410156
0 0.455078 0.802246 0.0585938 0.0283203
0 0.380371 0.719727 0.0673828 0.0332031
0 0.658203 0.616211 0.0625 0.0292969
0 0.685059 0.59668 0.0810547 0.0253906
0 0.678223 0.650391 0.0712891 0.0351562
0 0.619141 0.615234 0.0390625 0.0546875
0 0.589355 0.357422 0.0634766 0.0585938
0 0.322266 0.748047 0.0664062 0.0429688
0 0.502441 0.52002 0.0595703 0.0498047
0 0.425781 0.79541 0.0527344 0.0302734
0 0.674805 0.366699 0.0722656 0.0302734
0 0.520996 0.81543 0.0400391 0.0605469
0 0.68457 0.527344 0.0644531 0.0507812
0 0.391602 0.775391 0.0644531 0.0390625
0 0.595703 0.651367 0.0703125 0.0292969
0 0.522949 0.761719 0.0595703 0.0429688
0 0.714844 0.62207 0.0820312 0.0332031
