0 0.572266 0.701172 0.0546875 0.111328
0 0.701172 0.388184 0.0585938 0.0732422
0 0.628906 0.613281 0.0507812 0.0898438
0 0.634277 0.562012 0.0498047 0.0888672
0 0.618164 0.703125 0.0332031 0.117188
0 0.262207 0.65918 0.0478516 0.111328
0 0.45166 0.165039 0.0439453 0.0722656
0 0.671875 0.615234 0.03125 0.113281
0 0.369629 0.439453 0.0556641 0.113281
0 0.733398 0.480469 0.103516 0.0507812
0 0.685547 0.499512 0.0625 0.102539
0 0.666992 0.373535 0.0449219 0.124023
0 0.470703 0.490234 0.0273438 0.0742188
0 0.330078 0.447266 0.0546875 0.107422
0 0.534668 0.388184 0.0791016 0.0478516
0 0.616211 0.415527 0.0449219 0.108398
0 0.72168 0.437012 0.0996094 0.0556641
0 0.553711 0.444336 0.0664062 0.0976562
0 0.598145 0.354492 0.0576172 0.0917969
0 0.532227 0.59668 0.0644531 0.115234
0 0.563477 0.50293 0.0761719 0.0488281
0 0.45459 0.538086 0.0810547 0.0664062
0 0.608398 0.543457 0.0605469 0.12793
0 0.427246 0.460449 0.0654297 0.110352
0 0.461914 0.454102 0.0488281 0.105469
