0 0.247559 0.344238 0.0185547 0.0263672
0 0.279297 0.358887 0.0234375 0.0166016
0 0.459961 0.251465 0.0292969 0.0263672
0 0.380859 0.283203 0.0273438 0.0195312
0 0.355957 0.410156 0.0263672 0.0273438
0 0.493652 0.679688 0.0126953 0.0390625
0 0.361328 0.388672 0.015625 0.0351562
0 0.557617 0.563477 0.0175781 0.0253906
0 0.637695 0.520508 0.0136719 0.0566406
0 0.353516 0.351562 0.0195312 0.0273438
0 0.625 0.837891 0.03125 0.0195312
0 0.456055 0.228027 0.0292969 0.0419922
0 0.674805 0.402344 0.0292969 0.03125
0 0.473145 0.613281 0.0185547 0.0273438
0 0.324219 0.228516 0.0351562 0.0253906
0 0.564941 0.536133 0.0107422 0.0410156
0 0.390625 0.307617 0.0253906 0.0273438
0 0.318359 0.310059 0.0253906 0.0263672
0 0.314941 0.325684 0.0205078 0.0341797
0 0.566406 0.668945 0.0234375 0.0253906
0 0.506836 0.700195 0.0214844 0.015625
0 0.342285 0.328613 0.0166016 0.0244141
0 0.437012 0.56543 0.0185547 0.0390625
0 0.459473 0.639648 0.0126953 0.0332031
0 0.372559 0.298828 0.0302734 0.0175781
0 0.561523 0.368652 0.0175781 0.0302734
0 0.333496 0.223633 0.0322266 0.0273438
0 0.292969 0.302246 0.0273438 0.0263672
0 0.508789 0.723633 0.0136719 0.0371094
0 0.418945 0.413574 0.015625 0.0380859
0 0.507812 0.654297 0.0234375 0.0195312
0 0.493164 0.638672 0.0136719 0.0351562
0 0.494141 0.725586 0.0234375 0.0371094
0 0.438477 0.659668 0.0292969 0.0244141
0 0.289062 0.664062 0.0351562 0.0371094
0 0.284668 0.299805 0.0244141 0.03125
0 0.279297 0.329102 0.0195312 0.0214844
0 0.643555 0.599609 0.0175781 0.0429688
0 0.577637 0.469238 0.0126953 0.0400391
0 0.466797 0.462891 0.0214844 0.0351562
0 0.449219 0.633789 0.0136719 0.0351562
0 0.65332 0.358398 0.0292969 0.0273438
0 0.657715 0.586426 0.0166016 0.0322266
0 0.374023 0.560547 0.0214844 0.0351562
0 0.433594 0.579102 0.0175781 0.0292969
0 0.417969 0.435547 0.0195312 0.0273438
0 0.29248 0.287109 0.0302734 0.015625
0 0.519531 0.683594 0.015625 0.0429688
0 0.328125 0.264648 0.0371094 0.0136719
0 0.348145 0.38916 0.0126953 0.0263672
0 0.405273 0.346191 0.0136719 0.0439453
0 0.287109 0.371582 0.0234375 0.0166016
0 0.330566 0.304688 0.0126953 0.0351562
0 0.347168 0.370605 0.0263672 0.0185547
0 0.557617 0.5 0.0175781 0.0351562
0 0.325195 0.286133 0.0136719 0.0332031
0 0.638672 0.577148 0.0234375 0.0292969
0 0.464355 0.624023 0.0205078 0.0332031
0 0.540039 0.535645 0.0175781 0.0439453
0 0.418945 0.29834 0.00976562 0.0302734
0 0.472656 0.652344 0.015625 0.0371094
0 0.536133 0.301758 0.0332031 0.0214844
0 0.443359 0.537109 0.03125 0.0234375
0 0.295898 0.240234 0.0449219 0.0234375
0 0.561523 0.259277 0.03125 0.0146484
0 0.322266 0.364258 0.0234375 0.0253906
0 0.520508 0.631836 0.0214844 0.0253906
0 0.48877 0.51416 0.0224609 0.0380859
0 0.295898 0.26416 0.0292969 0.0283203
0 0.263672 0.332031 0.0195312 0.0390625
0 0.413574 0.36377 0.0107422 0.0341797
0 0.342773 0.553711 0.0214844 0.0332031
0 0.287598 0.637207 0.0302734 0.0146484
0 0.388672 0.355957 0.0195312 0.0302734
0 0.664062 0.486816 0.015625 0.0498047
0 0.584961 0.480469 0.015625 0.046875
0 0.231934 0.336426 0.0205078 0.0439453
0 0.578125 0.553223 0.0253906 0.0166016
0 0.275391 0.303223 0.0273438 0.0283203
0 0.436523 0.270996 0.0136719 0.0302734
0 0.575195 0.333008 0.0371094 0.0410156
0 0.300781 0.331055 0.0195312 0.0253906
0 0.25 0.36377 0.0273438 0.0166016
0 0.392578 0.372559 0.03125 0.0224609
0 0.533203 0.287109 0.03125 0.0195312
0 0.455566 0.583984 0.0146484 0.046875
0 0.386719 0.497559 0.03125 0.0205078
0 0.313477 0.28418 0.0136719 0.0292969
0 0.476562 0.244629 0.0253906 0.0341797
0 0.345703 0.575195 0.03125 0.0253906
0 0.405762 0.553711 0.0322266 0.0214844
0 0.506836 0.397949 0.0136719 0.0400391
0 0.505859 0.370117 0.046875 0.0214844
0 0.592773 0.505371 0.0292969 0.0361328
0 0.539062 0.510742 0.015625 0.0410156
0 0.657227 0.532227 0.0136719 0.0410156
0 0.635254 0.339844 0.0146484 0.0429688
0 0.374023 0.253906 0.0175781 0.0429688
0 0.148926 0.599609 0.00878906 0.0390625
0 0.553711 0.657227 0.0253906 0.0253906
0 0.625 0.355957 0.0234375 0.0400391
0 0.504883 0.676758 0.0117188 0.0371094
0 0.42627 0.383789 0.0224609 0.0253906
0 0.626465 0.548828 0.0146484 0.0449219
0 0.297363 0.220215 0.0302734 0.0185547
0 0.401855 0.620117 0.0263672 0.0292969
0 0.43457 0.431641 0.0214844 0.0390625
0 0.187988 0.328613 0.0322266 0.0263672
0 0.327637 0.247559 0.0439453 0.0224609
0 0.499023 0.507812 0.0234375 0.0351562
0 0.424316 0.586914 0.0263672 0.0292969
0 0.240234 0.319824 0.0253906 0.0400391
0 0.556641 0.535156 0.0117188 0.0429688
0 0.539062 0.674805 0.03125 0.0175781
0 0.396973 0.263672 0.0400391 0.0292969
0 0.64209 0.630371 0.0205078 0.0361328
0 0.313477 0.345215 0.0253906 0.0166016
0 0.228027 0.395508 0.0166016 0.0449219
0 0.494141 0.960938 0.03125 0.0546875
0 0.357422 0.608398 0.0273438 0.0351562
0 0.516602 0.469727 0.0253906 0.0332031
0 0.313477 0.378906 0.0234375 0.015625
0 0.571289 0.507812 0.0175781 0.0449219
0 0.288086 0.347168 0.0332031 0.0185547
0 0.251465 0.391602 0.0146484 0.0332031
0 0.577637 0.56543 0.0283203 0.0175781
0 0.541016 0.588867 0.015625 0.0410156
0 0.614258 0.580566 0.0292969 0.0185547
0 0.419922 0.275879 0.03125 0.0205078
0 0.491699 0.756348 0.0205078 0.0400391
0 0.470703 0.441895 0.0195312 0.0302734
0 0.643555 0.385742 0.0371094 0.0371094
0 0.624023 0.603516 0.0175781 0.0371094
0 0.250488 0.425293 0.0166016 0.0517578
0 0.429199 0.40332 0.0244141 0.0292969
0 0.361328 0.485352 0.03125 0.0214844
0 0.675781 0.59668 0.0332031 0.0195312
0 0.510254 0.540039 0.0146484 0.0410156
0 0.27002 0.380859 0.0126953 0.0351562
0 0.350098 0.23584 0.0244141 0.0380859
0 0.472656 0.577148 0.0292969 0.0136719
0 0.521484 0.65332 0.0273438 0.0234375
0 0.313965 0.509766 0.0322266 0.0351562
0 0.584961 0.539062 0.0292969 0.0195312
0 0.566895 0.3125 0.0263672 0.0410156
0 0.396973 0.324707 0.0244141 0.0322266
0 0.391113 0.587891 0.0341797 0.0234375
0 0.335938 0.590332 0.0234375 0.0419922
0 0.361328 0.545898 0.0214844 0.03125
0 0.502441 0.628906 0.0166016 0.0351562
0 0.558594 0.474121 0.0273438 0.0263672
0 0.445312 0.318359 0.0273438 0.0390625
0 0.666992 0.610352 0.0273438 0.0214844
0 0.59082 0.670898 0.0292969 0.0175781
0 0.517578 0.51416 0.015625 0.0400391
0 0.568848 0.444336 0.0283203 0.0429688
0 0.327148 0.543945 0.0214844 0.0332031
0 0.500488 0.416504 0.0205078 0.0380859
0 0.345703 0.288574 0.0273438 0.0361328
0 0.459961 0.495117 0.0253906 0.0390625
0 0.514648 0.27832 0.0292969 0.0371094
0 0.330078 0.474121 0.0273438 0.0283203
0 0.566406 0.688477 0.0234375 0.0292969
0 0.229492 0.368652 0.0273438 0.0205078
0 0.38623 0.241211 0.0166016 0.0410156
0 0.637695 0.452637 0.0351562 0.0322266
0 0.350098 0.465332 0.0185547 0.0302734
0 0.362793 0.445312 0.0224609 0.03125
0 0.446777 0.465332 0.0283203 0.0263672
0 0.287598 0.490234 0.0146484 0.046875
0 0.230469 0.419922 0.0234375 0.0351562
