0 0.451172 0.311523 0.0195312 0.046875
0 0.788574 0.62207 0.0166016 0.0410156
0 0.437012 0.646973 0.0185547 0.0478516
0 0.526367 0.833008 0.0292969 0.03125
0 0.541992 0.29834 0.0410156 0.0283203
0 0.505371 0.791016 0.0263672 0.03125
0 0.38623 0.399414 0.0146484 0.0527344
0 0.59375 0.702148 0.0234375 0.0273438
0 0.561035 0.833984 0.0146484 0.0546875
0 0.462402 0.355957 0.0166016 0.0537109
0 0.692383 0.48584 0.0175781 0.0498047
0 0.441895 0.613281 0.0205078 0.0546875
0 0.604492 0.668945 0.0175781 0.0488281
0 0.458496 0.514648 0.0263672 0.0292969
0 0.549805 0.369629 0.0175781 0.0517578
0 0.382812 0.634766 0.015625 0.0449219
0 0.51416 0.806641 0.0263672 0.0234375
0 0.599121 0.419434 0.0166016 0.0556641
0 0.572754 0.680664 0.0263672 0.0253906
0 0.614258 0.674805 0.0195312 0.0449219
0 0.487305 0.806641 0.0175781 0.046875
0 0.472168 0.491211 0.0224609 0.0410156
0 0.529297 0.797852 0.0273438 0.0292969
0 0.45166 0.668945 0.0205078 0.0410156
0 0.556641 0.580566 0.015625 0.0517578
0 0.482422 0.792969 0.0195312 0.0546875
0 0.367188 0.51123 0.015625 0.0458984
0 0.48584 0.683105 0.0185547 0.0380859
0 0.523438 0.576172 0.0195312 0.0390625
0 0.349609 0.461914 0.0214844 0.0292969
0 0.379883 0.495117 0.0175781 0.0449219
0 0.475586 0.311035 0.0253906 0.0361328
0 0.535156 0.380859 0.0195312 0.0390625
0 0.526855 0.443848 0.0146484 0.0556641
0 0.538086 0.225098 0.0175781 0.0556641
0 0.410156 0.497559 0.0273438 0.0361328
0 0.382812 0.548828 0.0253906 0.0429688
0 0.539062 0.455078 0.015625 0.0488281
0 0.545898 0.214844 0.0175781 0.0566406
0 0.442383 0.512695 0.0214844 0.0410156
0 0.624023 0.706055 0.0175781 0.0410156
0 0.538086 0.416504 0.0175781 0.0478516
0 0.507324 0.658203 0.0244141 0.0332031
0 0.518555 0.433105 0.015625 0.0576172
0 0.405273 0.532227 0.0136719 0.0507812
0 0.582031 0.51416 0.0175781 0.0537109
0 0.561523 0.317383 0.0175781 0.0351562
0 0.528809 0.509766 0.0166016 0.046875
0 0.491211 0.590332 0.0253906 0.0244141
0 0.501465 0.841309 0.0224609 0.0458984
0 0.391602 0.595703 0.0136719 0.0507812
0 0.378906 0.401855 0.0195312 0.0537109
0 0.569336 0.476074 0.0214844 0.0341797
0 0.590332 0.667969 0.0205078 0.0390625
0 0.371582 0.634766 0.0185547 0.0507812
0 0.462402 0.638672 0.0205078 0.0488281
0 0.871094 0.556641 0.0234375 0.0351562
0 0.621094 0.750488 0.0195312 0.0361328
0 0.594727 0.689941 0.0253906 0.0263672
0 0.493652 0.316406 0.0146484 0.046875
0 0.602539 0.260254 0.0175781 0.0615234
0 0.582031 0.823242 0.0234375 0.0488281
0 0.553711 0.487793 0.0214844 0.0419922
0 0.396973 0.618652 0.0224609 0.0498047
0 0.487305 0.498047 0.0253906 0.046875
0 0.385742 0.470703 0.0175781 0.0507812
0 0.501953 0.305664 0.015625 0.0527344
0 0.798828 0.349609 0.0234375 0.0546875
0 0.714355 0.543945 0.0224609 0.0566406
0 0.57666 0.545898 0.0244141 0.0332031
0 0.433594 0.52832 0.0214844 0.0449219
0 0.444824 0.732422 0.0205078 0.0585938
0 0.552246 0.84375 0.0185547 0.046875
0 0.574219 0.606934 0.0273438 0.0302734
0 0.526367 0.821289 0.0292969 0.0292969
0 0.51123 0.517578 0.0283203 0.03125
0 0.368652 0.483887 0.0205078 0.0361328
0 0.516602 0.856445 0.0214844 0.0371094
0 0.575684 0.498047 0.0146484 0.046875
0 0.416504 0.544434 0.0166016 0.0517578
0 0.5 0.773438 0.0273438 0.0273438
0 0.341797 0.493652 0.0175781 0.0517578
0 0.552734 0.614746 0.0195312 0.0478516
0 0.359863 0.405762 0.0283203 0.0302734
0 0.577148 0.59082 0.0253906 0.0371094
0 0.402832 0.481445 0.0185547 0.0488281
0 0.553711 0.261719 0.0253906 0.0488281
0 0.571289 0.709961 0.0195312 0.0488281
0 0.722656 0.728027 0.0234375 0.0478516
0 0.559082 0.51416 0.0205078 0.0458984
0 0.476074 0.292969 0.0283203 0.0351562
0 0.388672 0.520508 0.015625 0.0527344
0 0.452148 0.704102 0.015625 0.0527344
0 0.361816 0.464355 0.0166016 0.0478516
0 0.577148 0.650391 0.0253906 0.0332031
0 0.472168 0.611328 0.0263672 0.0429688
0 0.666504 0.23877 0.0205078 0.0478516
0 0.478516 0.676758 0.0195312 0.0410156
0 0.694336 0.373047 0.0214844 0.0546875
0 0.552734 0.334961 0.0195312 0.0566406
0 0.505371 0.684082 0.0205078 0.0439453
0 0.34375 0.228516 0.03125 0.0507812
0 0.488281 0.626465 0.0234375 0.0439453
0 0.603027 0.814941 0.0205078 0.0498047
0 0.598633 0.485352 0.03125 0.0488281
0 0.525391 0.681641 0.015625 0.046875
0 0.456055 0.371582 0.0195312 0.0556641
0 0.621094 0.661133 0.0234375 0.0390625
0 0.508301 0.58252 0.0185547 0.0458984
0 0.600098 0.884277 0.0146484 0.0517578
0 0.368164 0.569336 0.0214844 0.0488281
0 0.415527 0.775391 0.0244141 0.0429688
0 0.523438 0.645508 0.0195312 0.0527344
0 0.438477 0.264648 0.0292969 0.0371094
0 0.513672 0.879395 0.0234375 0.0244141
0 0.566406 0.575195 0.015625 0.0527344
0 0.773926 0.742676 0.0341797 0.0341797
0 0.545898 0.874023 0.0292969 0.0292969
0 0.504883 0.610352 0.0175781 0.0449219
0 0.621094 0.269043 0.0195312 0.0517578
0 0.634766 0.419922 0.0234375 0.046875
0 0.655273 0.216309 0.0175781 0.0576172
0 0.553711 0.296875 0.0292969 0.0332031
0 0.679688 0.275391 0.0234375 0.0566406
0 0.444824 0.47998 0.0185547 0.0517578
0 0.399902 0.423828 0.0302734 0.0234375
0 0.63916 0.846191 0.0283203 0.0263672
0 0.771973 0.648438 0.0244141 0.0351562
0 0.684082 0.48291 0.0166016 0.0537109
0 0.588867 0.415039 0.0195312 0.0566406
0 0.354492 0.501465 0.0175781 0.0595703
0 0.722656 0.218262 0.0214844 0.0576172
0 0.419922 0.65918 0.015625 0.0527344
0 0.681152 0.712402 0.0166016 0.0517578
0 0.530273 0.299316 0.0253906 0.0244141
0 0.640137 0.249023 0.0283203 0.0449219
0 0.779297 0.260254 0.0234375 0.0556641
0 0.608398 0.529785 0.0292969 0.0400391
0 0.79248 0.328125 0.0283203 0.0410156
0 0.550781 0.539062 0.0234375 0.0410156
0 0.766602 0.490234 0.0234375 0.0585938
0 0.637207 0.539551 0.0341797 0.0419922
0 0.464844 0.80957 0.0195312 0.0527344
0 0.584961 0.632812 0.0292969 0.0351562
0 0.786621 0.571289 0.0166016 0.0566406
0 0.511719 0.485352 0.0253906 0.0449219
0 0.399902 0.39502 0.0205078 0.0517578
0 0.535156 0.494629 0.0253906 0.0419922
0 0.401855 0.349121 0.0263672 0.0556641
0 0.603027 0.325684 0.0244141 0.0302734
0 0.634277 0.19043 0.0185547 0.0605469
0 0.562012 0.650391 0.0302734 0.0234375
0 0.475586 0.354492 0.0175781 0.0546875
0 0.275879 0.419434 0.0205078 0.0419922
0 0.380371 0.438965 0.0302734 0.0244141
0 0.624023 0.793945 0.0253906 0.0371094
0 0.633789 0.828613 0.0292969 0.0302734
0 0.469727 0.752441 0.0195312 0.0419922
0 0.485352 0.89209 0.0292969 0.0341797
0 0.482422 0.65332 0.0273438 0.0214844
0 0.448242 0.290039 0.0273438 0.0371094
0 0.495117 0.463867 0.0292969 0.0273438
0 0.623047 0.455078 0.0273438 0.03125
0 0.367188 0.605469 0.0292969 0.0273438
0 0.316895 0.491699 0.0341797 0.0283203
0 0.856445 0.716797 0.0214844 0.0527344
0 0.525879 0.549805 0.0283203 0.0410156
0 0.414551 0.801758 0.0302734 0.0292969
0 0.647461 0.379395 0.0175781 0.0556641
0 0.569336 0.349609 0.0234375 0.046875
0 0.706055 0.762695 0.0253906 0.0371094
0 0.442383 0.795898 0.0273438 0.0332031
0 0.592773 0.351074 0.0253906 0.0400391
0 0.322266 0.705566 0.0234375 0.0439453
0 0.489258 0.572266 0.0292969 0.0332031
0 0.379883 0.229004 0.0332031 0.0458984
0 0.496582 0.263672 0.0263672 0.0429688
0 0.592773 0.785645 0.0292969 0.0283203
0 0.732422 0.468262 0.0273438 0.0478516
0 0.570312 0.403809 0.03125 0.0400391
0 0.636719 0.753418 0.0253906 0.0361328
0 0.611816 0.417969 0.0205078 0.0507812
0 0.46582 0.248535 0.03125 0.0302734
0 0.576172 0.839844 0.0195312 0.0488281
0 0.69873 0.706055 0.0283203 0.0253906
0 0.417969 0.625 0.0273438 0.0273438
0 0.357422 0.424805 0.0390625 0.0253906
0 0.738281 0.622559 0.0195312 0.0439453
0 0.669922 0.162109 0.03125 0.0332031
0 0.509766 0.903809 0.0234375 0.0458984
0 0.409668 0.584473 0.0283203 0.0283203
0 0.862305 0.440918 0.0292969 0.0341797
0 0.493652 0.75 0.0283203 0.0351562
0 0.440918 0.401367 0.0205078 0.0566406
0 0.661133 0.346191 0.0292969 0.0302734
0 0.60791 0.724609 0.0283203 0.0273438
0 0.634766 0.501953 0.03125 0.03125
0 0.592773 0.384277 0.0332031 0.0283203
0 0.584961 0.257812 0.0253906 0.046875
0 0.650879 0.506836 0.0283203 0.0410156
0 0.652344 0.311523 0.0195312 0.0566406
0 0.469727 0.200195 0.0292969 0.0390625
0 0.610352 0.449219 0.0214844 0.0410156
0 0.539551 0.930664 0.0322266 0.0292969
0 0.712891 0.669922 0.03125 0.03125
0 0.505859 0.353516 0.0253906 0.0429688
0 0.598145 0.855469 0.0224609 0.0429688
0 0.447266 0.833008 0.0234375 0.0410156
0 0.32959 0.517578 0.0205078 0.0488281
0 0.526367 0.336914 0.0214844 0.0410156
0 0.614746 0.209961 0.0244141 0.0507812
0 0.470703 0.729492 0.0234375 0.0371094
0 0.767578 0.581055 0.0195312 0.0566406
0 0.511719 0.719238 0.0273438 0.0341797
0 0.808594 0.639648 0.03125 0.0292969
0 0.624023 0.308594 0.0332031 0.03125
0 0.666504 0.869629 0.0322266 0.0302734
0 0.758789 0.625 0.03125 0.0292969
0 0.728516 0.689453 0.0234375 0.046875
0 0.552246 0.810059 0.0283203 0.0400391
0 0.488281 0.712891 0.0273438 0.0429688
0 0.651367 0.882324 0.0292969 0.0380859
0 0.839355 0.423828 0.0263672 0.0507812
0 0.601562 0.763672 0.0332031 0.0273438
0 0.557617 0.896484 0.0292969 0.0292969
0 0.625 0.347656 0.0351562 0.03125
0 0.716309 0.597168 0.0224609 0.0576172
0 0.708496 0.645508 0.0263672 0.0371094
0 0.527344 0.762695 0.0234375 0.0488281
0 0.707031 0.794922 0.0234375 0.0507812
0 0.665039 0.737305 0.0214844 0.0449219
0 0.637695 0.67627 0.0253906 0.0498047
0 0.43457 0.683105 0.0214844 0.0419922
0 0.676758 0.423828 0.0214844 0.0527344
0 0.310059 0.558594 0.0283203 0.0429688
0 0.293945 0.394531 0.0214844 0.0546875
0 0.666504 0.698242 0.0263672 0.0429688
0 0.529297 0.950684 0.0273438 0.0322266
0 0.604492 0.567383 0.0253906 0.0410156
0 0.611328 0.168457 0.0273438 0.0439453
0 0.741211 0.283203 0.0292969 0.046875
0 0.771973 0.536133 0.0322266 0.0449219
0 0.59082 0.731445 0.0253906 0.0410156
