0 0.515137 0.601562 0.0380859 0.0234375
0 0.572754 0.367188 0.0185547 0.0507812
0 0.612305 0.386719 0.0136719 0.0351562
0 0.275879 0.628906 0.0283203 0.0351562
0 0.438477 0.179199 0.0332031 0.0341797
0 0.356445 0.351562 0.0371094 0.0234375
0 0.466797 0.757812 0.0234375 0.0351562
0 0.466309 0.797852 0.0361328 0.0214844
0 0.583984 0.368164 0.015625 0.0488281
0 0.494141 0.618164 0.0449219 0.0214844
0 0.445312 0.760742 0.0136719 0.0488281
0 0.368652 0.341797 0.0458984 0.0234375
0 0.405273 0.771973 0.0175781 0.0478516
0 0.475586 0.741211 0.0234375 0.0292969
0 0.415527 0.291992 0.0341797 0.0175781
0 0.415039 0.821289 0.0234375 0.0292969
0 0.650879 0.37207 0.0302734 0.0410156
0 0.435547 0.709473 0.0332031 0.0185547
0 0.291016 0.62207 0.0390625 0.03125
0 0.603516 0.377441 0.0273438 0.0400391
0 0.673828 0.350586 0.0195312 0.0527344
0 0.526367 0.623535 0.0410156 0.0224609
0 0.336914 0.652344 0.0371094 0.0273438
0 0.341797 0.581543 0.0351562 0.0283203
0 0.359863 0.410645 0.0283203 0.0458984
0 0.584961 0.472168 0.0253906 0.0380859
0 0.381836 0.416016 0.0332031 0.0234375
0 0.712891 0.403809 0.0429688 0.0263672
0 0.297852 0.561523 0.0292969 0.0371094
0 0.706055 0.426758 0.0332031 0.0292969
0 0.570312 0.319336 0.0273438 0.0390625
0 0.314453 0.601562 0.0195312 0.046875
0 0.436523 0.478516 0.015625 0.0566406
0 0.430664 0.802734 0.0351562 0.0195312
0 0.426758 0.742188 0.0253906 0.0410156
0 0.647461 0.505371 0.03125 0.0380859
0 0.399902 0.726562 0.0322266 0.0234375
0 0.359863 0.70459 0.0263672 0.0361328
0 0.281738 0.581055 0.0126953 0.0488281
0 0.61084 0.348633 0.0205078 0.0429688
0 0.530273 0.510742 0.03125 0.0292969
0 0.601562 0.47168 0.0292969 0.0371094
0 0.589355 0.513672 0.0185547 0.0429688
0 0.435547 0.548828 0.0273438 0.0351562
0 0.337891 0.370117 0.0195312 0.0410156
0 0.321289 0.438965 0.0214844 0.0439453
0 0.658203 0.345215 0.015625 0.0419922
0 0.570312 0.496582 0.015625 0.0478516
0 0.533691 0.379395 0.0224609 0.0400391
0 0.349609 0.453613 0.0195312 0.0439453
0 0.592773 0.626953 0.0214844 0.0410156
0 0.650879 0.425293 0.0361328 0.0302734
0 0.424805 0.849609 0.0351562 0.0273438
0 0.650391 0.585938 0.0390625 0.0195312
0 0.68457 0.380859 0.0332031 0.046875
0 0.621094 0.553223 0.0351562 0.0361328
0 0.458496 0.391602 0.0166016 0.046875
0 0.303711 0.381348 0.0214844 0.0498047
0 0.366211 0.487305 0.0371094 0.0292969
0 0.398438 0.576172 0.03125 0.0371094
0 0.672852 0.309082 0.0390625 0.0185547
0 0.347656 0.606445 0.0351562 0.0214844
0 0.352539 0.632324 0.0351562 0.0263672
0 0.400391 0.669922 0.0390625 0.0195312
0 0.361816 0.679688 0.0302734 0.0175781
0 0.36377 0.372559 0.0361328 0.0263672
0 0.638672 0.629883 0.0371094 0.0253906
0 0.50293 0.806152 0.0351562 0.0263672
0 0.410645 0.605957 0.0341797 0.0263672
0 0.389648 0.39209 0.0332031 0.0302734
0 0.462402 0.724609 0.0263672 0.0429688
0 0.651855 0.651367 0.0380859 0.0175781
0 0.313965 0.543945 0.0205078 0.0449219
0 0.354492 0.268066 0.0292969 0.0419922
0 0.344727 0.552246 0.0410156 0.0263672
0 0.517578 0.500977 0.0234375 0.0332031
0 0.457031 0.479492 0.0195312 0.0488281
0 0.660156 0.459473 0.0234375 0.0361328
0 0.337891 0.207031 0.0214844 0.0507812
0 0.339355 0.723633 0.0205078 0.0410156
0 0.587891 0.596191 0.03125 0.0439453
0 0.462402 0.599609 0.0283203 0.046875
0 0.433594 0.597656 0.0175781 0.0507812
0 0.430176 0.393555 0.0302734 0.0332031
0 0.418457 0.513184 0.0205078 0.0458984
0 0.489258 0.851562 0.0332031 0.0351562
0 0.47168 0.54834 0.0332031 0.0361328
