0 0.529297 0.309082 0.0195312 0.0322266
0 0.524414 0.43457 0.0292969 0.0117188
0 0.49707 0.646484 0.0175781 0.03125
0 0.592773 0.448242 0.0136719 0.0410156
0 0.526855 0.388184 0.0126953 0.0361328
0 0.512695 0.354004 0.0214844 0.0302734
0 0.567383 0.46582 0.0214844 0.0234375
0 0.487793 0.599609 0.0185547 0.0351562
0 0.558594 0.579102 0.0234375 0.0332031
0 0.560059 0.384766 0.0205078 0.0273438
0 0.611816 0.366699 0.0224609 0.0263672
0 0.575684 0.44043 0.0107422 0.0351562
0 0.614258 0.386719 0.0214844 0.0253906
0 0.605469 0.441895 0.0117188 0.0380859
0 0.579102 0.637207 0.0136719 0.0244141
0 0.491211 0.479492 0.0136719 0.0332031
0 0.39209 0.722656 0.0166016 0.0195312
0 0.368164 0.571777 0.0175781 0.0380859
0 0.549805 0.471191 0.0175781 0.0322266
0 0.587891 0.435547 0.0117188 0.0429688
0 0.601562 0.315918 0.0273438 0.0224609
0 0.54248 0.509766 0.0244141 0.0351562
0 0.381348 0.642578 0.0205078 0.0234375
0 0.347656 0.618164 0.015625 0.0390625
0 0.553711 0.369141 0.0136719 0.03125
0 0.459961 0.373047 0.0175781 0.0390625
0 0.580078 0.325195 0.0273438 0.03125
0 0.525391 0.492676 0.0117188 0.0380859
0 0.643555 0.320312 0.0292969 0.0371094
0 0.433594 0.630859 0.03125 0.0234375
0 0.563477 0.442383 0.0175781 0.0332031
0 0.39502 0.50293 0.0224609 0.0410156
0 0.395996 0.479004 0.0302734 0.0185547
0 0.268066 0.639648 0.0166016 0.0332031
0 0.410645 0.616211 0.0263672 0.0214844
0 0.387207 0.620117 0.0185547 0.0351562
0 0.599609 0.415527 0.015625 0.0341797
0 0.400879 0.564941 0.0283203 0.0185547
0 0.476074 0.501465 0.0166016 0.0361328
0 0.474609 0.632812 0.0292969 0.0195312
0 0.34082 0.612793 0.0175781 0.0419922
0 0.346191 0.567383 0.0244141 0.0253906
0 0.513672 0.400391 0.0136719 0.0390625
0 0.538574 0.594727 0.0185547 0.0410156
0 0.436523 0.477539 0.0117188 0.0449219
0 0.526367 0.365234 0.0234375 0.0195312
0 0.524414 0.528809 0.0195312 0.0361328
0 0.618164 0.425293 0.0175781 0.0361328
0 0.646484 0.387207 0.0273438 0.0283203
0 0.40332 0.637207 0.0253906 0.0263672
0 0.481445 0.610352 0.0136719 0.0351562
0 0.576172 0.404297 0.03125 0.015625
0 0.432617 0.661133 0.0214844 0.0449219
0 0.378418 0.652344 0.0205078 0.0214844
0 0.605469 0.37207 0.0234375 0.0253906
0 0.482422 0.32959 0.0195312 0.0400391
0 0.542969 0.380859 0.0117188 0.0390625
0 0.547363 0.334961 0.0263672 0.0253906
0 0.570801 0.358398 0.0224609 0.0234375
0 0.413574 0.55127 0.0146484 0.0361328
0 0.623047 0.347656 0.0117188 0.0351562
0 0.373535 0.700195 0.0244141 0.0136719
0 0.509766 0.487305 0.015625 0.046875
0 0.453125 0.631348 0.03125 0.0185547
0 0.512695 0.334473 0.0214844 0.0322266
0 0.65332 0.376953 0.0175781 0.0234375
0 0.391602 0.584961 0.0292969 0.0234375
0 0.601562 0.330078 0.03125 0.0195312
0 0.583008 0.374512 0.0175781 0.0400391
0 0.313965 0.625 0.0283203 0.0273438
0 0.508301 0.272461 0.0146484 0.0410156
0 0.464355 0.599609 0.0224609 0.0273438
0 0.370117 0.624512 0.0214844 0.0224609
0 0.488281 0.655273 0.03125 0.0292969
0 0.432129 0.563477 0.0224609 0.0332031
0 0.405273 0.658203 0.0292969 0.0390625
0 0.562012 0.413574 0.0283203 0.0283203
0 0.516602 0.620605 0.0292969 0.0341797
0 0.491211 0.297852 0.0214844 0.0253906
0 0.51709 0.451172 0.0224609 0.0332031
0 0.496582 0.412109 0.0302734 0.03125
0 0.47168 0.470215 0.0292969 0.0400391
0 0.471191 0.337402 0.0185547 0.0380859
0 0.575195 0.500977 0.0136719 0.0371094
0 0.360352 0.516602 0.0292969 0.0214844
0 0.530273 0.655273 0.0253906 0.0136719
0 0.491211 0.517578 0.0214844 0.03125
0 0.411133 0.599609 0.0292969 0.0234375
0 0.459473 0.614746 0.0185547 0.0283203
0 0.52002 0.295898 0.0224609 0.0351562
0 0.508789 0.381836 0.0214844 0.0332031
0 0.341309 0.657227 0.0322266 0.0292969
0 0.445801 0.602051 0.0166016 0.0400391
0 0.493164 0.449219 0.0136719 0.0390625
0 0.436523 0.582031 0.0214844 0.0371094
0 0.36084 0.643555 0.0146484 0.0332031
0 0.414062 0.691895 0.0273438 0.0302734
0 0.463867 0.350586 0.0175781 0.0351562
0 0.430176 0.490234 0.0166016 0.0390625
0 0.634766 0.410156 0.0117188 0.0371094
0 0.432129 0.529297 0.0244141 0.0390625
0 0.373535 0.477051 0.0146484 0.0341797
0 0.280762 0.636719 0.0205078 0.03125
0 0.53125 0.336914 0.015625 0.0292969
0 0.495117 0.583496 0.0273438 0.0283203
0 0.356934 0.600098 0.0263672 0.0263672
0 0.51709 0.641602 0.0322266 0.0175781
0 0.494629 0.368652 0.0146484 0.0400391
0 0.471191 0.575195 0.0205078 0.0410156
0 0.537598 0.456543 0.0283203 0.0224609
0 0.541992 0.424805 0.0175781 0.0429688
0 0.654785 0.416016 0.0224609 0.0234375
0 0.220703 0.611328 0.015625 0.0488281
0 0.46582 0.67041 0.0292969 0.0224609
0 0.564453 0.631836 0.015625 0.0371094
0 0.430664 0.432617 0.0253906 0.0390625
0 0.586426 0.657227 0.0263672 0.0234375
0 0.28125 0.689453 0.0195312 0.0390625
0 0.566406 0.512695 0.0136719 0.0390625
0 0.466309 0.281738 0.0263672 0.0185547
0 0.380859 0.54248 0.015625 0.0302734
0 0.458984 0.42334 0.0273438 0.0322266
0 0.303711 0.657227 0.03125 0.0253906
0 0.55127 0.307617 0.0263672 0.0351562
0 0.464355 0.54541 0.0302734 0.0302734
0 0.316406 0.597656 0.0351562 0.0195312
0 0.446777 0.291992 0.0205078 0.0292969
