0 0.0834961 0.351562 0.0908203 0.0703125
0 0.785156 0.793945 0.160156 0.0644531
0 0.0839844 0.552246 0.0429688 0.0478516
0 0.323242 0.457031 0.0878906 0.0390625
0 0.261719 0.435547 0.0585938 0.0507812
0 0.625 0.311035 0.09375 0.0361328
0 0.655762 0.356934 0.0869141 0.0693359
0 0.137695 0.553711 0.0605469 0.0410156
0 0.374023 0.616211 0.0605469 0.0566406
0 0.349121 0.545898 0.104492 0.0332031
0 0.271484 0.283691 0.175781 0.0498047
0 0.612305 0.512695 0.0878906 0.0488281
0 0.311035 0.42041 0.0791016 0.0341797
0 0.429199 0.359375 0.106445 0.0449219
0 0.594727 0.354492 0.0800781 0.0683594
0 0.38623 0.29834 0.0966797 0.0517578
0 0.672852 0.556641 0.136719 0.0273438
0 0.710938 0.354004 0.109375 0.0400391
0 0.567383 0.320801 0.0566406 0.0576172
0 0.707031 0.475098 0.121094 0.0478516
