0 0.543945 0.546875 0.0136719 0.0351562
0 0.526367 0.657227 0.0214844 0.0234375
0 0.370605 0.808594 0.0205078 0.0234375
0 0.630859 0.561523 0.015625 0.0175781
0 0.488281 0.743164 0.0175781 0.015625
0 0.466797 0.236816 0.0175781 0.0302734
0 0.364258 0.785156 0.0136719 0.03125
0 0.551758 0.59668 0.0136719 0.0253906
0 0.560059 0.379395 0.0166016 0.0361328
0 0.568359 0.518066 0.0117188 0.0283203
0 0.465332 0.597656 0.0205078 0.015625
0 0.469727 0.770508 0.0136719 0.0371094
0 0.329102 0.785645 0.0175781 0.0283203
0 0.45752 0.222656 0.0205078 0.015625
0 0.550781 0.544922 0.015625 0.0351562
0 0.337891 0.774414 0.0117188 0.0332031
0 0.467285 0.698242 0.0146484 0.0292969
0 0.329102 0.799805 0.0195312 0.0332031
0 0.812988 0.339355 0.00878906 0.0283203
0 0.419922 0.779297 0.0117188 0.03125
0 0.438965 0.37207 0.0166016 0.0292969
0 0.460449 0.660156 0.0166016 0.0195312
0 0.456055 0.704102 0.0136719 0.0292969
0 0.637695 0.332031 0.015625 0.03125
0 0.493652 0.619141 0.0166016 0.0214844
0 0.598633 0.363281 0.0214844 0.0195312
0 0.401855 0.383789 0.0107422 0.0273438
0 0.470215 0.864258 0.0205078 0.0332031
0 0.533203 0.703125 0.0117188 0.03125
0 0.47998 0.683594 0.0126953 0.0292969
0 0.416504 0.805664 0.0166016 0.03125
0 0.503906 0.709473 0.0195312 0.0263672
0 0.347656 0.763184 0.015625 0.0322266
0 0.557129 0.736816 0.0107422 0.0244141
0 0.378418 0.780273 0.0146484 0.0371094
0 0.539062 0.692871 0.0234375 0.0166016
0 0.552734 0.66748 0.0175781 0.0205078
0 0.439941 0.788086 0.0185547 0.0292969
0 0.52832 0.599609 0.0136719 0.0332031
0 0.378906 0.806641 0.0195312 0.0273438
0 0.435547 0.598633 0.0117188 0.0292969
0 0.526367 0.573242 0.0136719 0.0292969
0 0.483887 0.245605 0.0126953 0.0322266
0 0.352539 0.790039 0.0234375 0.0253906
0 0.460938 0.232422 0.015625 0.0292969
0 0.399902 0.308594 0.00878906 0.0214844
0 0.677734 0.513672 0.0136719 0.0273438
0 0.547852 0.522461 0.0214844 0.0253906
0 0.500977 0.690918 0.0214844 0.0283203
0 0.478516 0.589844 0.0136719 0.0273438
0 0.516113 0.720703 0.0126953 0.0273438
0 0.439453 0.605469 0.0117188 0.0371094
0 0.641113 0.706055 0.0244141 0.0332031
0 0.483887 0.791016 0.0126953 0.046875
0 0.496094 0.732422 0.015625 0.0234375
0 0.507324 0.654297 0.0166016 0.0351562
0 0.566406 0.563965 0.015625 0.0361328
0 0.536133 0.521973 0.0136719 0.0380859
0 0.504883 0.68457 0.0214844 0.0214844
0 0.506348 0.735352 0.0126953 0.0371094
0 0.46582 0.585938 0.0175781 0.0214844
0 0.626953 0.355957 0.0234375 0.0244141
0 0.462891 0.746582 0.0175781 0.0322266
0 0.456055 0.287109 0.0214844 0.0273438
0 0.462402 0.344727 0.0166016 0.0273438
0 0.429199 0.713867 0.0126953 0.0371094
0 0.494629 0.643555 0.0107422 0.0332031
0 0.493164 0.792969 0.0136719 0.0429688
0 0.439941 0.801758 0.0205078 0.0253906
0 0.467773 0.327148 0.0214844 0.0253906
0 0.462402 0.865234 0.0185547 0.0390625
0 0.738281 0.325195 0.015625 0.0332031
0 0.572266 0.299805 0.015625 0.0175781
0 0.614258 0.686523 0.0175781 0.0371094
0 0.412598 0.834961 0.0166016 0.0390625
0 0.47998 0.254395 0.0126953 0.0361328
0 0.46875 0.286133 0.0117188 0.0371094
0 0.5625 0.540039 0.015625 0.0371094
0 0.452148 0.268066 0.0253906 0.0166016
0 0.364258 0.823242 0.0214844 0.0214844
0 0.542969 0.754883 0.015625 0.0292969
0 0.555664 0.704102 0.0253906 0.0195312
0 0.402344 0.696777 0.015625 0.0283203
0 0.558594 0.620605 0.015625 0.0400391
0 0.375977 0.83252 0.0214844 0.0224609
0 0.407715 0.810547 0.0126953 0.0390625
0 0.482422 0.31543 0.0175781 0.0175781
0 0.545898 0.676758 0.0214844 0.0214844
0 0.598633 0.4375 0.0136719 0.0195312
0 0.59668 0.415527 0.0214844 0.0126953
0 0.510742 0.429199 0.0117188 0.0244141
0 0.482422 0.208496 0.0195312 0.0205078
0 0.47168 0.242676 0.015625 0.0302734
0 0.475586 0.340332 0.0175781 0.0380859
0 0.451172 0.586914 0.015625 0.0332031
0 0.464844 0.716309 0.0175781 0.0263672
0 0.766113 0.375977 0.0126953 0.0253906
0 0.491211 0.765625 0.0136719 0.0390625
0 0.644043 0.316895 0.0146484 0.0322266
0 0.458496 0.681641 0.0185547 0.0273438
0 0.483398 0.0131836 0.0234375 0.0244141
0 0.479492 0.561523 0.0214844 0.0195312
0 0.349609 0.740234 0.0117188 0.0390625
0 0.622559 0.674316 0.0126953 0.0498047
0 0.533203 0.55957 0.0117188 0.0332031
0 0.307617 0.763672 0.0136719 0.0390625
0 0.394531 0.739258 0.0117188 0.0253906
0 0.56543 0.583008 0.0234375 0.0253906
0 0.580078 0.342773 0.0195312 0.03125
0 0.431152 0.736328 0.0146484 0.0429688
0 0.395996 0.816406 0.0146484 0.03125
0 0.769531 0.292969 0.0195312 0.0351562
0 0.598633 0.491211 0.0136719 0.0371094
0 0.549805 0.741699 0.0214844 0.0263672
0 0.398926 0.756348 0.0224609 0.0224609
0 0.391602 0.778809 0.0175781 0.0458984
0 0.591797 0.594727 0.0136719 0.0449219
0 0.460449 0.528809 0.0166016 0.0419922
0 0.730957 0.319336 0.0244141 0.0253906
0 0.44043 0.760254 0.0175781 0.0380859
0 0.303711 0.702148 0.0175781 0.0214844
0 0.757324 0.299316 0.0146484 0.0322266
0 0.525391 0.679688 0.015625 0.0371094
0 0.730469 0.301758 0.0195312 0.0175781
0 0.504395 0.768555 0.0126953 0.0449219
0 0.543945 0.641602 0.0214844 0.0332031
0 0.321289 0.758789 0.015625 0.0488281
0 0.294922 0.589844 0.015625 0.03125
0 0.29834 0.76123 0.0224609 0.0361328
0 0.570801 0.429688 0.0185547 0.0273438
0 0.687012 0.50293 0.0146484 0.0449219
0 0.416992 0.545898 0.00976562 0.0253906
0 0.333008 0.826172 0.0117188 0.03125
0 0.480469 0.21875 0.0195312 0.03125
0 0.519531 0.0595703 0.0195312 0.0214844
0 0.378418 0.691406 0.0185547 0.0234375
0 0.456543 0.254883 0.0244141 0.0253906
0 0.505371 0.800781 0.0185547 0.03125
0 0.571289 0.639648 0.0253906 0.0175781
0 0.339355 0.725586 0.0107422 0.0371094
0 0.602539 0.571777 0.0136719 0.0439453
0 0.574219 0.565918 0.0175781 0.0439453
0 0.464355 0.568848 0.0107422 0.0322266
0 0.55127 0.447754 0.0107422 0.0458984
0 0.589844 0.42627 0.015625 0.0224609
0 0.408691 0.655273 0.0126953 0.0410156
0 0.333984 0.662109 0.0117188 0.0390625
0 0.479004 0.713379 0.0146484 0.0380859
0 0.363281 0.810059 0.0195312 0.0185547
0 0.350098 0.855469 0.0107422 0.0390625
0 0.444824 0.71582 0.0126953 0.0332031
0 0.53418 0.775391 0.0175781 0.0351562
0 0.456055 0.317871 0.0214844 0.0185547
0 0.585938 0.384766 0.0195312 0.0273438
0 0.395996 0.685059 0.0205078 0.0224609
0 0.492188 0.824707 0.015625 0.0341797
0 0.50293 0.24707 0.00976562 0.0371094
0 0.438477 0.576172 0.0253906 0.0195312
0 0.381836 0.707031 0.0136719 0.03125
0 0.467773 0.800781 0.0175781 0.0371094
0 0.740234 0.429199 0.015625 0.0419922
0 0.383301 0.673828 0.0205078 0.0234375
0 0.206055 0.64209 0.0117188 0.0380859
0 0.755859 0.211426 0.015625 0.0361328
0 0.446289 0.559082 0.0234375 0.0205078
0 0.48291 0.294922 0.0205078 0.0371094
0 0.406738 0.599121 0.0224609 0.0224609
0 0.484863 0.482422 0.0166016 0.0351562
0 0.683594 0.319336 0.015625 0.0292969
0 0.376953 0.889648 0.0195312 0.0371094
0 0.334473 0.630859 0.0205078 0.0292969
0 0.40332 0.878906 0.0136719 0.0351562
0 0.603516 0.396973 0.0195312 0.0302734
0 0.455078 0.20752 0.0195312 0.0244141
0 0.39209 0.720215 0.0146484 0.0322266
0 0.473145 0.183594 0.0146484 0.0351562
0 0.637695 0.300781 0.0175781 0.0292969
0 0.330078 0.611328 0.0175781 0.0351562
0 0.325195 0.691406 0.0214844 0.0292969
0 0.266602 0.619141 0.0136719 0.0273438
0 0.441406 0.303711 0.0234375 0.0195312
0 0.474121 0.145996 0.0126953 0.0380859
0 0.637695 0.646973 0.0175781 0.0361328
0 0.714844 0.23291 0.015625 0.0400391
0 0.428223 0.386719 0.0205078 0.03125
0 0.453125 0.189453 0.0234375 0.0332031
0 0.627441 0.325195 0.0205078 0.0253906
0 0.575195 0.393555 0.0214844 0.0292969
0 0.309082 0.793457 0.0224609 0.0283203
0 0.6875 0.722656 0.0175781 0.0351562
0 0.674316 0.701172 0.0205078 0.0351562
0 0.777344 0.206055 0.015625 0.0449219
0 0.558594 0.276855 0.0253906 0.0302734
