0 0.272949 0.51416 0.0166016 0.0693359
0 0.373047 0.226562 0.03125 0.0722656
0 0.321289 0.318359 0.0351562 0.0332031
0 0.285156 0.505859 0.0234375 0.078125
0 0.364258 0.18457 0.0253906 0.0996094
0 0.280762 0.570801 0.0517578 0.0537109
0 0.327148 0.523438 0.046875 0.0859375
0 0.128906 0.454102 0.0449219 0.0761719
0 0.305176 0.299805 0.0302734 0.0527344
0 0.357422 0.302734 0.0234375 0.0625
0 0.325195 0.350098 0.0351562 0.0595703
0 0.312988 0.45459 0.0439453 0.0400391
0 0.224609 0.437012 0.0234375 0.0634766
0 0.332031 0.417969 0.0371094 0.0507812
0 0.326172 0.277344 0.0214844 0.0703125
0 0.249023 0.530273 0.0332031 0.0683594
0 0.286621 0.38916 0.0263672 0.0693359
0 0.263672 0.366211 0.0214844 0.0839844
0 0.312988 0.589355 0.0380859 0.0537109
0 0.37793 0.314453 0.03125 0.0546875
0 0.272949 0.636719 0.0341797 0.0996094
0 0.300781 0.383789 0.0351562 0.0683594
0 0.226562 0.485352 0.0449219 0.0410156
0 0.28418 0.323242 0.0292969 0.0664062
0 0.35791 0.393555 0.0244141 0.078125
0 0.425781 0.352051 0.0273438 0.0927734
0 0.385742 0.287109 0.0234375 0.0664062
0 0.339844 0.575195 0.03125 0.0644531
0 0.110352 0.560547 0.03125 0.0761719
0 0.5625 0.644531 0.0273438 0.0820312
0 0.32666 0.634277 0.0380859 0.0751953
0 0.406738 0.224121 0.0322266 0.0595703
0 0.268066 0.47998 0.0380859 0.0419922
0 0.516113 0.621094 0.0439453 0.0625
0 0.389648 0.420898 0.0332031 0.0644531
0 0.369141 0.352051 0.0429688 0.0517578
0 0.253906 0.199219 0.0546875 0.0839844
0 0.458008 0.367188 0.046875 0.0625
0 0.228516 0.359375 0.0390625 0.0507812
0 0.273926 0.278809 0.0400391 0.0576172
0 0.240723 0.294434 0.0400391 0.0595703
0 0.587891 0.315918 0.0605469 0.0654297
0 0.500977 0.466797 0.0410156 0.0625
0 0.488281 0.713379 0.0351562 0.0751953
0 0.470703 0.317871 0.0546875 0.0439453
0 0.400391 0.161621 0.0351562 0.0712891
0 0.549316 0.374023 0.0537109 0.0644531
0 0.51123 0.56543 0.0517578 0.0605469
