0 0.460449 0.729492 0.0302734 0.0449219
0 0.664551 0.414062 0.0244141 0.0234375
0 0.587891 0.394531 0.0234375 0.0175781
0 0.597656 0.52832 0.0351562 0.0136719
0 0.556152 0.679199 0.0224609 0.0244141
0 0.280762 0.500977 0.0302734 0.0214844
0 0.675293 0.428223 0.0263672 0.0185547
0 0.470703 0.705078 0.0214844 0.03125
0 0.5625 0.616211 0.03125 0.0214844
0 0.374023 0.619141 0.0410156 0.0195312
0 0.571777 0.681641 0.0224609 0.0273438
0 0.491699 0.565918 0.0224609 0.0263672
0 0.556641 0.633789 0.0390625 0.0175781
0 0.667969 0.435547 0.03125 0.0214844
0 0.59082 0.519531 0.0371094 0.015625
0 0.563477 0.602539 0.0332031 0.0195312
0 0.540527 0.305176 0.0244141 0.0263672
0 0.490234 0.455078 0.0273438 0.0195312
0 0.279297 0.453125 0.03125 0.0273438
0 0.587891 0.381348 0.0273438 0.0244141
0 0.451172 0.516602 0.0371094 0.0175781
0 0.311523 0.52832 0.0390625 0.0175781
0 0.248535 0.510742 0.0224609 0.03125
0 0.458496 0.583008 0.0419922 0.0175781
0 0.419434 0.579102 0.0361328 0.0214844
0 0.532715 0.520508 0.0361328 0.0214844
0 0.63916 0.48584 0.0283203 0.0224609
0 0.458984 0.715332 0.0253906 0.0283203
0 0.514648 0.743164 0.0332031 0.0214844
0 0.685547 0.605957 0.0253906 0.0263672
0 0.434082 0.801758 0.0400391 0.0253906
0 0.311523 0.580566 0.0332031 0.0302734
0 0.517578 0.372559 0.03125 0.0185547
0 0.341309 0.558594 0.0244141 0.0234375
0 0.492188 0.387695 0.03125 0.0214844
0 0.53418 0.595703 0.0292969 0.0195312
0 0.428223 0.556641 0.0224609 0.0175781
0 0.532227 0.612305 0.0332031 0.0175781
0 0.537109 0.561523 0.0292969 0.0175781
0 0.409668 0.734375 0.0322266 0.0273438
0 0.464355 0.741211 0.0341797 0.0253906
