0 0.621582 0.358398 0.0283203 0.0175781
0 0.508789 0.621582 0.0410156 0.0224609
0 0.739258 0.350098 0.0292969 0.0263672
0 0.356934 0.533691 0.0400391 0.0146484
0 0.457031 0.588867 0.03125 0.0214844
0 0.642578 0.368164 0.0234375 0.0332031
0 0.44043 0.507812 0.0332031 0.015625
0 0.333984 0.320801 0.0273438 0.0166016
0 0.498047 0.493652 0.0273438 0.0205078
0 0.5 0.46582 0.0351562 0.0175781
0 0.394043 0.553711 0.0224609 0.0175781
0 0.470703 0.508789 0.03125 0.0136719
0 0.271973 0.490234 0.0341797 0.0195312
0 0.709961 0.304688 0.0449219 0.0214844
0 0.812988 0.283691 0.0224609 0.0224609
0 0.444336 0.306641 0.0351562 0.0117188
0 0.315918 0.349609 0.0244141 0.0195312
0 0.719727 0.383789 0.0371094 0.0214844
0 0.538086 0.608398 0.0410156 0.0136719
0 0.365234 0.556641 0.0273438 0.0136719
0 0.508301 0.436523 0.0322266 0.0214844
0 0.473145 0.685547 0.0283203 0.03125
0 0.34082 0.545898 0.0429688 0.0136719
0 0.399902 0.478516 0.0263672 0.03125
0 0.356934 0.43457 0.0380859 0.0136719
0 0.642578 0.411133 0.03125 0.0253906
0 0.290527 0.386719 0.0185547 0.0234375
0 0.822266 0.291504 0.0273438 0.0166016
0 0.558105 0.32959 0.0224609 0.0205078
0 0.378418 0.377441 0.0244141 0.0205078
0 0.444824 0.69043 0.0400391 0.0214844
0 0.402832 0.52832 0.0361328 0.015625
0 0.524414 0.516602 0.0253906 0.0253906
0 0.424316 0.543457 0.0205078 0.0283203
0 0.27002 0.350586 0.0283203 0.0332031
0 0.53418 0.585938 0.0449219 0.0234375
0 0.465332 0.312988 0.0341797 0.0126953
0 0.322266 0.497559 0.0234375 0.0302734
0 0.340332 0.452148 0.0419922 0.0136719
0 0.432129 0.398438 0.0283203 0.015625
0 0.387207 0.549316 0.0322266 0.0224609
0 0.28418 0.462402 0.0390625 0.0146484
0 0.772461 0.390625 0.0214844 0.0234375
0 0.494141 0.475586 0.0351562 0.0175781
0 0.74707 0.302246 0.0371094 0.0166016
0 0.577148 0.435547 0.0214844 0.03125
0 0.486816 0.5 0.0361328 0.015625
0 0.420898 0.42041 0.0136719 0.0322266
0 0.510742 0.37793 0.0175781 0.0332031
0 0.372559 0.57373 0.0205078 0.0263672
0 0.52832 0.537598 0.0332031 0.0185547
0 0.610352 0.487793 0.0214844 0.0322266
0 0.683594 0.595703 0.046875 0.0273438
0 0.290039 0.439941 0.03125 0.0283203
0 0.351562 0.38916 0.0429688 0.0126953
0 0.589844 0.353027 0.0390625 0.0126953
0 0.347168 0.235352 0.0185547 0.0332031
0 0.73877 0.773438 0.0478516 0.0390625
0 0.385254 0.362305 0.0263672 0.0351562
0 0.357422 0.443359 0.0390625 0.015625
0 0.345215 0.480957 0.0498047 0.0263672
0 0.340332 0.655273 0.0185547 0.0273438
0 0.598145 0.433594 0.0302734 0.0273438
0 0.857422 0.439941 0.0195312 0.0244141
0 0.264648 0.540527 0.0253906 0.0341797
0 0.628906 0.547852 0.03125 0.0214844
0 0.686035 0.504395 0.0263672 0.0380859
0 0.387695 0.706543 0.0253906 0.0341797
0 0.455078 0.669434 0.0195312 0.0302734
0 0.467773 0.449707 0.0332031 0.0322266
0 0.303223 0.388672 0.0244141 0.0234375
0 0.625977 0.393066 0.0292969 0.0146484
0 0.364258 0.367188 0.0253906 0.0351562
0 0.479492 0.581543 0.0253906 0.0126953
0 0.495605 0.379395 0.0244141 0.0185547
0 0.270508 0.460449 0.0371094 0.0146484
0 0.561523 0.374023 0.0234375 0.0195312
0 0.637207 0.515137 0.0322266 0.0224609
0 0.436035 0.669922 0.0283203 0.0253906
0 0.750977 0.381348 0.0253906 0.0263672
0 0.277832 0.474609 0.0322266 0.015625
0 0.293945 0.350098 0.0195312 0.0224609
0 0.490234 0.601074 0.0351562 0.0263672
0 0.45459 0.459961 0.0205078 0.0214844
0 0.582031 0.384766 0.0273438 0.0234375
0 0.65332 0.384766 0.0253906 0.0332031
0 0.488281 0.700684 0.0234375 0.0458984
0 0.370117 0.65332 0.0371094 0.03125
0 0.43457 0.349609 0.0371094 0.0234375
0 0.551758 0.575195 0.0292969 0.0273438
0 0.323242 0.380859 0.0371094 0.0195312
0 0.712402 0.596191 0.0400391 0.0283203
0 0.28125 0.409668 0.03125 0.0244141
0 0.293457 0.333984 0.0361328 0.0195312
0 0.522461 0.646973 0.0351562 0.0185547
0 0.458008 0.316895 0.0332031 0.0107422
0 0.412598 0.389648 0.0361328 0.0175781
0 0.315918 0.436035 0.0224609 0.0205078
0 0.525391 0.344727 0.0449219 0.0175781
0 0.442383 0.52832 0.0332031 0.0292969
0 0.517578 0.485352 0.0273438 0.0371094
0 0.630371 0.323242 0.0361328 0.0175781
0 0.67334 0.589355 0.0419922 0.0283203
0 0.255859 0.396973 0.0351562 0.0146484
0 0.479004 0.649414 0.0361328 0.0234375
0 0.333008 0.342773 0.0214844 0.0292969
0 0.424805 0.708496 0.0195312 0.0341797
0 0.518555 0.39209 0.0351562 0.0263672
0 0.643555 0.483398 0.0332031 0.0214844
0 0.436523 0.43457 0.0371094 0.0253906
0 0.299316 0.727051 0.0263672 0.0341797
0 0.621094 0.286621 0.0273438 0.0283203
0 0.410156 0.28125 0.0273438 0.0253906
0 0.533691 0.683105 0.0263672 0.0263672
0 0.366211 0.617188 0.0371094 0.015625
0 0.54834 0.30127 0.0361328 0.0146484
0 0.654785 0.324219 0.0419922 0.0234375
0 0.626465 0.532715 0.0439453 0.0224609
0 0.321777 0.416016 0.0322266 0.0234375
0 0.594727 0.366211 0.0410156 0.0136719
0 0.526367 0.666992 0.0390625 0.0292969
0 0.435547 0.472656 0.03125 0.0234375
0 0.452637 0.541992 0.0322266 0.0253906
0 0.237793 0.383789 0.0322266 0.0175781
0 0.601562 0.588867 0.046875 0.0175781
0 0.240234 0.45459 0.0351562 0.0283203
0 0.545898 0.638184 0.015625 0.0283203
0 0.386719 0.505371 0.0351562 0.0244141
0 0.455566 0.410645 0.0185547 0.0322266
0 0.351562 0.572266 0.0273438 0.015625
0 0.489746 0.394043 0.0322266 0.0146484
0 0.85791 0.28418 0.0224609 0.0292969
0 0.536621 0.548828 0.0302734 0.0234375
0 0.644531 0.449219 0.0273438 0.0234375
0 0.374023 0.728027 0.0429688 0.0166016
0 0.34375 0.360352 0.0449219 0.0175781
0 0.654297 0.343262 0.0234375 0.0283203
0 0.439941 0.708496 0.0244141 0.0205078
0 0.625 0.562988 0.03125 0.0166016
0 0.319336 0.371582 0.0371094 0.0126953
0 0.289551 0.508301 0.0263672 0.0302734
0 0.188965 0.463379 0.0263672 0.0322266
0 0.322266 0.393555 0.0351562 0.0136719
0 0.260742 0.351074 0.0234375 0.0341797
0 0.23291 0.522461 0.0205078 0.0371094
0 0.276855 0.318848 0.0244141 0.0283203
0 0.552734 0.526367 0.0273438 0.0214844
0 0.246582 0.370117 0.0361328 0.0136719
0 0.457031 0.36084 0.0234375 0.0322266
0 0.413086 0.724609 0.0253906 0.0273438
0 0.583008 0.484375 0.0332031 0.0214844
0 0.266602 0.379883 0.0332031 0.0175781
0 0.23877 0.318359 0.0341797 0.015625
0 0.668945 0.440918 0.0332031 0.0263672
0 0.524414 0.458984 0.0332031 0.0234375
0 0.369141 0.702148 0.0214844 0.0371094
0 0.287598 0.490234 0.0380859 0.015625
0 0.499023 0.580078 0.0214844 0.0410156
0 0.377441 0.45752 0.0439453 0.0146484
0 0.550293 0.362793 0.0341797 0.0126953
0 0.240723 0.332031 0.0302734 0.0195312
0 0.431641 0.234863 0.0390625 0.0263672
0 0.555176 0.394043 0.0322266 0.0283203
0 0.446289 0.287598 0.0292969 0.0302734
0 0.341309 0.415039 0.0224609 0.03125
0 0.655762 0.427734 0.0458984 0.015625
0 0.441895 0.381836 0.0185547 0.0332031
0 0.38623 0.541992 0.0322266 0.0175781
0 0.105957 0.626953 0.0380859 0.0273438
0 0.716797 0.371582 0.0390625 0.0146484
0 0.37207 0.396484 0.0332031 0.0214844
0 0.255371 0.474121 0.0283203 0.0224609
0 0.463379 0.431152 0.0263672 0.0166016
0 0.587402 0.341797 0.0380859 0.015625
0 0.550293 0.50293 0.0205078 0.0332031
0 0.487793 0.292969 0.0283203 0.0234375
0 0.86377 0.322754 0.0283203 0.0263672
0 0.689941 0.307617 0.0361328 0.0214844
0 0.354492 0.416016 0.0234375 0.0253906
0 0.074707 0.388672 0.0224609 0.0351562
0 0.30957 0.453125 0.0332031 0.0273438
0 0.389648 0.589355 0.0136719 0.0322266
0 0.662109 0.413574 0.0390625 0.0224609
0 0.498047 0.449707 0.0273438 0.0205078
0 0.598633 0.462402 0.0371094 0.0224609
0 0.36377 0.59668 0.0205078 0.0292969
0 0.436523 0.36377 0.0253906 0.0283203
0 0.705078 0.397461 0.0351562 0.0214844
0 0.573242 0.610352 0.03125 0.0371094
0 0.196289 0.289062 0.0273438 0.0273438
0 0.548828 0.617188 0.0351562 0.0195312
0 0.252441 0.417969 0.0224609 0.0273438
0 0.217773 0.503906 0.0449219 0.0195312
0 0.321289 0.520508 0.0351562 0.0195312
0 0.356445 0.338867 0.0410156 0.0214844
0 0.34082 0.619141 0.0332031 0.0195312
0 0.313965 0.322266 0.0244141 0.0253906
0 0.748047 0.411621 0.0390625 0.0244141
0 0.685547 0.0849609 0.0234375 0.0332031
0 0.630371 0.463379 0.0302734 0.0283203
0 0.523926 0.363281 0.0224609 0.0273438
0 0.352539 0.705566 0.0136719 0.0361328
0 0.523438 0.425781 0.03125 0.0253906
0 0.361816 0.318359 0.0322266 0.0214844
0 0.415039 0.511719 0.0371094 0.0195312
0 0.619141 0.375488 0.03125 0.0263672
0 0.429688 0.489746 0.0429688 0.0166016
0 0.296387 0.368164 0.0322266 0.0214844
0 0.124023 0.335449 0.0292969 0.0380859
0 0.224609 0.439453 0.046875 0.015625
0 0.314453 0.237305 0.03125 0.0214844
0 0.581055 0.538086 0.0253906 0.0332031
0 0.59082 0.501953 0.0371094 0.0175781
0 0.660156 0.468262 0.03125 0.0205078
0 0.432129 0.580078 0.0458984 0.0175781
0 0.847656 0.333496 0.0292969 0.0302734
0 0.180176 0.380371 0.0283203 0.0322266
0 0.39209 0.915527 0.0400391 0.0380859
0 0.572754 0.517578 0.0302734 0.015625
0 0.44043 0.745117 0.0253906 0.0371094
0 0.560547 0.348633 0.03125 0.0214844
0 0.62793 0.344727 0.0371094 0.0136719
0 0.410645 0.368164 0.0322266 0.0253906
0 0.549805 0.314453 0.0410156 0.0136719
0 0.36377 0.51123 0.0146484 0.0322266
0 0.470215 0.55127 0.0205078 0.0322266
0 0.427246 0.25293 0.0302734 0.0253906
0 0.49707 0.414062 0.0371094 0.0195312
0 0.323242 0.218262 0.0371094 0.0224609
0 0.589844 0.314941 0.0292969 0.0244141
0 0.379883 0.414062 0.0332031 0.0332031
0 0.71582 0.285156 0.0410156 0.0195312
0 0.303223 0.269531 0.0322266 0.0390625
0 0.620117 0.264648 0.0332031 0.0273438
0 0.626953 0.504395 0.0351562 0.0302734
0 0.545898 0.458496 0.0253906 0.0400391
0 0.444336 0.41748 0.0195312 0.0283203
0 0.61377 0.575195 0.0380859 0.0214844
0 0.4375 0.32373 0.03125 0.0302734
0 0.270508 0.432617 0.0351562 0.0175781
0 0.339355 0.510742 0.0302734 0.03125
0 0.416504 0.650391 0.0458984 0.015625
0 0.496094 0.629883 0.0390625 0.0253906
0 0.299316 0.220215 0.0322266 0.0302734
0 0.382324 0.668945 0.0263672 0.0273438
0 0.605469 0.401367 0.0214844 0.0273438
0 0.664062 0.536133 0.0390625 0.0292969
0 0.431152 0.615234 0.0361328 0.015625
0 0.62207 0.433105 0.0253906 0.0283203
0 0.463379 0.481445 0.0439453 0.0195312
0 0.675293 0.356445 0.0322266 0.0136719
0 0.303223 0.854492 0.0380859 0.03125
0 0.333984 0.59668 0.0351562 0.0292969
0 0.470703 0.29248 0.0234375 0.0302734
0 0.589355 0.41748 0.0302734 0.0283203
0 0.481445 0.354004 0.0234375 0.0380859
0 0.535156 0.394043 0.0332031 0.0263672
0 0.402832 0.62793 0.0439453 0.0136719
0 0.411133 0.791992 0.0351562 0.0332031
0 0.310059 0.475098 0.0380859 0.0166016
0 0.544922 0.88623 0.0429688 0.0302734
0 0.408691 0.675781 0.0361328 0.0234375
0 0.411621 0.599609 0.0322266 0.0273438
