0 0.467285 0.601562 0.0361328 0.03125
0 0.48291 0.5625 0.0400391 0.0390625
0 0.709473 0.398438 0.0537109 0.0175781
0 0.722656 0.412598 0.046875 0.0244141
0 0.474121 0.424316 0.0361328 0.0400391
0 0.676758 0.39209 0.0605469 0.0205078
0 0.502441 0.42627 0.0537109 0.0322266
0 0.485352 0.611816 0.0371094 0.0322266
0 0.670898 0.409668 0.0644531 0.0205078
0 0.486816 0.45166 0.0341797 0.0302734
0 0.514648 0.389648 0.0644531 0.0214844
0 0.663086 0.448242 0.0410156 0.0292969
0 0.487305 0.671387 0.0488281 0.0400391
0 0.341309 0.62207 0.0576172 0.0410156
0 0.47168 0.581055 0.0429688 0.0332031
0 0.400391 0.555664 0.0507812 0.0410156
0 0.463867 0.258301 0.0566406 0.0419922
0 0.264648 0.711426 0.046875 0.0419922
0 0.627441 0.385742 0.0615234 0.0292969
0 0.187012 0.628906 0.0478516 0.0390625
0 0.495605 0.474609 0.0634766 0.0214844
0 0.272461 0.571289 0.0605469 0.0410156
0 0.614258 0.535156 0.0527344 0.0429688
0 0.480957 0.523926 0.0419922 0.0361328
0 0.103027 0.57959 0.0654297 0.0400391
0 0.363281 0.536133 0.0546875 0.0371094
0 0.412109 0.351074 0.046875 0.0380859
0 0.398438 0.693359 0.0527344 0.0371094
0 0.605469 0.490234 0.0625 0.0351562
0 0.300781 0.526367 0.0664062 0.03125
0 0.158203 0.510742 0.0546875 0.0332031
