0 0.609863 0.304199 0.0224609 0.0478516
0 0.507324 0.258789 0.0263672 0.0449219
0 0.548828 0.430664 0.0351562 0.0273438
0 0.470703 0.308594 0.0273438 0.0195312
0 0.407227 0.188477 0.0136719 0.0507812
0 0.595703 0.758789 0.046875 0.0273438
0 0.382324 0.273926 0.0322266 0.0341797
0 0.572266 0.46875 0.0253906 0.0527344
0 0.662109 0.405273 0.0429688 0.0273438
0 0.657227 0.753906 0.0175781 0.0507812
0 0.631348 0.469238 0.0380859 0.0244141
0 0.535156 0.28418 0.0351562 0.0488281
0 0.484863 0.330566 0.0341797 0.0263672
0 0.477539 0.267578 0.0332031 0.03125
0 0.431641 0.480469 0.03125 0.0351562
0 0.623047 0.27832 0.0214844 0.0625
0 0.406738 0.308105 0.0341797 0.0400391
0 0.342773 0.226562 0.0292969 0.0351562
0 0.527344 0.219238 0.015625 0.0517578
0 0.443848 0.637695 0.0263672 0.0507812
0 0.384277 0.366699 0.0283203 0.0400391
0 0.583496 0.455566 0.0185547 0.0478516
0 0.33252 0.531738 0.0185547 0.0478516
0 0.623047 0.729492 0.0195312 0.0527344
0 0.549805 0.342773 0.0253906 0.0527344
0 0.425293 0.562012 0.0224609 0.0498047
0 0.691406 0.306641 0.0234375 0.0585938
0 0.740234 0.683594 0.0351562 0.0292969
0 0.404785 0.447266 0.0166016 0.0527344
0 0.543945 0.46582 0.0332031 0.0449219
0 0.30127 0.425781 0.0341797 0.0273438
0 0.341309 0.291992 0.0302734 0.0449219
