0 0.53418 0.435059 0.0136719 0.0361328
0 0.55957 0.338379 0.0175781 0.0283203
0 0.440918 0.484863 0.0146484 0.0400391
0 0.429688 0.436035 0.0214844 0.0283203
0 0.463379 0.423828 0.0205078 0.0292969
0 0.532227 0.395996 0.0136719 0.0419922
0 0.574219 0.583984 0.00976562 0.0351562
0 0.384766 0.419922 0.0234375 0.0234375
0 0.484375 0.316406 0.0175781 0.0195312
0 0.464844 0.34375 0.0117188 0.0390625
0 0.530273 0.440918 0.0136719 0.0400391
0 0.555664 0.419434 0.0136719 0.0419922
0 0.40625 0.411621 0.0234375 0.0244141
0 0.544922 0.43457 0.0117188 0.0410156
0 0.57666 0.421387 0.0166016 0.0419922
0 0.508301 0.331055 0.0302734 0.0175781
0 0.479492 0.441406 0.015625 0.0410156
0 0.455078 0.460938 0.03125 0.0273438
0 0.497559 0.390625 0.0244141 0.0292969
0 0.415039 0.481445 0.0214844 0.0390625
0 0.520996 0.367676 0.0205078 0.0205078
0 0.433105 0.40625 0.0205078 0.0273438
0 0.566406 0.570312 0.0117188 0.046875
0 0.428223 0.470703 0.0146484 0.0332031
0 0.444824 0.429688 0.0126953 0.0390625
0 0.447266 0.480469 0.0117188 0.0390625
0 0.472656 0.455566 0.0136719 0.0478516
0 0.591797 0.416992 0.0117188 0.0449219
0 0.519531 0.409668 0.0117188 0.0517578
0 0.42041 0.419922 0.0146484 0.0351562
0 0.544922 0.384766 0.0195312 0.03125
0 0.526367 0.343262 0.0234375 0.0244141
0 0.403809 0.48291 0.0185547 0.0361328
0 0.443848 0.397949 0.0224609 0.0224609
0 0.497559 0.419434 0.0205078 0.0322266
0 0.450195 0.350586 0.0234375 0.0253906
0 0.356934 0.400879 0.0205078 0.0224609
0 0.562988 0.408203 0.0166016 0.0410156
0 0.507812 0.362305 0.0195312 0.0332031
0 0.555664 0.470215 0.0273438 0.0283203
0 0.375 0.395508 0.0273438 0.0234375
0 0.369629 0.466797 0.0205078 0.03125
0 0.49707 0.456543 0.0214844 0.0478516
0 0.544922 0.313965 0.0253906 0.0263672
0 0.432617 0.489258 0.015625 0.0410156
0 0.463379 0.401855 0.0224609 0.0341797
0 0.475586 0.337891 0.0195312 0.0351562
0 0.497559 0.350098 0.0244141 0.0244141
0 0.407227 0.384766 0.0273438 0.03125
0 0.514648 0.44043 0.0195312 0.0410156
0 0.424805 0.373047 0.0273438 0.0234375
0 0.459473 0.492188 0.0224609 0.0429688
0 0.411621 0.509766 0.0263672 0.0253906
0 0.388184 0.494141 0.0166016 0.046875
0 0.586914 0.472168 0.0136719 0.0380859
0 0.477539 0.36377 0.0136719 0.0439453
0 0.544922 0.327148 0.0234375 0.0273438
0 0.382812 0.458984 0.0253906 0.0234375
0 0.613281 0.441895 0.0195312 0.0419922
