0 0.538086 0.356934 0.0410156 0.0302734
0 0.344238 0.59375 0.0478516 0.046875
0 0.475586 0.480957 0.0410156 0.0322266
0 0.53125 0.496094 0.0585938 0.0292969
0 0.535156 0.369141 0.0429688 0.0390625
0 0.393066 0.4375 0.0498047 0.0253906
0 0.799805 0.558594 0.0351562 0.046875
0 0.489258 0.446777 0.0527344 0.0341797
0 0.312988 0.458008 0.0380859 0.0410156
0 0.345215 0.40625 0.0380859 0.0273438
0 0.47168 0.575195 0.0371094 0.0390625
0 0.387207 0.508789 0.0322266 0.0449219
0 0.476562 0.433105 0.0390625 0.0361328
0 0.517578 0.628906 0.0371094 0.0507812
0 0.292969 0.469727 0.0585938 0.0214844
0 0.42041 0.49707 0.0498047 0.0292969
0 0.620117 0.630859 0.0371094 0.0507812
0 0.375977 0.416016 0.0449219 0.0292969
0 0.697754 0.577148 0.0595703 0.0253906
0 0.245605 0.491699 0.0361328 0.0439453
0 0.289062 0.421875 0.0390625 0.0429688
0 0.447266 0.479492 0.0507812 0.0234375
0 0.282227 0.529297 0.0488281 0.0371094
0 0.560547 0.584473 0.0585938 0.0341797
0 0.397461 0.40625 0.0566406 0.0273438
0 0.666016 0.441895 0.0507812 0.0263672
0 0.586914 0.5625 0.0507812 0.0273438
0 0.65918 0.37793 0.0449219 0.0371094
0 0.407715 0.350098 0.0517578 0.0341797
0 0.385742 0.638184 0.0429688 0.0458984
0 0.529297 0.520996 0.0507812 0.0419922
0 0.604004 0.688477 0.0615234 0.0351562
0 0.479004 0.34668 0.0498047 0.0371094
0 0.629395 0.396973 0.0458984 0.0380859
0 0.443848 0.41748 0.0478516 0.0341797
0 0.838867 0.525391 0.0566406 0.0429688
0 0.413086 0.541992 0.0488281 0.0390625
0 0.182129 0.617676 0.0439453 0.0498047
0 0.666504 0.629395 0.0556641 0.0419922
