0 0.521484 0.689941 0.0136719 0.0302734
0 0.515137 0.623047 0.0185547 0.0273438
0 0.523438 0.657715 0.0195312 0.0107422
0 0.487793 0.534668 0.0126953 0.0322266
0 0.5625 0.666016 0.0234375 0.0195312
0 0.473633 0.556641 0.0136719 0.0214844
0 0.541504 0.579102 0.0166016 0.0234375
0 0.493164 0.623047 0.0214844 0.0195312
0 0.578125 0.557617 0.0078125 0.0253906
0 0.577148 0.581055 0.0136719 0.0253906
0 0.546875 0.65332 0.015625 0.0214844
0 0.509766 0.713867 0.0117188 0.0253906
0 0.324707 0.665039 0.0166016 0.0292969
0 0.569336 0.598633 0.0175781 0.0234375
0 0.529297 0.646484 0.0234375 0.0195312
0 0.560547 0.563965 0.0234375 0.0185547
0 0.527344 0.672852 0.0195312 0.00976562
0 0.48291 0.528809 0.0107422 0.0302734
0 0.467773 0.54248 0.0175781 0.0166016
0 0.340332 0.691406 0.0107422 0.0273438
1 0.418945 0.625977 0.0371094 0.0449219
0 0.579102 0.648438 0.00976562 0.0273438
0 0.368164 0.75293 0.00976562 0.0214844
0 0.588867 0.569824 0.0136719 0.0283203
0 0.46875 0.454102 0.0273438 0.0332031
0 0.526367 0.705078 0.0136719 0.0195312
0 0.552734 0.551758 0.0195312 0.0175781
0 0.438477 0.547852 0.0253906 0.0136719
0 0.45166 0.453125 0.00878906 0.0253906
0 0.508789 0.69043 0.015625 0.0292969
0 0.470703 0.524414 0.0175781 0.0136719
0 0.381348 0.632812 0.0126953 0.0273438
0 0.47998 0.73291 0.0107422 0.0263672
0 0.501953 0.53125 0.0136719 0.0273438
0 0.46875 0.768555 0.015625 0.0175781
