0 0.54248 0.415039 0.0595703 0.0175781
0 0.34082 0.666504 0.0214844 0.0380859
0 0.696777 0.349609 0.0498047 0.0273438
0 0.551758 0.712891 0.0292969 0.0273438
0 0.174805 0.591797 0.0546875 0.0234375
0 0.365234 0.900879 0.0429688 0.0205078
0 0.0927734 0.466797 0.0253906 0.0351562
0 0.578125 0.769531 0.0351562 0.015625
0 0.181641 0.58252 0.046875 0.0205078
0 0.265137 0.666016 0.0400391 0.0273438
0 0.611328 0.222656 0.015625 0.0410156
0 0.548828 0.848633 0.0195312 0.0371094
0 0.722656 0.801758 0.0273438 0.0605469
0 0.662598 0.35498 0.0400391 0.0283203
0 0.123047 0.52832 0.0429688 0.0214844
0 0.518555 0.736328 0.0292969 0.0390625
0 0.679199 0.442383 0.0341797 0.0292969
0 0.542969 0.597656 0.0195312 0.0507812
0 0.545898 0.314453 0.0175781 0.0371094
0 0.828125 0.549805 0.0429688 0.03125
0 0.751465 0.384766 0.0439453 0.015625
0 0.49707 0.554688 0.0449219 0.0273438
0 0.78418 0.446289 0.0410156 0.0214844
0 0.750977 0.403809 0.0371094 0.0322266
0 0.569824 0.894043 0.0283203 0.0458984
0 0.557617 0.625977 0.0449219 0.0332031
0 0.856445 0.601562 0.0527344 0.0273438
0 0.675781 0.556152 0.0371094 0.0361328
0 0.373535 0.926758 0.0166016 0.0390625
0 0.379883 0.545898 0.0253906 0.0371094
0 0.606445 0.75293 0.0488281 0.0214844
0 0.19873 0.733398 0.0419922 0.03125
0 0.280762 0.755859 0.0439453 0.0234375
0 0.319336 0.566406 0.0234375 0.0429688
0 0.655273 0.811523 0.0292969 0.0488281
0 0.457031 0.726562 0.0273438 0.0351562
0 0.23584 0.681641 0.0517578 0.0175781
0 0.788574 0.700195 0.0224609 0.0292969
0 0.816406 0.631836 0.046875 0.0332031
0 0.536133 0.840332 0.0332031 0.0263672
0 0.458984 0.356934 0.0429688 0.0283203
0 0.40625 0.637207 0.0351562 0.0205078
0 0.63916 0.775391 0.0244141 0.0410156
0 0.489746 0.761719 0.0283203 0.0351562
0 0.275879 0.507324 0.0556641 0.0439453
0 0.485352 0.469727 0.0351562 0.0332031
0 0.326172 0.795898 0.0234375 0.0605469
0 0.40918 0.261719 0.0371094 0.0332031
0 0.545898 0.241699 0.0332031 0.0302734
0 0.553711 0.54248 0.0371094 0.0302734
0 0.330078 0.394043 0.0234375 0.0380859
0 0.400879 0.284668 0.0400391 0.0263672
0 0.80957 0.51709 0.0527344 0.0205078
0 0.672852 0.689941 0.0371094 0.0419922
0 0.424805 0.802734 0.0390625 0.03125
0 0.465332 0.311035 0.0341797 0.0439453
0 0.693359 0.633789 0.03125 0.0292969
0 0.507324 0.702148 0.0419922 0.0234375
0 0.34082 0.944336 0.0410156 0.0292969
0 0.443848 0.477539 0.0400391 0.0175781
0 0.431641 0.224121 0.0585938 0.0185547
0 0.303711 0.416016 0.0292969 0.0351562
0 0.76709 0.310547 0.0439453 0.0273438
0 0.424805 0.552734 0.0488281 0.0410156
0 0.301758 0.589844 0.0292969 0.0429688
0 0.74707 0.342773 0.0332031 0.0332031
0 0.207031 0.415527 0.03125 0.0283203
0 0.474121 0.572266 0.0419922 0.0273438
0 0.749023 0.772461 0.0371094 0.0292969
0 0.685547 0.88916 0.0429688 0.0283203
0 0.59082 0.275391 0.0410156 0.0273438
0 0.52832 0.160645 0.0292969 0.0283203
0 0.299805 0.714844 0.0527344 0.0195312
0 0.429199 0.914062 0.0419922 0.0351562
0 0.620605 0.90332 0.0556641 0.0214844
0 0.816406 0.588867 0.0390625 0.0292969
0 0.43457 0.585938 0.0449219 0.0234375
0 0.360352 0.620117 0.0214844 0.0449219
0 0.354492 0.364258 0.0527344 0.0292969
0 0.306152 0.458984 0.0361328 0.0273438
0 0.240723 0.739258 0.0341797 0.03125
0 0.508301 0.533203 0.0380859 0.03125
0 0.399902 0.770996 0.0185547 0.0458984
0 0.305176 0.366211 0.0517578 0.0253906
0 0.335938 0.225586 0.0664062 0.0332031
0 0.354004 0.710938 0.0458984 0.0351562
0 0.384766 0.84668 0.0332031 0.0351562
0 0.352051 0.811035 0.0263672 0.0419922
0 0.432617 0.266113 0.0371094 0.0361328
0 0.793945 0.745117 0.0449219 0.0371094
0 0.794434 0.550781 0.0302734 0.0351562
0 0.458008 0.241211 0.0332031 0.0371094
0 0.164551 0.510254 0.0341797 0.0361328
0 0.294434 0.491699 0.0380859 0.0361328
0 0.26123 0.542969 0.0283203 0.0488281
0 0.572754 0.481934 0.0380859 0.0341797
0 0.338867 0.434082 0.0332031 0.0322266
0 0.0200195 0.490723 0.0361328 0.0361328
0 0.22168 0.480469 0.0429688 0.0390625
