0 0.343262 0.3125 0.0419922 0.0546875
0 0.562012 0.404785 0.0400391 0.0615234
0 0.352051 0.291504 0.0478516 0.0458984
0 0.38916 0.59082 0.0458984 0.0371094
0 0.598633 0.484863 0.0273438 0.0595703
0 0.436035 0.736328 0.0400391 0.0449219
0 0.494141 0.577637 0.0546875 0.0380859
0 0.465332 0.667969 0.0478516 0.0351562
0 0.458008 0.452148 0.0371094 0.0605469
0 0.34082 0.731445 0.0527344 0.0332031
0 0.353027 0.177246 0.0341797 0.0751953
0 0.545898 0.713867 0.0449219 0.0605469
0 0.512695 0.630371 0.0449219 0.0478516
0 0.633789 0.637695 0.0371094 0.0546875
0 0.31543 0.195312 0.0429688 0.0605469
0 0.470703 0.557129 0.046875 0.0498047
0 0.370605 0.401367 0.0517578 0.0410156
0 0.260254 0.495605 0.0458984 0.0498047
