0 0.612305 0.793945 0.0410156 0.09375
0 0.74707 0.586426 0.0527344 0.0517578
0 0.587891 0.611816 0.0449219 0.0380859
0 0.536133 0.451172 0.0410156 0.0273438
0 0.686523 0.598633 0.0410156 0.0253906
0 0.571777 0.581055 0.0224609 0.0527344
0 0.617188 0.340332 0.0390625 0.0283203
0 0.548828 0.59082 0.0351562 0.0292969
0 0.68457 0.615234 0.0390625 0.0234375
0 0.399414 0.589844 0.0332031 0.0585938
0 0.582031 0.383789 0.0234375 0.0488281
0 0.8125 0.580078 0.0332031 0.03125
0 0.513672 0.639648 0.0195312 0.0410156
0 0.300781 0.718262 0.0410156 0.0380859
0 0.48584 0.405762 0.0302734 0.0478516
0 0.548828 0.492676 0.0390625 0.0400391
0 0.489258 0.642578 0.0332031 0.0351562
0 0.914062 0.526367 0.0390625 0.0488281
0 0.474609 0.67041 0.0390625 0.0458984
0 0.890625 0.538086 0.0371094 0.0371094
0 0.345703 0.71582 0.0390625 0.0371094
0 0.490723 0.325684 0.0322266 0.0576172
0 0.240723 0.731934 0.0341797 0.0498047
0 0.651367 0.627441 0.0410156 0.0361328
0 0.687012 0.683594 0.0263672 0.0449219
0 0.42627 0.682617 0.0400391 0.0292969
0 0.217773 0.611328 0.0292969 0.0449219
0 0.567383 0.760254 0.0371094 0.0361328
0 0.285645 0.556152 0.0380859 0.0244141
0 0.177246 0.338867 0.0400391 0.046875
