0 0.311035 0.596191 0.0244141 0.0458984
0 0.319824 0.639648 0.0283203 0.0488281
0 0.324219 0.527832 0.0195312 0.0556641
0 0.402344 0.402832 0.0234375 0.0400391
0 0.316895 0.407715 0.0283203 0.0498047
0 0.474121 0.420898 0.0283203 0.0429688
0 0.397461 0.673828 0.0175781 0.0507812
0 0.501953 0.652832 0.0214844 0.0498047
0 0.283203 0.471191 0.0234375 0.0517578
0 0.49707 0.381836 0.0214844 0.0507812
0 0.654297 0.682617 0.0273438 0.0332031
0 0.451172 0.441406 0.0214844 0.0566406
0 0.403809 0.527344 0.0263672 0.03125
0 0.438477 0.721191 0.0195312 0.0537109
0 0.394043 0.536133 0.0205078 0.0371094
0 0.381836 0.413574 0.0273438 0.0439453
0 0.435059 0.457031 0.0166016 0.0546875
0 0.362793 0.274902 0.0205078 0.0517578
0 0.456543 0.699219 0.0205078 0.046875
0 0.411133 0.538086 0.03125 0.0488281
0 0.384766 0.356934 0.0195312 0.0439453
0 0.38916 0.347656 0.0185547 0.046875
0 0.258789 0.638184 0.0175781 0.0556641
0 0.294922 0.575195 0.0273438 0.0449219
0 0.334473 0.472656 0.0185547 0.0546875
0 0.475586 0.366211 0.0253906 0.0371094
0 0.447266 0.356445 0.0234375 0.0507812
0 0.326172 0.668945 0.0234375 0.0527344
0 0.333008 0.36377 0.0214844 0.0439453
0 0.400879 0.424805 0.0244141 0.0410156
0 0.371582 0.511719 0.0205078 0.046875
0 0.318848 0.435059 0.0244141 0.0322266
0 0.416504 0.439941 0.0224609 0.0458984
0 0.38623 0.555664 0.0185547 0.0488281
0 0.493164 0.466797 0.0214844 0.0527344
0 0.401367 0.582031 0.0214844 0.046875
0 0.439453 0.302246 0.0195312 0.0380859
0 0.368164 0.577148 0.0214844 0.0449219
0 0.368164 0.682617 0.0253906 0.0449219
0 0.313477 0.349609 0.0273438 0.0429688
0 0.264648 0.628906 0.0175781 0.0546875
0 0.392578 0.759277 0.0234375 0.0380859
0 0.374023 0.456543 0.0234375 0.0419922
0 0.359375 0.354004 0.0195312 0.0458984
0 0.385742 0.768066 0.0175781 0.0478516
0 0.317383 0.774414 0.0234375 0.0449219
0 0.296875 0.529297 0.0273438 0.0507812
0 0.324219 0.347168 0.0234375 0.0380859
0 0.417969 0.668945 0.0234375 0.0410156
0 0.522461 0.23877 0.0253906 0.0361328
0 0.356445 0.726074 0.0234375 0.0400391
0 0.551758 0.712891 0.0253906 0.0429688
0 0.515625 0.411621 0.0175781 0.0498047
0 0.259277 0.505859 0.0302734 0.03125
0 0.470215 0.791504 0.0185547 0.0517578
0 0.381348 0.50293 0.0166016 0.0429688
0 0.673828 0.557617 0.0273438 0.0410156
0 0.359863 0.630859 0.0263672 0.0429688
0 0.404785 0.725586 0.0224609 0.0449219
0 0.490234 0.306641 0.0234375 0.03125
0 0.436523 0.598633 0.0253906 0.0449219
0 0.487305 0.666504 0.0253906 0.0498047
0 0.416016 0.790039 0.0292969 0.0292969
0 0.427246 0.312012 0.0263672 0.0341797
0 0.442871 0.749023 0.0205078 0.0488281
0 0.328613 0.61377 0.0205078 0.0517578
0 0.535156 0.522461 0.0234375 0.046875
0 0.411133 0.34375 0.0253906 0.0292969
0 0.468262 0.757812 0.0302734 0.0390625
0 0.391602 0.255371 0.0214844 0.0341797
0 0.370605 0.541992 0.0244141 0.0410156
0 0.35791 0.475586 0.0166016 0.0429688
0 0.369141 0.330078 0.015625 0.046875
0 0.213379 0.643555 0.0283203 0.0527344
0 0.265137 0.536133 0.0263672 0.0332031
0 0.402344 0.642578 0.0273438 0.0390625
0 0.287598 0.620605 0.0224609 0.0498047
0 0.248047 0.46582 0.0253906 0.046875
0 0.392578 0.311035 0.0195312 0.0439453
0 0.340332 0.51416 0.0244141 0.0419922
0 0.501953 0.513184 0.0214844 0.0498047
0 0.456543 0.511719 0.0185547 0.0429688
0 0.474121 0.490723 0.0166016 0.0498047
