0 0.773438 0.487793 0.109375 0.0244141
0 0.896484 0.275879 0.046875 0.0654297
0 0.352051 0.272949 0.0439453 0.0419922
0 0.215332 0.239746 0.0634766 0.0361328
0 0.270508 0.284668 0.0898438 0.0244141
0 0.491699 0.655273 0.0849609 0.0410156
0 0.165039 0.234863 0.0449219 0.0517578
0 0.194824 0.242188 0.0458984 0.0390625
0 0.662109 0.636719 0.0839844 0.0234375
0 0.0986328 0.382812 0.0996094 0.03125
0 0.926758 0.284668 0.0371094 0.0498047
0 0.151855 0.458496 0.120117 0.0283203
0 0.895508 0.244141 0.0566406 0.0546875
0 0.614258 0.248535 0.0761719 0.0263672
0 0.429688 0.59375 0.113281 0.0273438
0 0.347656 0.606934 0.09375 0.0361328
0 0.298828 0.597656 0.09375 0.0273438
0 0.236816 0.607422 0.104492 0.0273438
0 0.592285 0.270508 0.0810547 0.0332031
0 0.306152 0.299805 0.0986328 0.0253906
0 0.619141 0.616211 0.0429688 0.0527344
0 0.568359 0.186523 0.121094 0.0351562
0 0.738281 0.625 0.121094 0.046875
0 0.150879 0.443848 0.116211 0.0419922
0 0.658203 0.283691 0.0703125 0.0576172
0 0.23584 0.630859 0.110352 0.0449219
0 0.200195 0.501953 0.0683594 0.0585938
0 0.411621 0.290039 0.120117 0.03125
0 0.401855 0.632324 0.0947266 0.0361328
0 0.569336 0.59668 0.0644531 0.0839844
0 0.624023 0.306152 0.0878906 0.0224609
0 0.794434 0.494629 0.0947266 0.0302734
0 0.716797 0.230469 0.09375 0.0214844
0 0.344238 0.638672 0.0986328 0.0410156
0 0.159668 0.270996 0.104492 0.0283203
0 0.483887 0.62793 0.104492 0.0292969
0 0.269043 0.241211 0.0478516 0.0488281
0 0.334473 0.445312 0.100586 0.0253906
0 0.164062 0.385742 0.125 0.0371094
0 0.710938 0.661133 0.046875 0.0605469
0 0.986328 0.550781 0.0273438 0.0507812
0 0.494141 0.580078 0.0703125 0.0683594
0 0.271973 0.499023 0.0947266 0.0332031
0 0.87793 0.345703 0.0449219 0.046875
0 0.601562 0.215332 0.078125 0.0556641
0 0.644531 0.452148 0.0957031 0.0449219
0 0.428711 0.505859 0.103516 0.0273438
0 0.417969 0.52832 0.09375 0.0410156
0 0.958008 0.512207 0.0839844 0.0458984
0 0.207031 0.182129 0.0976562 0.0322266
0 0.0170898 0.243164 0.0322266 0.0488281
0 0.0410156 0.286621 0.0820312 0.0322266
0 0.410645 0.401367 0.0771484 0.0527344
0 0.613281 0.649414 0.0898438 0.0488281
0 0.758301 0.282227 0.0830078 0.03125
0 0.65918 0.602539 0.0625 0.0566406
0 0.920898 0.494141 0.0742188 0.0546875
0 0.117676 0.414551 0.0771484 0.0458984
0 0.441406 0.248047 0.109375 0.03125
0 0.144043 0.202637 0.0888672 0.0498047
0 0.799805 0.21875 0.0917969 0.0507812
0 0.522949 0.276855 0.0654297 0.0498047
0 0.519531 0.355469 0.121094 0.03125
0 0.321777 0.471191 0.124023 0.0341797
0 0.0727539 0.419434 0.0712891 0.0478516
0 0.635254 0.161133 0.116211 0.0371094
0 0.682617 0.27002 0.0683594 0.0498047
0 0.503906 0.475586 0.078125 0.0527344
0 0.177734 0.294434 0.0722656 0.0458984
0 0.839844 0.388184 0.0664062 0.0673828
0 0.900391 0.373535 0.0546875 0.0556641
0 0.521973 0.244141 0.0947266 0.0371094
0 0.248535 0.209961 0.0595703 0.0527344
0 0.763672 0.416992 0.0429688 0.0566406
0 0.115723 0.299316 0.0693359 0.0478516
0 0.532715 0.149902 0.0693359 0.0537109
0 0.496094 0.116699 0.09375 0.0517578
0 0.378906 0.258301 0.0664062 0.0615234
0 0.757812 0.249512 0.078125 0.0439453
0 0.916992 0.579102 0.0917969 0.0332031
0 0.0957031 0.204102 0.078125 0.0507812
0 0.838379 0.26123 0.0634766 0.0439453
0 0.310547 0.259766 0.0703125 0.0449219
0 0.678711 0.369141 0.0761719 0.0507812
0 0.710938 0.192871 0.0703125 0.0595703
0 0.864746 0.651367 0.0458984 0.0566406
0 0.0849609 0.268066 0.0546875 0.0537109
0 0.806641 0.459961 0.0976562 0.0332031
0 0.335449 0.160645 0.0576172 0.0498047
0 0.883789 0.462402 0.0761719 0.0400391
0 0.188477 0.347656 0.0683594 0.0566406
0 0.62207 0.388672 0.0839844 0.0429688
0 0.600586 0.449219 0.0605469 0.0449219
0 0.302734 0.20752 0.0625 0.0556641
0 0.552246 0.394043 0.0966797 0.0380859
0 0.881836 0.428223 0.0996094 0.0283203
0 0.499512 0.441895 0.0849609 0.0439453
0 0.415039 0.361328 0.0878906 0.0429688
0 0.786133 0.177246 0.0859375 0.0439453
