0 0.501953 0.337402 0.015625 0.0166016
0 0.576172 0.408691 0.0117188 0.0302734
0 0.516113 0.423828 0.0185547 0.0234375
0 0.521484 0.582031 0.015625 0.0273438
0 0.394043 0.424316 0.0107422 0.0283203
0 0.466797 0.575195 0.015625 0.0332031
0 0.616699 0.628906 0.0107422 0.0273438
0 0.558594 0.629883 0.0117188 0.0253906
0 0.554688 0.604492 0.0195312 0.0253906
0 0.458984 0.58252 0.0117188 0.0263672
0 0.457031 0.529297 0.0117188 0.0234375
0 0.605957 0.624023 0.0126953 0.0292969
0 0.411133 0.418945 0.0234375 0.0175781
0 0.47168 0.474121 0.0214844 0.0166016
0 0.405273 0.425781 0.0175781 0.0234375
0 0.553711 0.392578 0.00976562 0.0234375
0 0.461426 0.624023 0.0185547 0.0175781
0 0.441406 0.617188 0.0195312 0.015625
0 0.48584 0.305664 0.0205078 0.0136719
0 0.581543 0.581055 0.0205078 0.0136719
0 0.425293 0.620117 0.0166016 0.0234375
0 0.397461 0.480469 0.00976562 0.0234375
0 0.560547 0.26123 0.015625 0.0244141
0 0.541016 0.270508 0.00976562 0.0253906
0 0.552246 0.245117 0.0205078 0.0117188
0 0.405762 0.580078 0.0146484 0.0214844
0 0.502441 0.636719 0.0205078 0.0175781
0 0.423828 0.533691 0.00976562 0.0283203
0 0.563477 0.378906 0.0136719 0.0234375
0 0.4375 0.547852 0.0117188 0.0253906
0 0.55957 0.393555 0.0136719 0.0214844
0 0.614746 0.606934 0.0185547 0.0205078
0 0.597168 0.611328 0.0166016 0.0292969
0 0.533691 0.292969 0.0146484 0.0253906
0 0.510742 0.640625 0.0175781 0.0195312
0 0.524414 0.448242 0.0214844 0.0214844
0 0.455566 0.512207 0.0244141 0.0146484
0 0.520508 0.40332 0.0214844 0.0175781
0 0.414062 0.455078 0.0117188 0.0273438
0 0.430176 0.512695 0.0107422 0.0273438
0 0.370117 0.455078 0.0136719 0.0234375
0 0.472168 0.520508 0.0205078 0.0136719
0 0.418945 0.560059 0.0214844 0.0283203
0 0.478027 0.456543 0.0263672 0.0224609
0 0.541016 0.246094 0.0214844 0.0195312
0 0.530273 0.509766 0.0175781 0.015625
0 0.456055 0.469238 0.0175781 0.0185547
0 0.438477 0.381348 0.0214844 0.0146484
0 0.583984 0.537109 0.0078125 0.03125
0 0.434082 0.496582 0.0185547 0.0224609
0 0.546875 0.333984 0.0234375 0.015625
0 0.408691 0.432129 0.0185547 0.0244141
0 0.583008 0.404297 0.0136719 0.0273438
0 0.550781 0.44043 0.0175781 0.0234375
0 0.549805 0.632812 0.00976562 0.0273438
0 0.519531 0.63623 0.0175781 0.0224609
0 0.572266 0.615234 0.0214844 0.0117188
0 0.443359 0.42334 0.0234375 0.0166016
0 0.44043 0.518555 0.00976562 0.0292969
0 0.479492 0.506348 0.00976562 0.0302734
0 0.576172 0.266602 0.015625 0.0253906
0 0.555664 0.58252 0.0175781 0.0126953
0 0.524414 0.347656 0.0175781 0.0117188
0 0.59375 0.415527 0.0234375 0.0185547
0 0.557617 0.293945 0.0117188 0.0410156
0 0.404297 0.603027 0.0136719 0.0302734
0 0.603516 0.583984 0.0195312 0.0195312
0 0.504883 0.442383 0.0136719 0.0253906
0 0.494629 0.274414 0.0205078 0.0136719
0 0.472168 0.322266 0.0205078 0.015625
0 0.475098 0.345215 0.0107422 0.0361328
0 0.540527 0.371094 0.0166016 0.0234375
0 0.499023 0.293457 0.0136719 0.0244141
0 0.543945 0.302246 0.00976562 0.0302734
0 0.503418 0.42334 0.0166016 0.0146484
0 0.567383 0.263184 0.015625 0.0244141
0 0.504883 0.499512 0.0175781 0.0263672
0 0.478516 0.629395 0.015625 0.0283203
0 0.517578 0.65332 0.0195312 0.0214844
0 0.600586 0.368164 0.0253906 0.015625
0 0.52002 0.322754 0.00878906 0.0263672
0 0.547852 0.273438 0.0136719 0.0273438
0 0.485352 0.57373 0.0195312 0.0263672
0 0.508301 0.38916 0.0126953 0.0302734
0 0.47168 0.428223 0.0175781 0.0185547
0 0.44043 0.387695 0.0214844 0.0214844
0 0.509766 0.283203 0.015625 0.0234375
0 0.411133 0.478027 0.0136719 0.0283203
0 0.50293 0.620117 0.0195312 0.0214844
0 0.4375 0.446289 0.0214844 0.0175781
0 0.436523 0.575195 0.0175781 0.0253906
0 0.415527 0.500488 0.0166016 0.0224609
0 0.451172 0.453613 0.0117188 0.0244141
0 0.584473 0.438965 0.0146484 0.0322266
0 0.567383 0.312988 0.0214844 0.0166016
0 0.532715 0.228027 0.0126953 0.0322266
0 0.529785 0.357422 0.0166016 0.0195312
0 0.40918 0.543945 0.0117188 0.0292969
0 0.375977 0.431152 0.0214844 0.0146484
0 0.384766 0.478516 0.0195312 0.0195312
0 0.484863 0.363281 0.00878906 0.0273438
0 0.541016 0.23877 0.0195312 0.0185547
0 0.540039 0.25293 0.0214844 0.0136719
0 0.539551 0.396484 0.0205078 0.0136719
0 0.489258 0.520508 0.0117188 0.0292969
0 0.523926 0.467285 0.0244141 0.0166016
0 0.578125 0.51709 0.0234375 0.0224609
0 0.52832 0.276855 0.0175781 0.0205078
0 0.40918 0.380371 0.0214844 0.0146484
0 0.555664 0.162109 0.0136719 0.03125
0 0.583008 0.379395 0.0253906 0.0205078
0 0.553223 0.220215 0.0185547 0.0205078
0 0.489746 0.685547 0.0166016 0.0234375
