0 0.424805 0.625 0.015625 0.0390625
0 0.447754 0.542969 0.0126953 0.0429688
0 0.432617 0.63623 0.0136719 0.0439453
0 0.487305 0.543457 0.0410156 0.0302734
0 0.433594 0.600586 0.0273438 0.0488281
0 0.443848 0.42627 0.0146484 0.0419922
0 0.479492 0.566406 0.0449219 0.0234375
0 0.361328 0.403809 0.03125 0.0341797
0 0.44043 0.716797 0.0136719 0.0546875
0 0.432617 0.722656 0.0214844 0.0429688
0 0.435059 0.395996 0.0146484 0.0537109
0 0.433594 0.519531 0.0195312 0.0507812
0 0.481934 0.625 0.0185547 0.0664062
0 0.413574 0.519043 0.0185547 0.0595703
0 0.436523 0.558594 0.0195312 0.046875
0 0.354492 0.382324 0.0175781 0.0361328
0 0.447266 0.661621 0.0234375 0.0556641
0 0.431152 0.446289 0.0166016 0.0585938
0 0.435059 0.288574 0.0205078 0.0732422
0 0.446289 0.374023 0.0175781 0.0566406
0 0.458984 0.515625 0.015625 0.0546875
0 0.408691 0.466309 0.0244141 0.0517578
0 0.480957 0.410156 0.0244141 0.046875
