0 0.074707 0.656738 0.131836 0.0830078
0 0.527832 0.464844 0.108398 0.105469
0 0.269531 0.545898 0.128906 0.0527344
0 0.944336 0.459961 0.0800781 0.103516
0 0.138672 0.580078 0.125 0.0976562
0 0.597168 0.521484 0.135742 0.0898438
0 0.754883 0.671875 0.078125 0.0976562
0 0.455566 0.633789 0.0908203 0.103516
0 0.452637 0.467285 0.0947266 0.112305
0 0.376953 0.458008 0.101562 0.134766
0 0.398926 0.794922 0.114258 0.0859375
0 0.48291 0.817383 0.104492 0.111328
0 0.643555 0.712891 0.103516 0.0859375
