0 0.620117 0.3125 0.0332031 0.0214844
0 0.648438 0.444824 0.0390625 0.0244141
0 0.442871 0.42041 0.0380859 0.0224609
0 0.629883 0.394043 0.0253906 0.0517578
0 0.546875 0.666992 0.046875 0.0332031
0 0.652344 0.562988 0.0195312 0.0576172
0 0.539551 0.525879 0.0419922 0.0263672
0 0.336914 0.457031 0.0292969 0.0429688
0 0.620605 0.5625 0.0361328 0.03125
0 0.46875 0.612305 0.0351562 0.0371094
0 0.441895 0.56543 0.0224609 0.046875
0 0.478516 0.792969 0.0332031 0.0546875
0 0.59668 0.651367 0.03125 0.0566406
0 0.654297 0.776367 0.0351562 0.0527344
0 0.511719 0.545898 0.0371094 0.0332031
0 0.416992 0.59082 0.0175781 0.0527344
