0 0.505859 0.481445 0.0195312 0.0234375
0 0.43457 0.679688 0.0292969 0.0195312
0 0.434082 0.659668 0.0341797 0.0263672
0 0.553711 0.328613 0.0351562 0.0185547
0 0.336426 0.654785 0.0146484 0.0439453
0 0.428711 0.32373 0.0234375 0.0419922
0 0.37793 0.51416 0.0292969 0.0537109
0 0.473633 0.390137 0.0273438 0.0185547
0 0.391602 0.374023 0.0175781 0.0371094
0 0.588379 0.482422 0.0302734 0.0195312
0 0.498535 0.522461 0.0126953 0.0371094
0 0.48291 0.430664 0.0322266 0.0214844
0 0.317383 0.403809 0.0253906 0.0361328
0 0.429199 0.559082 0.0302734 0.0361328
0 0.530762 0.372559 0.0322266 0.0244141
0 0.605469 0.584473 0.0351562 0.0224609
0 0.529785 0.498047 0.0263672 0.0273438
0 0.53418 0.69043 0.0332031 0.0253906
0 0.614746 0.407715 0.0185547 0.0380859
0 0.645508 0.486816 0.0214844 0.0361328
