0 0.489258 0.279785 0.0136719 0.0654297
0 0.500977 0.736328 0.0195312 0.0390625
0 0.487793 0.727539 0.0224609 0.0488281
0 0.555664 0.312012 0.0292969 0.0244141
0 0.521973 0.80127 0.0302734 0.0517578
0 0.497559 0.396484 0.0283203 0.0253906
0 0.476074 0.464844 0.0146484 0.0488281
0 0.479004 0.500977 0.0126953 0.0507812
0 0.584961 0.387695 0.0136719 0.0449219
0 0.545898 0.447266 0.0234375 0.0351562
0 0.57959 0.503906 0.0244141 0.0273438
0 0.512207 0.469727 0.0244141 0.0273438
0 0.553711 0.506348 0.0136719 0.0419922
0 0.590332 0.689453 0.0146484 0.0507812
0 0.521484 0.495605 0.0195312 0.0419922
0 0.508789 0.360352 0.0175781 0.0488281
0 0.512695 0.226074 0.0136719 0.0498047
0 0.514648 0.183594 0.0253906 0.046875
