0 0.388184 0.456055 0.0498047 0.0332031
0 0.418945 0.569336 0.0253906 0.0800781
0 0.460938 0.558594 0.0351562 0.0585938
0 0.355957 0.404297 0.0556641 0.0585938
0 0.181641 0.0771484 0.0585938 0.0664062
0 0.472168 0.433105 0.0576172 0.0400391
0 0.466797 0.499023 0.0351562 0.0546875
0 0.446777 0.306152 0.0654297 0.0537109
0 0.27002 0.151367 0.0322266 0.0859375
0 0.488281 0.547852 0.0546875 0.0410156
0 0.512695 0.516602 0.0410156 0.0644531
0 0.445312 0.568848 0.0292969 0.0712891
0 0.551758 0.531738 0.0449219 0.0810547
0 0.516113 0.483398 0.0419922 0.0527344
0 0.491211 0.510254 0.0351562 0.0595703
0 0.44043 0.149414 0.0605469 0.0429688
0 0.427246 0.469727 0.0517578 0.0234375
0 0.731445 0.129395 0.0429688 0.0927734
0 0.437012 0.355469 0.0576172 0.0507812
0 0.408203 0.525391 0.0507812 0.0371094
0 0.65332 0.399414 0.0332031 0.0761719
0 0.445801 0.507324 0.0419922 0.0439453
0 0.628418 0.459961 0.0458984 0.0566406
0 0.435059 0.647461 0.0302734 0.0878906
0 0.702637 0.0859375 0.0361328 0.0976562
0 0.381836 0.486816 0.0410156 0.0537109
0 0.540039 0.590332 0.0410156 0.0712891
0 0.578613 0.387695 0.0263672 0.0898438
0 0.548828 0.773438 0.0585938 0.0625
0 0.78418 0.251465 0.0332031 0.0986328
0 0.512695 0.104004 0.0546875 0.0693359
0 0.697266 0.172852 0.0351562 0.0839844
0 0.477051 0.615234 0.0654297 0.0585938
0 0.706055 0.220215 0.0800781 0.0498047
0 0.792969 0.146973 0.0507812 0.0791016
