0 0.481445 0.541016 0.0371094 0.0898438
0 0.478516 0.610352 0.0195312 0.0585938
0 0.583984 0.665527 0.0546875 0.0341797
0 0.552734 0.572266 0.0195312 0.0507812
0 0.536133 0.594727 0.0253906 0.103516
0 0.44043 0.580078 0.0332031 0.0351562
0 0.492188 0.561035 0.0527344 0.12207
0 0.395508 0.538574 0.0253906 0.0986328
0 0.410156 0.662109 0.0585938 0.0546875
0 0.350586 0.545898 0.0292969 0.0703125
0 0.460938 0.550293 0.03125 0.0869141
0 0.750977 0.562988 0.0605469 0.0380859
0 0.415527 0.560547 0.0224609 0.0878906
0 0.435059 0.520508 0.0205078 0.0839844
0 0.351074 0.636719 0.0400391 0.0625
0 0.681152 0.555176 0.0615234 0.0341797
0 0.541992 0.65332 0.0488281 0.0390625
0 0.570312 0.65332 0.0507812 0.0488281
0 0.629883 0.55127 0.0332031 0.0849609
0 0.375977 0.524902 0.0390625 0.0966797
0 0.384766 0.436035 0.0585938 0.0400391
0 0.55957 0.527832 0.0703125 0.0400391
0 0.64502 0.659668 0.0712891 0.0322266
0 0.675781 0.586914 0.0585938 0.0410156
0 0.483398 0.653809 0.0488281 0.0615234
0 0.511719 0.65332 0.0351562 0.0664062
0 0.321777 0.621582 0.0556641 0.0693359
0 0.59668 0.538086 0.0371094 0.0722656
0 0.42334 0.474121 0.0322266 0.0830078
0 0.556641 0.615234 0.0507812 0.0429688
0 0.716797 0.522461 0.0664062 0.0527344
0 0.641602 0.629883 0.0644531 0.0332031
0 0.438477 0.615234 0.0683594 0.0429688
0 0.304688 0.574707 0.0683594 0.0341797
0 0.374512 0.599121 0.0556641 0.0810547
0 0.345703 0.444336 0.0429688 0.0820312
0 0.599609 0.583984 0.0390625 0.078125
0 0.325684 0.494629 0.0322266 0.0986328
0 0.706055 0.618164 0.0605469 0.0605469
0 0.351074 0.369629 0.0595703 0.0908203
0 0.474609 0.474609 0.0546875 0.0683594
