0 0.200195 0.429688 0.0566406 0.0332031
0 0.650879 0.72168 0.0537109 0.0332031
0 0.748047 0.567871 0.0390625 0.0419922
0 0.194336 0.399902 0.0585938 0.0361328
0 0.476562 0.691406 0.0625 0.0273438
0 0.513184 0.332031 0.0283203 0.0429688
0 0.428711 0.20752 0.0527344 0.0380859
0 0.583008 0.425781 0.0605469 0.0234375
0 0.316406 0.503418 0.0722656 0.0322266
0 0.274902 0.495117 0.0537109 0.0332031
0 0.754883 0.502441 0.0683594 0.0263672
0 0.699219 0.510742 0.0625 0.0253906
0 0.774414 0.576172 0.0605469 0.03125
0 0.290527 0.224609 0.0654297 0.03125
0 0.458984 0.300781 0.0664062 0.0273438
0 0.397461 0.667969 0.0449219 0.0429688
0 0.793945 0.642578 0.0449219 0.0371094
0 0.607422 0.319336 0.0625 0.0292969
0 0.507812 0.574219 0.0292969 0.0507812
0 0.644043 0.287109 0.0439453 0.0214844
0 0.557617 0.301758 0.0605469 0.0273438
0 0.635742 0.308594 0.0488281 0.0214844
0 0.751953 0.308105 0.0390625 0.0361328
0 0.136719 0.61377 0.0585938 0.0341797
0 0.620605 0.817383 0.0712891 0.0292969
0 0.368652 0.523438 0.0576172 0.0371094
0 0.256836 0.293457 0.046875 0.0458984
0 0.567871 0.416504 0.0693359 0.0244141
0 0.816895 0.369629 0.0478516 0.0224609
0 0.431152 0.772461 0.0380859 0.0488281
0 0.506836 0.439453 0.0566406 0.0273438
0 0.370117 0.38916 0.0292969 0.0517578
0 0.729004 0.380371 0.0595703 0.0224609
0 0.574707 0.229492 0.0537109 0.0234375
0 0.42627 0.195801 0.0478516 0.0283203
0 0.475098 0.599121 0.0419922 0.0458984
0 0.68457 0.257812 0.0449219 0.0234375
0 0.0981445 0.645508 0.0458984 0.0605469
0 0.411133 0.705078 0.0605469 0.0351562
0 0.617188 0.73291 0.0449219 0.0380859
0 0.777832 0.784668 0.0400391 0.0458984
0 0.267578 0.61084 0.0488281 0.0439453
0 0.65918 0.432617 0.0546875 0.0253906
0 0.59082 0.250977 0.0292969 0.0273438
0 0.126465 0.48877 0.0751953 0.0322266
0 0.668945 0.232422 0.0488281 0.0214844
0 0.709473 0.787109 0.0595703 0.0332031
0 0.782227 0.52832 0.0449219 0.0371094
0 0.424805 0.522461 0.0429688 0.0488281
0 0.697754 0.768555 0.0595703 0.0292969
0 0.429688 0.631836 0.046875 0.0449219
0 0.334473 0.317383 0.0576172 0.0292969
0 0.680664 0.727539 0.0566406 0.0332031
0 0.822266 0.509766 0.0390625 0.0429688
0 0.602539 0.442383 0.0488281 0.0273438
0 0.785645 0.279297 0.0341797 0.0332031
0 0.5625 0.331543 0.03125 0.0400391
0 0.567383 0.524414 0.0410156 0.0449219
0 0.242676 0.720703 0.0439453 0.03125
0 0.134766 0.63623 0.0546875 0.0341797
0 0.613281 0.251953 0.03125 0.0351562
0 0.5625 0.661133 0.0273438 0.046875
0 0.655273 0.480469 0.0410156 0.0429688
0 0.74707 0.318359 0.0351562 0.0332031
0 0.611816 0.218262 0.0361328 0.0224609
0 0.701172 0.448242 0.0488281 0.0292969
0 0.264648 0.532227 0.0332031 0.0527344
0 0.59375 0.347168 0.0429688 0.0341797
0 0.320312 0.256836 0.0566406 0.0332031
0 0.633789 0.654785 0.0410156 0.0419922
0 0.635742 0.368164 0.0566406 0.0195312
0 0.669922 0.291016 0.0292969 0.0410156
0 0.556641 0.371582 0.0429688 0.0283203
0 0.282715 0.557617 0.0419922 0.0488281
0 0.35791 0.772461 0.0419922 0.0488281
0 0.639648 0.23291 0.0292969 0.0341797
0 0.571289 0.555176 0.0371094 0.0458984
0 0.472656 0.775391 0.0546875 0.0332031
0 0.646484 0.401367 0.046875 0.0332031
0 0.613281 0.59668 0.0703125 0.0332031
0 0.520508 0.464844 0.0625 0.0273438
0 0.387207 0.621582 0.0673828 0.0302734
0 0.487305 0.19043 0.0566406 0.03125
0 0.810547 0.548828 0.0332031 0.0449219
0 0.661133 0.56543 0.0644531 0.0332031
0 0.29248 0.290527 0.0556641 0.0439453
0 0.48877 0.733887 0.0556641 0.0263672
0 0.369629 0.665039 0.0400391 0.0527344
0 0.647461 0.540039 0.0625 0.0273438
0 0.251465 0.681641 0.0458984 0.0507812
0 0.654785 0.256348 0.0224609 0.0400391
0 0.584473 0.399902 0.0576172 0.0244141
0 0.609375 0.574219 0.0605469 0.03125
0 0.428223 0.438965 0.0712891 0.0263672
0 0.193848 0.740234 0.0419922 0.0410156
0 0.508789 0.369629 0.0488281 0.0283203
0 0.19873 0.543945 0.0576172 0.0390625
0 0.369141 0.225586 0.0527344 0.0292969
0 0.341309 0.23877 0.0244141 0.0517578
0 0.14502 0.445801 0.0419922 0.0458984
0 0.239258 0.757324 0.0605469 0.0283203
0 0.695312 0.487793 0.0625 0.0322266
0 0.297852 0.596191 0.0371094 0.0517578
0 0.710449 0.836426 0.0595703 0.0341797
0 0.509766 0.52002 0.0351562 0.0576172
0 0.117676 0.539551 0.0478516 0.0419922
0 0.607422 0.836914 0.0742188 0.0234375
0 0.806641 0.755859 0.0664062 0.0371094
0 0.42041 0.566895 0.0556641 0.0419922
0 0.816406 0.464844 0.0507812 0.0234375
0 0.832031 0.362305 0.0332031 0.0449219
0 0.84082 0.540039 0.0488281 0.0332031
0 0.289551 0.470215 0.0576172 0.0341797
0 0.679688 0.839844 0.0644531 0.0429688
0 0.330566 0.792969 0.0556641 0.03125
0 0.726562 0.74707 0.0429688 0.0371094
0 0.222656 0.587891 0.0527344 0.03125
0 0.492676 0.224121 0.0419922 0.0361328
0 0.547852 0.443848 0.0605469 0.0283203
0 0.822266 0.592773 0.0507812 0.0214844
0 0.710938 0.351562 0.0625 0.03125
0 0.160156 0.348145 0.0507812 0.0205078
0 0.658691 0.786133 0.0537109 0.0371094
0 0.196777 0.467285 0.0419922 0.0517578
0 0.606934 0.271484 0.0400391 0.0332031
0 0.816406 0.766113 0.0585938 0.0244141
0 0.825195 0.679199 0.0605469 0.0478516
0 0.850586 0.676758 0.0351562 0.0566406
0 0.79541 0.471191 0.0498047 0.0361328
0 0.561035 0.289551 0.0556641 0.0283203
0 0.222168 0.274414 0.0537109 0.0566406
0 0.689941 0.372559 0.0439453 0.0302734
0 0.552734 0.541016 0.03125 0.0527344
0 0.519531 0.201172 0.0546875 0.03125
0 0.354492 0.382812 0.0371094 0.0546875
0 0.580078 0.24707 0.0507812 0.03125
0 0.777344 0.599609 0.0625 0.03125
0 0.36377 0.506836 0.0693359 0.0273438
0 0.233398 0.617188 0.0585938 0.0273438
0 0.478516 0.363281 0.046875 0.0351562
0 0.801758 0.427246 0.0488281 0.0361328
0 0.413086 0.512695 0.0449219 0.0449219
0 0.594727 0.529785 0.0292969 0.0498047
0 0.380371 0.463379 0.0634766 0.0263672
0 0.422852 0.404297 0.0605469 0.03125
0 0.687012 0.709961 0.0556641 0.0332031
0 0.547363 0.604004 0.0341797 0.0498047
0 0.351074 0.708008 0.0673828 0.0332031
0 0.491211 0.499512 0.0371094 0.0498047
0 0.764648 0.377441 0.0273438 0.0380859
0 0.172363 0.333984 0.0693359 0.0234375
0 0.244141 0.335449 0.03125 0.0537109
0 0.115234 0.446289 0.0429688 0.0546875
0 0.785156 0.30127 0.0390625 0.0283203
0 0.6875 0.661133 0.03125 0.0527344
0 0.207031 0.71582 0.0546875 0.0292969
0 0.649414 0.588379 0.0449219 0.0458984
0 0.262207 0.738281 0.0322266 0.0507812
0 0.456543 0.283691 0.0634766 0.0205078
0 0.118652 0.652344 0.0400391 0.0546875
0 0.186035 0.376953 0.0556641 0.0253906
0 0.52832 0.580078 0.0371094 0.0390625
0 0.488281 0.543457 0.0332031 0.0556641
0 0.402832 0.598145 0.0693359 0.0302734
0 0.160645 0.511719 0.0576172 0.0273438
0 0.755859 0.537109 0.03125 0.0566406
0 0.793945 0.773926 0.0644531 0.0322266
0 0.850098 0.514648 0.0400391 0.03125
0 0.698242 0.306152 0.0410156 0.0283203
0 0.57666 0.813477 0.0341797 0.0527344
0 0.209961 0.257812 0.0449219 0.0449219
0 0.373047 0.561523 0.0703125 0.0214844
0 0.526367 0.793945 0.0742188 0.0292969
0 0.393066 0.739258 0.0400391 0.0527344
0 0.539062 0.493164 0.0390625 0.0488281
0 0.751953 0.283691 0.0507812 0.0341797
0 0.679688 0.815918 0.0605469 0.0263672
0 0.589844 0.792969 0.0625 0.0273438
0 0.0771484 0.629883 0.0566406 0.0449219
0 0.352539 0.547852 0.0683594 0.0253906
0 0.253418 0.469727 0.0576172 0.0449219
0 0.716797 0.649414 0.0585938 0.0390625
0 0.608398 0.696289 0.0507812 0.0429688
0 0.102051 0.49707 0.0751953 0.0332031
0 0.60791 0.874023 0.0439453 0.0410156
0 0.42334 0.679688 0.0400391 0.0546875
0 0.822266 0.567383 0.046875 0.0410156
0 0.65918 0.45166 0.0507812 0.0361328
0 0.640625 0.853516 0.0449219 0.0585938
0 0.183594 0.304199 0.0546875 0.0341797
0 0.633301 0.793945 0.0556641 0.03125
0 0.349121 0.660645 0.0341797 0.0556641
0 0.821289 0.450684 0.0546875 0.0263672
0 0.492188 0.33252 0.0332031 0.0576172
0 0.707031 0.617188 0.0351562 0.0488281
0 0.376465 0.798828 0.0673828 0.0234375
0 0.543945 0.822266 0.0625 0.0429688
0 0.621094 0.194336 0.03125 0.0351562
0 0.836914 0.610352 0.0683594 0.0253906
0 0.477539 0.389648 0.0566406 0.0410156
0 0.393066 0.185547 0.0400391 0.0449219
0 0.439453 0.55957 0.0488281 0.0410156
0 0.273926 0.595703 0.0498047 0.046875
0 0.661133 0.76123 0.0644531 0.0244141
0 0.225098 0.349609 0.0498047 0.046875
0 0.537109 0.393555 0.0644531 0.0253906
0 0.47168 0.494141 0.0644531 0.0351562
0 0.583008 0.460449 0.0449219 0.0439453
0 0.14502 0.685547 0.0361328 0.0546875
0 0.620605 0.401367 0.0283203 0.0449219
0 0.569336 0.347168 0.0371094 0.0341797
0 0.383789 0.443848 0.0585938 0.0322266
0 0.257324 0.790039 0.0712891 0.0488281
0 0.178223 0.551758 0.0634766 0.0410156
0 0.335938 0.287109 0.046875 0.0488281
0 0.337891 0.466309 0.0664062 0.0439453
0 0.567871 0.588379 0.0283203 0.0595703
0 0.810547 0.393555 0.0546875 0.0195312
0 0.584961 0.198242 0.0332031 0.0449219
0 0.787598 0.436035 0.0322266 0.0419922
0 0.74707 0.705078 0.0683594 0.0351562
0 0.601562 0.84668 0.0722656 0.0253906
0 0.769531 0.354004 0.0546875 0.0224609
0 0.669922 0.554688 0.0703125 0.0234375
0 0.29834 0.355957 0.0419922 0.0517578
0 0.458496 0.325684 0.0595703 0.0400391
0 0.477051 0.793945 0.0537109 0.0371094
0 0.58252 0.678711 0.0595703 0.0410156
0 0.489258 0.580078 0.0332031 0.0546875
0 0.162598 0.649902 0.0654297 0.0283203
0 0.327148 0.630859 0.0527344 0.0429688
0 0.23877 0.387695 0.0341797 0.0546875
0 0.759277 0.667969 0.0419922 0.0429688
0 0.316895 0.803711 0.0673828 0.0351562
0 0.162598 0.325195 0.0673828 0.0292969
0 0.836914 0.62793 0.0664062 0.0292969
0 0.54248 0.852539 0.0693359 0.0273438
0 0.666016 0.199707 0.0585938 0.0205078
0 0.0874023 0.553223 0.0400391 0.0478516
0 0.791992 0.318359 0.0449219 0.0195312
0 0.432129 0.175293 0.0654297 0.0322266
0 0.803711 0.412598 0.0527344 0.0400391
0 0.691406 0.692871 0.0507812 0.0458984
0 0.760742 0.413574 0.0410156 0.0283203
0 0.0654297 0.58252 0.0546875 0.0439453
0 0.503906 0.635742 0.03125 0.0527344
0 0.0595703 0.53418 0.0742188 0.0488281
0 0.328613 0.22998 0.0283203 0.0576172
0 0.400879 0.245605 0.0576172 0.0322266
0 0.308594 0.825684 0.078125 0.0322266
0 0.701172 0.580566 0.03125 0.0537109
0 0.442871 0.486328 0.0693359 0.0234375
0 0.506836 0.292969 0.0488281 0.0371094
0 0.536621 0.766602 0.0712891 0.0253906
0 0.71875 0.550781 0.03125 0.0625
0 0.866211 0.503906 0.0488281 0.0429688
0 0.34375 0.179199 0.0429688 0.0439453
0 0.758301 0.805664 0.0498047 0.0527344
0 0.306641 0.203125 0.0546875 0.0390625
0 0.577148 0.47998 0.0507812 0.0458984
0 0.115234 0.387207 0.0488281 0.0537109
0 0.711426 0.225586 0.0478516 0.0332031
0 0.167969 0.584961 0.0546875 0.0410156
0 0.418457 0.804199 0.0458984 0.0478516
0 0.287109 0.246094 0.0429688 0.0390625
0 0.872559 0.667969 0.0400391 0.0585938
0 0.463867 0.526367 0.0351562 0.0488281
0 0.307617 0.396484 0.0664062 0.0351562
0 0.393066 0.341797 0.0419922 0.0527344
0 0.44873 0.385742 0.0380859 0.0429688
0 0.149414 0.371094 0.0351562 0.0449219
0 0.349121 0.75 0.0419922 0.0507812
0 0.47168 0.668945 0.0722656 0.0292969
0 0.235352 0.660156 0.0351562 0.0625
0 0.646484 0.414062 0.0546875 0.0253906
0 0.31543 0.558594 0.0410156 0.0546875
0 0.583984 0.723633 0.0722656 0.0371094
0 0.739746 0.604492 0.0556641 0.0449219
0 0.324219 0.335449 0.0625 0.0361328
0 0.613281 0.631348 0.0644531 0.0283203
0 0.660156 0.518555 0.0585938 0.0371094
0 0.635742 0.682617 0.0683594 0.0332031
0 0.736328 0.540039 0.0273438 0.0605469
0 0.517578 0.818359 0.046875 0.0429688
0 0.620605 0.509277 0.0537109 0.0302734
0 0.776367 0.486816 0.0527344 0.0283203
0 0.725586 0.817383 0.0605469 0.0410156
0 0.720703 0.252441 0.0585938 0.0224609
0 0.791992 0.385254 0.0488281 0.0224609
0 0.587891 0.765625 0.0546875 0.0449219
0 0.23291 0.536621 0.0322266 0.0615234
0 0.845703 0.736816 0.0390625 0.0478516
0 0.773438 0.699219 0.0742188 0.0351562
0 0.53418 0.740234 0.0664062 0.0351562
0 0.601074 0.292969 0.0458984 0.0390625
0 0.325684 0.601562 0.0556641 0.046875
0 0.651367 0.876465 0.0488281 0.0458984
0 0.659668 0.349121 0.0498047 0.0380859
0 0.413086 0.280273 0.0546875 0.0390625
0 0.521484 0.868164 0.0546875 0.0429688
0 0.521484 0.267578 0.0410156 0.046875
0 0.463379 0.210449 0.0361328 0.0537109
0 0.850586 0.577148 0.0488281 0.0449219
0 0.257812 0.208008 0.046875 0.0449219
0 0.589844 0.375977 0.0546875 0.0332031
0 0.487305 0.85498 0.0390625 0.0615234
0 0.665039 0.633789 0.0449219 0.0566406
0 0.419434 0.861328 0.0537109 0.0527344
0 0.62793 0.44043 0.03125 0.0488281
0 0.49707 0.901367 0.0761719 0.0371094
0 0.362305 0.168457 0.0449219 0.0556641
0 0.868164 0.710449 0.0683594 0.0283203
0 0.525391 0.543457 0.0429688 0.0615234
0 0.285156 0.646484 0.0429688 0.0585938
0 0.237305 0.446289 0.0683594 0.0292969
0 0.542969 0.901855 0.0742188 0.0439453
0 0.584961 0.882812 0.0527344 0.0566406
0 0.786621 0.828125 0.0498047 0.0625
0 0.116211 0.689453 0.0488281 0.046875
0 0.317871 0.691406 0.0634766 0.0429688
0 0.0854492 0.594727 0.0439453 0.0605469
0 0.382324 0.833496 0.0419922 0.0576172
0 0.418945 0.15918 0.0605469 0.0273438
0 0.559082 0.192383 0.0458984 0.0410156
0 0.163086 0.285156 0.0664062 0.0390625
0 0.888672 0.432617 0.0429688 0.0449219
0 0.205078 0.692383 0.0546875 0.0410156
0 0.629395 0.901367 0.0615234 0.0292969
0 0.16748 0.739258 0.0517578 0.0507812
0 0.697266 0.871582 0.0742188 0.0302734
0 0.458984 0.872559 0.0546875 0.0556641
0 0.522949 0.95459 0.0693359 0.0673828
0 0.854004 0.474609 0.0712891 0.0273438
0 0.0844727 0.461914 0.0498047 0.0566406
0 0.195801 0.769531 0.0576172 0.0546875
0 0.837891 0.336914 0.046875 0.0332031
0 0.327148 0.879395 0.0761719 0.0556641
