0 0.460449 0.489746 0.0341797 0.0283203
0 0.477539 0.817871 0.0175781 0.0263672
0 0.411133 0.740234 0.0292969 0.0332031
0 0.236328 0.538086 0.0234375 0.0410156
0 0.0976562 0.604492 0.0332031 0.0332031
0 0.40625 0.697266 0.0234375 0.0273438
0 0.229492 0.707031 0.0136719 0.03125
0 0.164551 0.466309 0.0322266 0.0185547
0 0.458984 0.783203 0.0332031 0.0273438
0 0.477539 0.579102 0.0292969 0.0234375
0 0.224121 0.628418 0.0244141 0.0419922
0 0.449219 0.0576172 0.015625 0.0390625
0 0.610352 0.536133 0.0253906 0.0136719
0 0.101562 0.65332 0.0332031 0.0292969
0 0.337402 0.725586 0.0244141 0.0410156
0 0.530273 0.0361328 0.0351562 0.0253906
0 0.624023 0.667969 0.0253906 0.0214844
0 0.577148 0.714844 0.0292969 0.0292969
0 0.439941 0.636719 0.0146484 0.0507812
0 0.435059 0.0556641 0.0146484 0.0429688
0 0.57959 0.426758 0.0224609 0.0488281
0 0.36377 0.714844 0.0146484 0.046875
0 0.42041 0.22168 0.0146484 0.0507812
0 0.660156 0.0585938 0.0351562 0.0234375
0 0.450195 0.568359 0.0214844 0.0507812
0 0.320801 0.726562 0.0302734 0.0507812
0 0.374512 0.159668 0.0341797 0.0224609
0 0.345703 0.612793 0.015625 0.0478516
0 0.315918 0.651855 0.0185547 0.0458984
0 0.483398 0.553711 0.0214844 0.0410156
0 0.517578 0.0385742 0.0332031 0.0205078
0 0.439941 0.556152 0.0205078 0.0439453
0 0.26123 0.750977 0.0205078 0.0292969
0 0.270996 0.539062 0.0361328 0.0234375
0 0.134766 0.0610352 0.0273438 0.0439453
0 0.374512 0.319824 0.0400391 0.0458984
0 0.343262 0.703613 0.0283203 0.0400391
0 0.466309 0.608887 0.0244141 0.0439453
0 0.557617 0.0605469 0.0175781 0.0390625
0 0.297363 0.426758 0.0283203 0.0449219
0 0.641602 0.0727539 0.0371094 0.0126953
0 0.450195 0.746094 0.0175781 0.046875
0 0.617188 0.320312 0.015625 0.0546875
0 0.463867 0.0473633 0.0351562 0.0263672
0 0.186035 0.477051 0.0302734 0.0205078
0 0.376953 0.716797 0.0234375 0.046875
0 0.433594 0.790039 0.015625 0.0449219
0 0.526367 0.134766 0.0195312 0.0546875
0 0.182129 0.433594 0.0146484 0.0488281
0 0.456055 0.469238 0.0292969 0.0361328
0 0.401367 0.0532227 0.0175781 0.0361328
0 0.607422 0.330078 0.0117188 0.0507812
0 0.376465 0.184082 0.0283203 0.0263672
0 0.54248 0.557617 0.0166016 0.0566406
0 0.200684 0.441406 0.0185547 0.046875
0 0.629883 0.192871 0.0195312 0.0576172
0 0.557617 0.523926 0.0371094 0.0322266
0 0.115234 0.186035 0.0371094 0.0341797
0 0.539062 0.0634766 0.0273438 0.03125
0 0.410156 0.753906 0.0292969 0.015625
0 0.458496 0.30127 0.0322266 0.0283203
0 0.276855 0.501465 0.0302734 0.0244141
0 0.224121 0.252441 0.0458984 0.0458984
0 0.416992 0.671875 0.0292969 0.0234375
0 0.432129 0.746094 0.0166016 0.0488281
0 0.604492 0.598633 0.0332031 0.0195312
0 0.496582 0.555664 0.0185547 0.0527344
0 0.612793 0.263672 0.0146484 0.0507812
0 0.436523 0.875 0.0351562 0.0429688
0 0.381836 0.744629 0.0292969 0.0302734
0 0.391113 0.361816 0.0361328 0.0205078
0 0.487793 0.349609 0.0361328 0.0273438
0 0.239746 0.90332 0.0439453 0.0410156
0 0.43457 0.526367 0.0195312 0.0410156
0 0.118164 0.145508 0.0273438 0.0390625
0 0.631348 0.702148 0.0263672 0.03125
0 0.600586 0.464844 0.0371094 0.0234375
0 0.193848 0.804199 0.0283203 0.0498047
0 0.162109 0.0546875 0.03125 0.0292969
0 0.424316 0.707031 0.0302734 0.03125
0 0.364746 0.149414 0.0341797 0.03125
0 0.710449 0.0610352 0.0380859 0.0185547
0 0.366699 0.612305 0.0283203 0.0253906
0 0.395996 0.208008 0.0146484 0.0488281
0 0.748047 0.644531 0.0195312 0.0507812
0 0.33252 0.619141 0.0205078 0.0488281
0 0.275391 0.663086 0.0390625 0.0234375
0 0.213867 0.916992 0.0234375 0.0449219
0 0.609863 0.0683594 0.0263672 0.0234375
0 0.350586 0.563965 0.0175781 0.0498047
0 0.217773 0.754883 0.0273438 0.015625
0 0.789062 0.370605 0.0195312 0.0537109
0 0.418945 0.803711 0.0292969 0.0292969
0 0.586914 0.541016 0.0175781 0.0507812
0 0.530273 0.0820312 0.0292969 0.0292969
0 0.343262 0.138672 0.0166016 0.046875
0 0.628906 0.059082 0.0273438 0.0283203
0 0.486328 0.379883 0.0273438 0.0488281
0 0.287109 0.634277 0.0351562 0.0205078
0 0.241211 0.660156 0.0234375 0.0507812
0 0.151855 0.361328 0.0302734 0.0429688
0 0.693359 0.308594 0.0273438 0.0429688
0 0.567383 0.490723 0.0332031 0.0419922
0 0.413086 0.5625 0.0332031 0.0390625
0 0.0942383 0.065918 0.0224609 0.0400391
0 0.269531 0.47998 0.03125 0.0302734
0 0.245117 0.724609 0.03125 0.0332031
0 0.535645 0.503906 0.0322266 0.03125
0 0.692383 0.615723 0.0253906 0.0419922
