1 0.185059 0.841797 0.0830078 0.203125
1 0.496094 0.477051 0.140625 0.139648
1 0.557617 0.19043 0.0957031 0.199219
1 0.723633 0.746582 0.119141 0.204102
1 0.525391 0.743164 0.154297 0.134766
1 0.129883 0.735352 0.134766 0.115234
1 0.355957 0.458008 0.0966797 0.208984
1 0.682617 0.808594 0.173828 0.1875
1 0.209961 0.559082 0.126953 0.229492
1 0.120605 0.303711 0.114258 0.216797
1 0.458496 0.146484 0.0751953 0.199219
1 0.273926 0.279785 0.139648 0.206055
1 0.428711 0.72998 0.134766 0.176758
1 0.669922 0.111816 0.171875 0.194336
1 0.550781 0.352539 0.148438 0.162109
