0 0.316406 0.636719 0.0234375 0.0195312
0 0.375 0.303711 0.0253906 0.03125
0 0.311523 0.62793 0.0214844 0.0253906
0 0.387695 0.394531 0.0292969 0.0195312
0 0.719727 0.414062 0.00976562 0.0351562
0 0.255859 0.369629 0.0351562 0.0283203
0 0.5 0.485352 0.0253906 0.0371094
0 0.334473 0.276855 0.0244141 0.0341797
0 0.610352 0.38623 0.0390625 0.0439453
0 0.490723 0.567383 0.0302734 0.0214844
0 0.685547 0.610352 0.03125 0.0253906
0 0.412598 0.272461 0.0244141 0.0175781
0 0.260254 0.436035 0.0185547 0.0341797
0 0.558105 0.54541 0.0341797 0.0263672
0 0.617188 0.700684 0.015625 0.0419922
0 0.428711 0.365723 0.0292969 0.0419922
0 0.344727 0.427734 0.0136719 0.0351562
0 0.59668 0.704102 0.0195312 0.0488281
0 0.527832 0.32373 0.0361328 0.0400391
0 0.322266 0.49707 0.0195312 0.03125
0 0.361328 0.568359 0.0175781 0.0351562
0 0.678711 0.389648 0.0332031 0.0371094
0 0.558594 0.326172 0.03125 0.0234375
0 0.58252 0.571289 0.0224609 0.0292969
0 0.716797 0.347656 0.0429688 0.0273438
0 0.334961 0.416504 0.0175781 0.0341797
0 0.456055 0.269531 0.0175781 0.0488281
0 0.298828 0.265137 0.0234375 0.0361328
0 0.336914 0.465332 0.0214844 0.0380859
0 0.455566 0.65332 0.0283203 0.0253906
0 0.523926 0.596191 0.0205078 0.0341797
0 0.302734 0.589844 0.0253906 0.0214844
0 0.230469 0.538086 0.0234375 0.0332031
0 0.575195 0.433594 0.0292969 0.0273438
0 0.470703 0.46875 0.0234375 0.0273438
0 0.517578 0.65332 0.0253906 0.0214844
0 0.698242 0.424316 0.0292969 0.0302734
