0 0.455566 0.511719 0.0478516 0.0351562
0 0.53125 0.342773 0.0429688 0.0371094
0 0.405762 0.619629 0.0322266 0.0654297
0 0.44873 0.48877 0.0419922 0.0361328
0 0.689453 0.467773 0.0507812 0.0332031
0 0.585938 0.727539 0.046875 0.0410156
0 0.418945 0.599609 0.0273438 0.0585938
0 0.281738 0.732422 0.0302734 0.0703125
0 0.65625 0.728027 0.0390625 0.0400391
0 0.701172 0.436035 0.0292969 0.0634766
0 0.130371 0.510742 0.0322266 0.0625
0 0.632812 0.359863 0.0488281 0.0361328
0 0.30957 0.516602 0.0273438 0.0683594
0 0.552246 0.703125 0.0283203 0.0703125
0 0.151855 0.792969 0.0283203 0.0664062
0 0.532227 0.174805 0.0410156 0.0371094
0 0.173828 0.715332 0.0429688 0.0478516
0 0.367676 0.242676 0.0400391 0.0341797
0 0.519043 0.158203 0.0439453 0.03125
0 0.452148 0.158691 0.0273438 0.0693359
0 0.655762 0.620117 0.0341797 0.0605469
0 0.233398 0.314941 0.0371094 0.0498047
0 0.244629 0.544922 0.0283203 0.0664062
0 0.540039 0.291992 0.0449219 0.0371094
0 0.662109 0.388184 0.046875 0.0458984
0 0.322266 0.366211 0.0390625 0.0488281
0 0.165527 0.591797 0.0380859 0.0507812
0 0.62207 0.780273 0.0449219 0.0488281
0 0.59082 0.270996 0.0371094 0.0537109
0 0.262695 0.399414 0.0371094 0.0449219
0 0.635254 0.584961 0.0439453 0.0449219
