0 0.318848 0.583984 0.0302734 0.0742188
0 0.138672 0.423828 0.0546875 0.0566406
0 0.578125 0.24707 0.046875 0.0507812
0 0.651367 0.720703 0.0605469 0.0527344
0 0.90625 0.264648 0.0351562 0.0644531
0 0.450684 0.567383 0.0205078 0.0664062
0 0.415039 0.624023 0.046875 0.0253906
0 0.496582 0.329102 0.0380859 0.0625
0 0.546875 0.334473 0.0390625 0.0732422
0 0.498047 0.371094 0.0585938 0.0332031
0 0.407227 0.834961 0.0253906 0.0917969
0 0.479492 0.599609 0.0371094 0.0820312
0 0.379395 0.810547 0.0302734 0.0742188
0 0.520508 0.326172 0.0214844 0.0585938
0 0.635254 0.454102 0.0478516 0.0488281
0 0.561523 0.595703 0.0429688 0.0625
0 0.325195 0.337891 0.0488281 0.0429688
0 0.534668 0.504395 0.0244141 0.0498047
0 0.693848 0.288086 0.0576172 0.0566406
0 0.730469 0.28125 0.0429688 0.0292969
0 0.429688 0.558594 0.0273438 0.0742188
0 0.472656 0.810547 0.0527344 0.0429688
0 0.394531 0.51709 0.0273438 0.0595703
0 0.449707 0.392578 0.0263672 0.0585938
0 0.420898 0.336914 0.0488281 0.0527344
0 0.337891 0.292969 0.0292969 0.0546875
0 0.784668 0.310059 0.0458984 0.0537109
0 0.394043 0.418457 0.0380859 0.0556641
