0 0.526855 0.577148 0.0458984 0.0332031
0 0.556641 0.577148 0.0214844 0.078125
0 0.469727 0.475098 0.0722656 0.0322266
0 0.454102 0.497559 0.0527344 0.0283203
0 0.508789 0.54541 0.0449219 0.0361328
0 0.514648 0.666992 0.0410156 0.0527344
0 0.484863 0.668945 0.0361328 0.0488281
0 0.403809 0.572266 0.0458984 0.0234375
0 0.453613 0.44873 0.0439453 0.0537109
0 0.567383 0.722168 0.0429688 0.0556641
0 0.430664 0.554688 0.0488281 0.0273438
0 0.375 0.567383 0.0273438 0.0683594
0 0.468262 0.633301 0.0419922 0.0576172
0 0.505859 0.620117 0.0332031 0.0566406
0 0.425293 0.599121 0.0498047 0.0263672
0 0.466309 0.564941 0.0419922 0.0361328
0 0.416992 0.432129 0.0449219 0.0498047
0 0.463867 0.363281 0.0449219 0.0429688
