0 0.378906 0.438477 0.105469 0.0527344
0 0.483887 0.634766 0.0361328 0.0625
0 0.580566 0.59375 0.0361328 0.0507812
0 0.428223 0.352539 0.0595703 0.0449219
0 0.385742 0.508789 0.0683594 0.0332031
0 0.594238 0.441895 0.0283203 0.106445
0 0.526367 0.441895 0.03125 0.0751953
0 0.554688 0.662109 0.0351562 0.0546875
0 0.600586 0.5 0.0332031 0.0664062
0 0.31543 0.456055 0.0644531 0.0625
0 0.186523 0.64209 0.0292969 0.104492
0 0.58252 0.665039 0.0244141 0.0800781
0 0.387207 0.641113 0.0556641 0.0712891
0 0.40918 0.390137 0.0878906 0.0419922
0 0.535645 0.53418 0.0654297 0.0273438
0 0.526367 0.658203 0.0292969 0.0683594
0 0.49707 0.427734 0.0410156 0.0664062
0 0.624023 0.613281 0.0566406 0.0976562
0 0.422363 0.589844 0.0634766 0.0429688
0 0.498535 0.496094 0.0322266 0.0742188
0 0.491211 0.599609 0.0546875 0.078125
0 0.312012 0.504883 0.0830078 0.0410156
0 0.249023 0.56543 0.0351562 0.107422
0 0.447266 0.616211 0.0351562 0.0683594
0 0.618652 0.560547 0.0322266 0.101562
0 0.390625 0.69043 0.0507812 0.0722656
0 0.636719 0.659668 0.0507812 0.0888672
0 0.543457 0.497559 0.0634766 0.0400391
0 0.269531 0.519043 0.0585938 0.0869141
0 0.541016 0.59082 0.046875 0.0703125
0 0.459473 0.414062 0.0498047 0.0878906
0 0.29248 0.402832 0.0673828 0.0576172
