0 0.276855 0.293945 0.0439453 0.03125
0 0.299316 0.262207 0.0498047 0.0517578
0 0.532227 0.589355 0.0996094 0.0361328
0 0.216309 0.501465 0.0810547 0.0380859
0 0.680176 0.295898 0.0810547 0.0292969
0 0.467285 0.544922 0.0966797 0.0351562
0 0.451172 0.498047 0.0703125 0.0429688
0 0.255859 0.631348 0.09375 0.0419922
0 0.446289 0.318848 0.0761719 0.0380859
0 0.232422 0.307129 0.0664062 0.0341797
0 0.378906 0.479492 0.0683594 0.03125
0 0.571289 0.566406 0.0507812 0.0507812
0 0.430664 0.405273 0.0644531 0.0371094
0 0.702637 0.399414 0.0791016 0.0449219
0 0.651367 0.480957 0.0878906 0.0478516
0 0.410645 0.455566 0.0537109 0.0419922
0 0.867188 0.286133 0.078125 0.0410156
