1 0.614258 0.245117 0.0449219 0.205078
0 0.555664 0.342773 0.0253906 0.0332031
0 0.582031 0.697754 0.0195312 0.0498047
1 0.619629 0.328613 0.0517578 0.145508
0 0.636719 0.421387 0.03125 0.0537109
0 0.398926 0.875977 0.0146484 0.0488281
0 0.516113 0.723633 0.0244141 0.111328
1 0.62793 0.698242 0.107422 0.103516
0 0.526367 0.808594 0.0214844 0.0976562
1 0.587891 0.488281 0.0898438 0.191406
1 0.697266 0.657227 0.078125 0.126953
1 0.636719 0.541016 0.0976562 0.136719
1 0.493164 0.441406 0.0605469 0.160156
1 0.739746 0.864258 0.0888672 0.191406
