0 0.460938 0.506836 0.0410156 0.0253906
0 0.499512 0.59082 0.0400391 0.0253906
0 0.472656 0.664062 0.0195312 0.0390625
0 0.361816 0.553711 0.0185547 0.0566406
0 0.374023 0.40918 0.03125 0.0175781
0 0.538086 0.538086 0.0410156 0.0566406
0 0.449219 0.626953 0.0234375 0.0625
0 0.331055 0.518555 0.0292969 0.0722656
0 0.442383 0.605469 0.0175781 0.0703125
0 0.504883 0.602539 0.0449219 0.0253906
0 0.48291 0.635742 0.0205078 0.0683594
0 0.364746 0.596191 0.0205078 0.0595703
0 0.51123 0.675781 0.0166016 0.0703125
0 0.400879 0.652344 0.0205078 0.0722656
0 0.467773 0.586426 0.0332031 0.0224609
0 0.583008 0.618164 0.0253906 0.0605469
0 0.382324 0.632812 0.0283203 0.0488281
0 0.45459 0.687012 0.0400391 0.0654297
0 0.336914 0.504883 0.0214844 0.0546875
0 0.583984 0.555176 0.0195312 0.0556641
0 0.571289 0.533203 0.0253906 0.0585938
0 0.48291 0.699219 0.0302734 0.0625
0 0.404785 0.62207 0.0244141 0.0527344
0 0.604004 0.578125 0.0302734 0.0546875
0 0.476562 0.541016 0.0273438 0.0546875
0 0.610352 0.650879 0.0214844 0.0615234
0 0.408203 0.57666 0.0351562 0.0478516
0 0.525391 0.663086 0.0351562 0.0683594
0 0.490234 0.730957 0.0390625 0.0439453
0 0.462891 0.626465 0.0273438 0.0634766
0 0.348633 0.571777 0.0214844 0.0673828
0 0.402832 0.456055 0.0224609 0.0683594
0 0.540039 0.49707 0.0214844 0.0566406
0 0.421387 0.654297 0.0224609 0.0742188
0 0.583984 0.65332 0.0273438 0.0644531
0 0.497559 0.532227 0.0439453 0.0683594
0 0.523438 0.630859 0.0488281 0.0429688
0 0.651367 0.69043 0.0371094 0.0488281
0 0.382324 0.587402 0.0205078 0.0576172
0 0.326172 0.472168 0.0273438 0.0693359
0 0.3125 0.408203 0.0332031 0.0664062
0 0.519531 0.495605 0.0234375 0.0380859
0 0.550781 0.694336 0.0429688 0.0449219
0 0.592773 0.765137 0.0449219 0.0556641
0 0.288574 0.380859 0.0185547 0.0800781
0 0.568848 0.583008 0.0244141 0.0722656
0 0.539062 0.59375 0.0429688 0.0273438
0 0.429199 0.544922 0.0322266 0.0664062
0 0.561035 0.743164 0.0205078 0.0722656
0 0.304688 0.442871 0.0371094 0.0498047
0 0.50293 0.574219 0.046875 0.0390625
0 0.630371 0.59375 0.0283203 0.0351562
0 0.335449 0.416504 0.0341797 0.0595703
0 0.605957 0.699219 0.0498047 0.0292969
0 0.439941 0.701172 0.0380859 0.0507812
0 0.614746 0.55957 0.0400391 0.0488281
0 0.63623 0.623047 0.0380859 0.0390625
0 0.425293 0.599609 0.0263672 0.0429688
0 0.390625 0.512695 0.0429688 0.0292969
0 0.454102 0.545898 0.0253906 0.0703125
0 0.394043 0.680664 0.0458984 0.0449219
0 0.423828 0.480469 0.0253906 0.0703125
0 0.354004 0.514648 0.0322266 0.0527344
0 0.525391 0.53125 0.03125 0.046875
0 0.391113 0.490723 0.0400391 0.0341797
0 0.551758 0.544922 0.0292969 0.0703125
0 0.641602 0.648438 0.0429688 0.0507812
0 0.541504 0.741211 0.0263672 0.0683594
0 0.580078 0.737305 0.0234375 0.0683594
0 0.365234 0.452148 0.0507812 0.0449219
0 0.34668 0.392578 0.0292969 0.0761719
0 0.510742 0.743164 0.0292969 0.0644531
0 0.591797 0.473633 0.0234375 0.0683594
0 0.634766 0.423828 0.0390625 0.0664062
0 0.390137 0.539062 0.0478516 0.03125
0 0.314453 0.355469 0.0371094 0.0703125
0 0.478516 0.483398 0.0546875 0.03125
