0 0.206055 0.650391 0.0683594 0.0449219
0 0.256836 0.480469 0.0644531 0.0253906
0 0.129395 0.402832 0.0576172 0.0166016
0 0.172852 0.717773 0.046875 0.0488281
0 0.740234 0.510742 0.0820312 0.0292969
0 0.171875 0.496582 0.078125 0.0224609
0 0.577148 0.459961 0.0449219 0.0449219
0 0.21582 0.555176 0.0410156 0.0322266
0 0.0595703 0.587891 0.0585938 0.0390625
0 0.59375 0.367188 0.0742188 0.0273438
0 0.312012 0.341797 0.0654297 0.0429688
0 0.398926 0.409668 0.0556641 0.0361328
0 0.247559 0.510742 0.0517578 0.0351562
0 0.30957 0.421875 0.0683594 0.0253906
