0 0.348633 0.362305 0.0410156 0.0292969
0 0.342285 0.598633 0.0498047 0.0644531
0 0.330078 0.43457 0.0351562 0.0683594
0 0.541992 0.308105 0.0332031 0.0634766
0 0.402832 0.226074 0.0244141 0.0537109
0 0.298828 0.700195 0.046875 0.0292969
0 0.29834 0.57373 0.0498047 0.0556641
0 0.366211 0.479492 0.0449219 0.0292969
0 0.561523 0.438965 0.0410156 0.0673828
0 0.236816 0.466797 0.0224609 0.0742188
0 0.371094 0.443848 0.0253906 0.0634766
0 0.510254 0.488281 0.0517578 0.0429688
0 0.557129 0.376465 0.0244141 0.0732422
0 0.419922 0.638672 0.0351562 0.0488281
0 0.370117 0.6875 0.0566406 0.0351562
0 0.192871 0.369141 0.0419922 0.09375
0 0.533203 0.354004 0.0371094 0.0693359
0 0.445801 0.294922 0.0322266 0.0605469
0 0.587891 0.437012 0.0429688 0.0400391
0 0.30957 0.327637 0.0683594 0.0673828
0 0.584961 0.376953 0.0410156 0.0390625
0 0.319824 0.553711 0.0517578 0.03125
0 0.503418 0.414551 0.0224609 0.0615234
0 0.288574 0.481934 0.0400391 0.0517578
0 0.362793 0.401855 0.0400391 0.0380859
0 0.400879 0.708008 0.0517578 0.0332031
0 0.463867 0.275391 0.0488281 0.0371094
0 0.305664 0.461914 0.0292969 0.0683594
0 0.291016 0.521484 0.0449219 0.03125
0 0.400879 0.739258 0.0400391 0.0449219
0 0.331543 0.398438 0.0380859 0.0625
0 0.350098 0.344727 0.0439453 0.0546875
0 0.427734 0.486328 0.0351562 0.0742188
0 0.425293 0.222168 0.0283203 0.0810547
0 0.393555 0.371094 0.0488281 0.0585938
0 0.311035 0.683594 0.0478516 0.046875
0 0.586914 0.400391 0.0410156 0.0507812
0 0.275391 0.399414 0.0273438 0.0664062
0 0.261719 0.469727 0.03125 0.0800781
0 0.310059 0.770508 0.0341797 0.0605469
0 0.351074 0.711426 0.0458984 0.0458984
0 0.620605 0.522461 0.0283203 0.0527344
0 0.464844 0.40918 0.0507812 0.0585938
0 0.597168 0.491699 0.0517578 0.0400391
