0 0.744629 0.443848 0.0380859 0.0771484
0 0.508789 0.563477 0.0488281 0.0292969
0 0.743164 0.482422 0.0410156 0.0546875
0 0.710449 0.419922 0.0283203 0.0566406
0 0.772461 0.397949 0.0488281 0.0556641
0 0.730469 0.416016 0.03125 0.0488281
0 0.718262 0.392578 0.0517578 0.03125
0 0.619629 0.672852 0.0439453 0.0546875
0 0.691406 0.771484 0.0429688 0.03125
0 0.680664 0.654297 0.0449219 0.0332031
0 0.699219 0.252441 0.0351562 0.0595703
0 0.648438 0.652832 0.0351562 0.0537109
0 0.472656 0.56543 0.0585938 0.0449219
0 0.4375 0.570312 0.046875 0.0585938
0 0.484863 0.590332 0.0537109 0.0439453
0 0.652344 0.569336 0.0390625 0.0683594
0 0.40918 0.453125 0.0449219 0.0546875
0 0.703125 0.459473 0.03125 0.0556641
0 0.541992 0.271484 0.0449219 0.078125
0 0.696777 0.365723 0.0537109 0.0380859
0 0.650391 0.685547 0.046875 0.0585938
0 0.643066 0.516602 0.0419922 0.0605469
0 0.623047 0.699219 0.0390625 0.0546875
0 0.723145 0.692383 0.0283203 0.0820312
0 0.524414 0.275391 0.0371094 0.0761719
0 0.688477 0.559082 0.0449219 0.0537109
0 0.647949 0.542969 0.0400391 0.0664062
0 0.706055 0.292969 0.0332031 0.0703125
0 0.171387 0.720703 0.0517578 0.0664062
0 0.664062 0.615234 0.03125 0.0644531
0 0.688965 0.526367 0.0537109 0.0410156
0 0.721191 0.460449 0.0322266 0.0712891
0 0.40918 0.478516 0.0527344 0.0429688
0 0.725586 0.334961 0.0371094 0.0683594
0 0.605469 0.662598 0.0566406 0.0498047
0 0.771484 0.430176 0.0292969 0.0673828
0 0.481934 0.54248 0.0595703 0.0361328
0 0.68457 0.313477 0.0527344 0.0449219
0 0.607422 0.632812 0.0507812 0.0429688
0 0.428711 0.449707 0.0507812 0.0595703
0 0.427734 0.30127 0.0585938 0.0439453
0 0.572754 0.703125 0.0634766 0.0546875
0 0.361328 0.452637 0.046875 0.0595703
0 0.509277 0.617188 0.0400391 0.0742188
0 0.331543 0.310059 0.0595703 0.0576172
0 0.422363 0.504395 0.0595703 0.0341797
0 0.543945 0.556152 0.0566406 0.0419922
0 0.693359 0.496094 0.0507812 0.046875
0 0.674805 0.283203 0.0527344 0.046875
0 0.726562 0.250488 0.0429688 0.0595703
0 0.475586 0.625 0.0566406 0.0546875
0 0.71582 0.640625 0.0449219 0.0527344
0 0.634277 0.414551 0.0576172 0.0439453
0 0.649414 0.389648 0.0527344 0.0410156
0 0.741211 0.727051 0.0332031 0.0810547
0 0.415527 0.390625 0.0419922 0.0742188
0 0.704102 0.739258 0.0371094 0.0742188
0 0.613281 0.798828 0.0351562 0.0527344
0 0.41748 0.563477 0.0458984 0.0644531
0 0.497559 0.527344 0.0556641 0.0449219
0 0.753906 0.52832 0.0507812 0.0488281
0 0.807129 0.412109 0.0439453 0.0820312
0 0.624512 0.821289 0.0556641 0.0566406
0 0.597656 0.755371 0.0351562 0.0673828
0 0.62793 0.600586 0.0410156 0.0664062
0 0.668945 0.24707 0.0527344 0.0605469
0 0.581055 0.804688 0.0507812 0.0546875
0 0.426758 0.19043 0.0644531 0.0507812
0 0.466797 0.65332 0.0507812 0.0566406
0 0.787109 0.339355 0.0449219 0.0712891
0 0.493164 0.423828 0.046875 0.0625
0 0.462402 0.79541 0.0576172 0.0517578
0 0.743652 0.552734 0.0498047 0.0546875
0 0.527344 0.430664 0.046875 0.0761719
0 0.549805 0.644531 0.0390625 0.0664062
