0 0.604004 0.411621 0.0146484 0.0419922
0 0.519043 0.566406 0.0146484 0.0351562
0 0.588867 0.669922 0.0214844 0.03125
0 0.591309 0.507812 0.0107422 0.0292969
0 0.430664 0.674805 0.0136719 0.0410156
0 0.479004 0.662109 0.0166016 0.0390625
0 0.405762 0.645996 0.0126953 0.0439453
0 0.411133 0.62793 0.015625 0.046875
0 0.543457 0.658203 0.0185547 0.0449219
0 0.625977 0.384766 0.0175781 0.0449219
0 0.587891 0.393066 0.0136719 0.0458984
0 0.594238 0.643555 0.0146484 0.0332031
0 0.38623 0.614258 0.0205078 0.0371094
0 0.584961 0.536133 0.0214844 0.0253906
0 0.59668 0.416992 0.0175781 0.0371094
0 0.551758 0.62793 0.0175781 0.0332031
0 0.452148 0.607422 0.0234375 0.03125
0 0.428223 0.47998 0.0224609 0.0322266
0 0.478516 0.736816 0.015625 0.0341797
0 0.496094 0.716797 0.0214844 0.0234375
0 0.606445 0.503418 0.0253906 0.0205078
0 0.637207 0.517578 0.0185547 0.0351562
0 0.633789 0.405273 0.0175781 0.0371094
0 0.617188 0.394531 0.0136719 0.0390625
0 0.612305 0.472656 0.0214844 0.0234375
0 0.544922 0.399414 0.0195312 0.0371094
0 0.558594 0.361328 0.0273438 0.0273438
0 0.62207 0.46582 0.0214844 0.0292969
0 0.537109 0.373047 0.015625 0.0332031
0 0.535156 0.671875 0.0136719 0.0429688
0 0.589844 0.481445 0.0117188 0.0371094
0 0.543457 0.42334 0.0166016 0.0380859
0 0.478027 0.719727 0.0205078 0.0175781
0 0.599609 0.547852 0.0214844 0.0214844
0 0.411133 0.720215 0.0234375 0.0244141
0 0.604492 0.433594 0.0136719 0.0371094
0 0.406738 0.675293 0.0166016 0.0419922
0 0.617188 0.642578 0.0175781 0.0351562
0 0.416992 0.53418 0.0175781 0.0332031
0 0.433105 0.601074 0.0146484 0.0419922
0 0.517578 0.589355 0.0253906 0.0283203
0 0.44043 0.571777 0.0175781 0.0361328
0 0.422363 0.615723 0.0146484 0.0400391
0 0.42041 0.693359 0.0126953 0.0429688
0 0.471191 0.581055 0.0224609 0.0253906
0 0.520996 0.423828 0.0244141 0.0351562
0 0.459961 0.709961 0.0136719 0.0429688
0 0.594727 0.690918 0.0253906 0.0283203
0 0.603516 0.63623 0.0234375 0.0244141
0 0.520508 0.631836 0.0253906 0.0214844
0 0.496094 0.435547 0.015625 0.0351562
0 0.567383 0.377441 0.0214844 0.0205078
0 0.478516 0.689453 0.0195312 0.0449219
0 0.431152 0.642578 0.0205078 0.0390625
0 0.587891 0.45752 0.0234375 0.0341797
0 0.516602 0.450195 0.0234375 0.0214844
0 0.435059 0.473633 0.0244141 0.0292969
0 0.463867 0.740234 0.015625 0.0390625
0 0.529785 0.456055 0.0244141 0.0253906
0 0.490234 0.341309 0.0214844 0.0458984
0 0.635742 0.45459 0.0195312 0.0322266
0 0.551758 0.384277 0.0195312 0.0322266
0 0.612305 0.447266 0.0214844 0.0273438
0 0.573242 0.586914 0.0214844 0.0332031
0 0.415527 0.499023 0.0185547 0.0292969
0 0.578613 0.358398 0.0185547 0.0351562
0 0.626953 0.435547 0.015625 0.0351562
0 0.537109 0.623047 0.0234375 0.03125
0 0.666992 0.500977 0.0253906 0.0234375
0 0.657227 0.454102 0.0253906 0.0253906
0 0.46582 0.785156 0.015625 0.046875
0 0.626953 0.514648 0.0195312 0.0332031
0 0.56543 0.667969 0.0253906 0.03125
0 0.614746 0.414551 0.0166016 0.0439453
0 0.595215 0.340332 0.0263672 0.0361328
0 0.463379 0.552734 0.0224609 0.0273438
0 0.571289 0.408203 0.0195312 0.0449219
0 0.606445 0.530273 0.0195312 0.0410156
0 0.402344 0.530762 0.015625 0.0439453
0 0.548828 0.694336 0.0214844 0.0292969
0 0.406738 0.459961 0.0146484 0.0449219
0 0.65332 0.515137 0.0136719 0.0439453
0 0.581055 0.517578 0.0214844 0.0273438
0 0.57373 0.339355 0.0224609 0.0224609
0 0.598145 0.362305 0.0244141 0.0253906
0 0.445312 0.756836 0.015625 0.0488281
0 0.511719 0.697266 0.015625 0.0390625
0 0.493652 0.552246 0.0224609 0.0302734
0 0.619141 0.557617 0.0234375 0.0214844
0 0.636719 0.552734 0.015625 0.0429688
0 0.563477 0.650879 0.0234375 0.0341797
0 0.483398 0.428711 0.0234375 0.0351562
0 0.562012 0.558105 0.0146484 0.0419922
0 0.402344 0.494629 0.0195312 0.0322266
0 0.451172 0.587891 0.0195312 0.0351562
0 0.496094 0.458008 0.0195312 0.0351562
0 0.612305 0.48877 0.0253906 0.0224609
0 0.446289 0.558594 0.0214844 0.03125
0 0.650391 0.427734 0.0273438 0.0273438
0 0.666992 0.533203 0.0214844 0.0351562
0 0.521484 0.379395 0.015625 0.0517578
0 0.659668 0.474609 0.0224609 0.0390625
0 0.417969 0.555664 0.0253906 0.0253906
0 0.49707 0.666016 0.0253906 0.0273438
0 0.65625 0.565918 0.015625 0.0458984
0 0.680664 0.485352 0.0214844 0.0332031
0 0.394531 0.473145 0.0195312 0.0283203
0 0.654297 0.685059 0.015625 0.0400391
0 0.565918 0.318359 0.0263672 0.0273438
0 0.605469 0.59668 0.015625 0.0390625
0 0.634766 0.692383 0.0253906 0.0253906
0 0.63623 0.603516 0.0205078 0.0371094
0 0.661133 0.649902 0.0253906 0.0263672
0 0.672363 0.410156 0.0166016 0.0390625
0 0.723633 0.550293 0.0214844 0.0361328
