0 0.364746 0.65332 0.0361328 0.0214844
0 0.488281 0.641113 0.0390625 0.0263672
0 0.42041 0.658203 0.0185547 0.0351562
0 0.20752 0.690918 0.0458984 0.0400391
0 0.307617 0.698242 0.03125 0.0292969
0 0.346191 0.632812 0.0341797 0.0234375
0 0.543945 0.620117 0.0351562 0.0410156
0 0.417969 0.257812 0.0351562 0.0195312
0 0.32666 0.648926 0.0361328 0.0419922
0 0.492188 0.603516 0.03125 0.0429688
0 0.445312 0.644531 0.0390625 0.0234375
0 0.462891 0.518555 0.0351562 0.0214844
0 0.317871 0.349121 0.0302734 0.0517578
0 0.336914 0.884766 0.0273438 0.0390625
0 0.476562 0.382324 0.0351562 0.0322266
0 0.618164 0.435547 0.0253906 0.0429688
0 0.523438 0.666992 0.0292969 0.0449219
0 0.501465 0.672852 0.0361328 0.0351562
0 0.546387 0.541016 0.0361328 0.03125
0 0.330566 0.621582 0.0322266 0.0263672
0 0.487305 0.349609 0.0292969 0.0488281
0 0.343262 0.384766 0.0302734 0.03125
