0 0.770996 0.767578 0.0224609 0.0214844
0 0.445312 0.292969 0.015625 0.0234375
0 0.466797 0.568359 0.0273438 0.0195312
0 0.345215 0.693359 0.0126953 0.0390625
0 0.468262 0.587402 0.0185547 0.0166016
0 0.489746 0.356445 0.0146484 0.0332031
0 0.393555 0.433594 0.0175781 0.0273438
0 0.486328 0.389648 0.03125 0.0136719
0 0.362793 0.460449 0.0166016 0.0380859
0 0.43457 0.36084 0.015625 0.0244141
0 0.45752 0.394531 0.0224609 0.0292969
0 0.380371 0.666504 0.0126953 0.0361328
0 0.498047 0.696777 0.03125 0.0146484
0 0.333496 0.733398 0.0185547 0.0292969
0 0.476562 0.53418 0.0136719 0.03125
0 0.438477 0.697754 0.0214844 0.0205078
0 0.500977 0.503906 0.0253906 0.0292969
0 0.448242 0.367188 0.015625 0.0234375
0 0.467285 0.676758 0.0146484 0.0253906
0 0.412109 0.309082 0.0234375 0.0283203
0 0.337402 0.66748 0.0126953 0.0341797
0 0.466309 0.40332 0.0224609 0.0214844
0 0.475586 0.614746 0.0234375 0.0166016
0 0.499512 0.41748 0.0107422 0.0341797
0 0.466797 0.74707 0.0136719 0.0371094
0 0.436523 0.547363 0.0253906 0.0185547
0 0.384766 0.605957 0.0234375 0.0224609
0 0.393555 0.413086 0.0234375 0.0175781
0 0.481934 0.368164 0.0166016 0.0292969
0 0.456543 0.32373 0.0126953 0.0263672
0 0.382324 0.706055 0.0166016 0.0292969
0 0.355957 0.480957 0.0166016 0.0341797
0 0.459473 0.642578 0.0146484 0.0234375
0 0.46582 0.537109 0.0117188 0.03125
0 0.360352 0.61084 0.0234375 0.0205078
0 0.415039 0.554688 0.0214844 0.0234375
0 0.43457 0.474609 0.0214844 0.0273438
0 0.352539 0.401855 0.0175781 0.0302734
0 0.412109 0.279297 0.0195312 0.0234375
0 0.39502 0.541992 0.0166016 0.0390625
0 0.35498 0.676758 0.0146484 0.0449219
0 0.45459 0.541016 0.0185547 0.0273438
0 0.331055 0.698242 0.0195312 0.0351562
0 0.445312 0.623047 0.0234375 0.0195312
0 0.46582 0.457031 0.0234375 0.03125
0 0.5 0.519043 0.0273438 0.0146484
0 0.503906 0.369141 0.015625 0.0351562
0 0.456543 0.514648 0.0126953 0.0292969
0 0.408691 0.53418 0.0146484 0.03125
0 0.391602 0.650391 0.015625 0.0351562
0 0.483887 0.5 0.0302734 0.0175781
0 0.442383 0.38916 0.00976562 0.0263672
0 0.381836 0.330566 0.0175781 0.0361328
0 0.394531 0.498047 0.0273438 0.0234375
0 0.38623 0.679688 0.0146484 0.0273438
0 0.461914 0.419434 0.0253906 0.0126953
0 0.388672 0.515625 0.0136719 0.0292969
0 0.399414 0.28418 0.0195312 0.0371094
0 0.489746 0.654297 0.0263672 0.0253906
0 0.385254 0.483398 0.0263672 0.0136719
0 0.474121 0.739258 0.0126953 0.0332031
0 0.444336 0.712891 0.0175781 0.0214844
0 0.387695 0.362305 0.0273438 0.0273438
0 0.454102 0.571289 0.0175781 0.0292969
0 0.486816 0.542969 0.00878906 0.0351562
0 0.472656 0.634766 0.0117188 0.0273438
0 0.440918 0.59082 0.0263672 0.0136719
0 0.425293 0.265137 0.0166016 0.0361328
0 0.47168 0.244629 0.0214844 0.0458984
0 0.442383 0.689941 0.0234375 0.0263672
0 0.40918 0.358887 0.0253906 0.0205078
0 0.439941 0.277344 0.0205078 0.0292969
0 0.479492 0.277344 0.0175781 0.0195312
0 0.445312 0.307617 0.0195312 0.0136719
0 0.443359 0.569824 0.015625 0.0302734
0 0.466797 0.603516 0.0175781 0.0195312
0 0.428223 0.308594 0.0146484 0.0351562
0 0.486328 0.668945 0.0273438 0.0253906
0 0.46582 0.488281 0.0253906 0.0214844
0 0.348145 0.729492 0.0205078 0.0332031
0 0.408203 0.581055 0.0136719 0.0332031
0 0.377441 0.407715 0.0166016 0.0419922
0 0.346191 0.431641 0.0185547 0.0351562
0 0.435059 0.521484 0.0166016 0.0214844
0 0.393066 0.475098 0.0302734 0.0126953
0 0.464844 0.718262 0.0117188 0.0283203
0 0.447754 0.466797 0.0166016 0.0273438
0 0.345703 0.387695 0.0253906 0.0371094
0 0.418945 0.336914 0.03125 0.0253906
0 0.486816 0.421875 0.0146484 0.0195312
0 0.426758 0.572266 0.0136719 0.0332031
0 0.395508 0.395996 0.0214844 0.0146484
0 0.42627 0.533203 0.0244141 0.0117188
0 0.417969 0.699219 0.0175781 0.0273438
0 0.459473 0.35498 0.0107422 0.0341797
0 0.488281 0.262207 0.0136719 0.0439453
0 0.510254 0.555664 0.0263672 0.0253906
0 0.384277 0.44873 0.0126953 0.0380859
0 0.372559 0.642578 0.0244141 0.0273438
0 0.381836 0.298828 0.0136719 0.0351562
0 0.365234 0.715332 0.0214844 0.0166016
0 0.508789 0.41748 0.00976562 0.0380859
0 0.471191 0.560059 0.0263672 0.0166016
0 0.477051 0.716797 0.0146484 0.0351562
0 0.379883 0.535156 0.0136719 0.0390625
0 0.495117 0.723633 0.0175781 0.0332031
0 0.464844 0.266602 0.0117188 0.0390625
0 0.402344 0.826172 0.0234375 0.015625
0 0.409668 0.294922 0.0263672 0.0195312
0 0.499512 0.58252 0.0166016 0.0400391
0 0.456543 0.683594 0.0126953 0.0292969
0 0.405273 0.454102 0.0253906 0.0253906
0 0.311035 0.237793 0.0302734 0.0361328
0 0.517578 0.77832 0.015625 0.0371094
0 0.419434 0.589355 0.0107422 0.0341797
0 0.416992 0.614258 0.0214844 0.0253906
0 0.446289 0.605469 0.0175781 0.0234375
0 0.52002 0.652344 0.0146484 0.046875
0 0.384277 0.260742 0.0224609 0.0332031
0 0.372559 0.501953 0.0263672 0.015625
0 0.48877 0.755371 0.0166016 0.0341797
0 0.440918 0.851562 0.00878906 0.0351562
0 0.521484 0.758789 0.0195312 0.0371094
0 0.512207 0.459473 0.0263672 0.0283203
0 0.418945 0.475098 0.0214844 0.0322266
0 0.396484 0.582031 0.015625 0.0390625
0 0.373535 0.580566 0.0126953 0.0400391
0 0.48291 0.578125 0.0126953 0.0332031
0 0.419434 0.800293 0.0322266 0.0166016
0 0.325195 0.316895 0.0332031 0.0322266
0 0.45166 0.726074 0.0166016 0.0361328
0 0.407715 0.755859 0.0146484 0.0546875
0 0.434082 0.453125 0.0263672 0.0195312
0 0.429688 0.427734 0.0273438 0.0195312
0 0.34668 0.603516 0.0292969 0.0253906
0 0.455566 0.751953 0.0146484 0.03125
0 0.311035 0.52832 0.0302734 0.0410156
0 0.458984 0.660156 0.0273438 0.015625
0 0.467285 0.82373 0.0283203 0.0185547
0 0.209961 0.397949 0.0195312 0.0380859
0 0.279785 0.720703 0.0283203 0.0273438
0 0.318848 0.283691 0.0322266 0.0322266
0 0.44043 0.879883 0.0253906 0.0253906
