0 0.475098 0.535156 0.0341797 0.0664062
0 0.462891 0.528809 0.0273438 0.0654297
0 0.436523 0.416992 0.0253906 0.0410156
0 0.411133 0.46582 0.0214844 0.0527344
0 0.412598 0.425293 0.0205078 0.0419922
0 0.626953 0.491699 0.0390625 0.0244141
0 0.543457 0.563477 0.0380859 0.0410156
0 0.481445 0.654297 0.0371094 0.0625
0 0.527344 0.465332 0.0292969 0.0634766
0 0.465332 0.492676 0.0517578 0.0419922
0 0.400879 0.550781 0.0400391 0.0351562
0 0.554688 0.441406 0.0273438 0.0722656
0 0.455078 0.566406 0.0253906 0.0664062
0 0.480957 0.589844 0.0205078 0.0507812
0 0.436523 0.442383 0.0351562 0.0292969
0 0.460449 0.388184 0.0322266 0.0400391
0 0.576172 0.434082 0.0253906 0.0654297
0 0.435547 0.576172 0.0234375 0.0664062
0 0.575195 0.619141 0.0136719 0.0546875
0 0.487793 0.624023 0.0380859 0.0332031
0 0.416016 0.53125 0.0507812 0.0234375
0 0.414551 0.509766 0.0478516 0.03125
0 0.475098 0.447754 0.0361328 0.0537109
0 0.496582 0.435059 0.0458984 0.0263672
0 0.447266 0.403809 0.0449219 0.0322266
0 0.59375 0.478027 0.0429688 0.0556641
0 0.430664 0.484863 0.0332031 0.0576172
0 0.394043 0.470215 0.0205078 0.0654297
0 0.371094 0.515137 0.0273438 0.0634766
0 0.500977 0.553223 0.0351562 0.0654297
0 0.49707 0.476074 0.0371094 0.0419922
0 0.53418 0.670898 0.046875 0.0605469
0 0.541992 0.520508 0.0488281 0.046875
0 0.511719 0.664062 0.0390625 0.0507812
0 0.62793 0.45752 0.046875 0.0537109
0 0.456543 0.344238 0.0478516 0.0419922
0 0.564453 0.669922 0.0429688 0.0585938
