0 0.554199 0.322754 0.0185547 0.0478516
0 0.324219 0.464355 0.0703125 0.0341797
0 0.572266 0.230469 0.078125 0.0664062
0 0.643555 0.162109 0.0527344 0.0507812
0 0.689941 0.388184 0.0673828 0.0458984
0 0.296387 0.38916 0.0458984 0.0439453
0 0.445801 0.459473 0.0537109 0.0634766
0 0.479492 0.291016 0.0390625 0.078125
0 0.654297 0.190918 0.0546875 0.0595703
0 0.842773 0.26416 0.0410156 0.0615234
0 0.510742 0.297363 0.0253906 0.0751953
0 0.700195 0.130859 0.0371094 0.0703125
0 0.769531 0.138672 0.0585938 0.046875
0 0.942383 0.224121 0.0761719 0.0498047
