0 0.733398 0.552246 0.03125 0.0634766
0 0.186035 0.486816 0.0166016 0.0478516
0 0.719727 0.543945 0.0449219 0.0371094
0 0.489258 0.486328 0.0214844 0.0351562
0 0.479004 0.520996 0.0244141 0.0224609
0 0.467773 0.613281 0.0292969 0.0546875
0 0.365234 0.480469 0.03125 0.0195312
0 0.692383 0.825195 0.0136719 0.0371094
0 0.490723 0.662598 0.0341797 0.0361328
0 0.286133 0.435547 0.0449219 0.0195312
0 0.377441 0.46582 0.0556641 0.0332031
0 0.222656 0.504395 0.03125 0.0615234
0 0.52832 0.503906 0.0175781 0.0546875
0 0.523438 0.688965 0.0410156 0.0400391
0 0.443359 0.479492 0.0273438 0.0175781
0 0.461426 0.588867 0.0498047 0.0253906
0 0.443359 0.698242 0.0546875 0.0214844
0 0.525391 0.458008 0.046875 0.0488281
0 0.552734 0.696289 0.0234375 0.0683594
0 0.519531 0.404785 0.0390625 0.0380859
0 0.667969 0.571289 0.046875 0.0449219
