0 0.361816 0.516602 0.0107422 0.0253906
0 0.42627 0.416992 0.0146484 0.0253906
0 0.452148 0.72168 0.0175781 0.0175781
0 0.460938 0.311523 0.0214844 0.0136719
0 0.475586 0.608398 0.0136719 0.015625
0 0.47168 0.342773 0.015625 0.0234375
0 0.447266 0.717773 0.0175781 0.015625
0 0.441895 0.452637 0.0126953 0.0244141
0 0.483398 0.418945 0.0136719 0.0292969
0 0.453125 0.572266 0.0195312 0.0234375
0 0.446289 0.74707 0.0136719 0.0292969
0 0.386719 0.640625 0.0175781 0.015625
0 0.496582 0.576172 0.0205078 0.0234375
0 0.577148 0.453125 0.015625 0.0136719
0 0.41748 0.322266 0.0146484 0.0214844
0 0.495117 0.619629 0.0117188 0.0205078
0 0.362305 0.636719 0.0136719 0.0214844
0 0.43457 0.360352 0.0136719 0.0234375
0 0.45752 0.286621 0.0146484 0.0224609
0 0.417969 0.671875 0.0117188 0.0273438
0 0.469727 0.723633 0.0117188 0.0292969
0 0.464844 0.33252 0.0136719 0.0205078
0 0.370605 0.379883 0.0224609 0.0253906
0 0.427734 0.30957 0.0117188 0.0253906
0 0.650391 0.586914 0.015625 0.0175781
0 0.467285 0.349121 0.0146484 0.0205078
0 0.224121 0.486328 0.0185547 0.0195312
0 0.488281 0.581055 0.015625 0.0214844
0 0.464844 0.654297 0.0234375 0.015625
0 0.428711 0.688477 0.0175781 0.0175781
0 0.429688 0.706055 0.015625 0.0214844
0 0.42627 0.332031 0.0146484 0.0253906
0 0.441406 0.424316 0.015625 0.0205078
0 0.398438 0.625977 0.0136719 0.0214844
0 0.464844 0.419434 0.0117188 0.0263672
0 0.644531 0.580078 0.0175781 0.0234375
0 0.503906 0.446289 0.0351562 0.0175781
0 0.379883 0.597656 0.0117188 0.0234375
0 0.322754 0.612305 0.0107422 0.0253906
0 0.438965 0.372559 0.0126953 0.0244141
0 0.312012 0.61377 0.0107422 0.0263672
0 0.461914 0.624023 0.0175781 0.0195312
0 0.234863 0.456055 0.0126953 0.0292969
0 0.427734 0.271484 0.0195312 0.0195312
0 0.410156 0.665039 0.0136719 0.0253906
0 0.442383 0.708984 0.0136719 0.0234375
0 0.432129 0.564453 0.0224609 0.0195312
0 0.465332 0.708008 0.0126953 0.0253906
0 0.464844 0.316895 0.0214844 0.0146484
0 0.389648 0.438477 0.0117188 0.0292969
0 0.473633 0.758789 0.0195312 0.0253906
0 0.421875 0.527344 0.0078125 0.0273438
0 0.371094 0.646484 0.015625 0.0234375
0 0.443359 0.393555 0.015625 0.0292969
0 0.452637 0.364258 0.0126953 0.0332031
0 0.306152 0.652832 0.0166016 0.0263672
0 0.497559 0.371094 0.0126953 0.0234375
0 0.31543 0.642578 0.015625 0.0195312
0 0.499023 0.348633 0.0136719 0.0253906
0 0.397949 0.330566 0.0146484 0.0224609
0 0.478516 0.393555 0.0195312 0.0175781
0 0.455078 0.702148 0.00976562 0.0292969
0 0.488281 0.400879 0.0175781 0.0107422
0 0.494141 0.321289 0.0117188 0.0292969
0 0.466309 0.272949 0.0205078 0.0185547
0 0.276855 0.601074 0.0126953 0.0283203
0 0.47998 0.618652 0.0205078 0.0126953
0 0.424805 0.401367 0.0175781 0.0253906
0 0.244629 0.527344 0.0107422 0.03125
0 0.473145 0.376465 0.0126953 0.0224609
0 0.238281 0.495117 0.0117188 0.0253906
0 0.388672 0.501953 0.015625 0.0195312
0 0.361328 0.536133 0.0136719 0.0292969
0 0.362305 0.645508 0.0136719 0.0234375
0 0.478516 0.348145 0.0117188 0.0283203
0 0.437012 0.522461 0.0185547 0.0214844
0 0.527344 0.594727 0.0195312 0.0175781
0 0.445312 0.286621 0.00976562 0.0224609
0 0.455566 0.726562 0.0146484 0.0234375
0 0.45166 0.613281 0.0107422 0.0234375
0 0.282715 0.602539 0.0107422 0.0273438
0 0.399902 0.524902 0.0126953 0.0263672
0 0.503906 0.42627 0.0195312 0.0283203
0 0.397949 0.545898 0.0166016 0.0214844
0 0.439941 0.744141 0.0126953 0.03125
0 0.483887 0.278809 0.0126953 0.0400391
0 0.409668 0.316895 0.0107422 0.0322266
0 0.375488 0.496582 0.0224609 0.0126953
0 0.453613 0.751465 0.0107422 0.0224609
0 0.293945 0.613281 0.0175781 0.0175781
0 0.303711 0.579102 0.0117188 0.0292969
0 0.588867 0.458496 0.0136719 0.0361328
0 0.599121 0.442871 0.0205078 0.0244141
0 0.433594 0.287598 0.0195312 0.0146484
0 0.388184 0.519531 0.0146484 0.0234375
0 0.474609 0.412598 0.0136719 0.0224609
0 0.313965 0.582031 0.0126953 0.0234375
0 0.321777 0.592773 0.0185547 0.0136719
0 0.38916 0.674316 0.0107422 0.0322266
0 0.456055 0.269531 0.0214844 0.0175781
0 0.431641 0.633789 0.0175781 0.0136719
0 0.485352 0.600586 0.0175781 0.0214844
0 0.40332 0.392578 0.0175781 0.015625
0 0.482422 0.298828 0.0136719 0.0253906
0 0.489258 0.420898 0.0136719 0.0292969
0 0.464844 0.663086 0.0234375 0.0136719
0 0.446777 0.666992 0.0126953 0.0214844
0 0.543945 0.616699 0.0175781 0.0205078
0 0.459961 0.393555 0.0175781 0.0234375
0 0.441406 0.6875 0.0117188 0.0234375
0 0.512695 0.589844 0.015625 0.015625
0 0.417969 0.301758 0.0117188 0.0253906
0 0.282227 0.580078 0.0234375 0.0175781
0 0.41748 0.62207 0.0224609 0.015625
0 0.431152 0.441406 0.0146484 0.0253906
0 0.232422 0.519043 0.0117188 0.0302734
0 0.355957 0.536621 0.0107422 0.0302734
0 0.65918 0.601562 0.0117188 0.03125
0 0.453125 0.583984 0.0234375 0.0136719
0 0.404297 0.432129 0.0214844 0.0205078
0 0.457031 0.769531 0.0195312 0.0117188
0 0.445312 0.337402 0.0214844 0.0224609
0 0.411133 0.634766 0.0175781 0.0117188
0 0.37793 0.529785 0.0136719 0.0224609
0 0.204102 0.503418 0.0136719 0.0224609
0 0.326172 0.62793 0.0175781 0.0214844
0 0.501953 0.319336 0.0078125 0.0292969
0 0.441895 0.321289 0.0126953 0.0253906
0 0.633789 0.568359 0.0253906 0.0195312
0 0.651367 0.62207 0.0253906 0.0136719
0 0.443848 0.303711 0.0224609 0.015625
0 0.254395 0.536133 0.0146484 0.0253906
0 0.628906 0.589844 0.015625 0.0292969
0 0.431641 0.665527 0.0175781 0.0224609
0 0.446777 0.501953 0.0302734 0.0117188
0 0.425781 0.646973 0.0195312 0.0146484
0 0.478027 0.439453 0.0166016 0.03125
0 0.48877 0.65332 0.0107422 0.0332031
0 0.402344 0.309082 0.00976562 0.0302734
0 0.407227 0.609375 0.0214844 0.015625
0 0.377441 0.630859 0.0185547 0.0117188
0 0.486816 0.368164 0.0107422 0.0292969
0 0.438477 0.474609 0.0175781 0.0234375
0 0.425781 0.34668 0.0195312 0.0175781
0 0.200195 0.446289 0.0234375 0.0136719
0 0.191895 0.52832 0.0126953 0.0292969
0 0.405273 0.646484 0.0214844 0.0117188
0 0.427734 0.383301 0.0195312 0.0166016
0 0.38916 0.362793 0.0126953 0.0322266
0 0.466309 0.685547 0.0126953 0.0273438
0 0.338379 0.572266 0.0146484 0.03125
0 0.413086 0.509766 0.0175781 0.0253906
0 0.426758 0.541992 0.0175781 0.0292969
0 0.456055 0.67627 0.0175781 0.0146484
0 0.398926 0.743164 0.0126953 0.0292969
0 0.244141 0.586914 0.015625 0.0253906
0 0.355469 0.618652 0.0195312 0.0146484
0 0.480469 0.322266 0.0195312 0.0195312
0 0.202148 0.43457 0.0214844 0.0117188
0 0.651367 0.56543 0.0136719 0.0273438
0 0.462891 0.740234 0.0117188 0.0253906
0 0.261719 0.467285 0.0136719 0.0263672
0 0.478027 0.699219 0.0146484 0.0273438
0 0.400391 0.682617 0.015625 0.0175781
0 0.508789 0.378906 0.0214844 0.015625
0 0.246094 0.452637 0.0117188 0.0263672
0 0.645996 0.606445 0.0146484 0.0292969
0 0.422852 0.772461 0.0195312 0.00976562
0 0.610352 0.637695 0.0253906 0.0136719
0 0.328613 0.651367 0.0205078 0.0214844
0 0.597656 0.480957 0.0195312 0.0166016
0 0.274414 0.62207 0.0234375 0.0175781
0 0.458984 0.527344 0.0234375 0.015625
0 0.546875 0.521484 0.0195312 0.0195312
0 0.408203 0.274902 0.015625 0.0263672
0 0.451172 0.490234 0.0234375 0.0117188
0 0.415527 0.717773 0.0126953 0.0253906
0 0.261719 0.597656 0.0195312 0.015625
0 0.533203 0.505859 0.0234375 0.0234375
0 0.283691 0.479492 0.0146484 0.0332031
0 0.556641 0.518555 0.015625 0.0253906
0 0.22168 0.546387 0.0234375 0.0146484
0 0.404297 0.346191 0.0195312 0.0224609
0 0.669922 0.605469 0.015625 0.0351562
0 0.586914 0.501953 0.0214844 0.0195312
0 0.380859 0.425293 0.015625 0.0263672
0 0.223633 0.456055 0.015625 0.0332031
0 0.483398 0.496094 0.0253906 0.015625
0 0.241699 0.472656 0.0205078 0.0195312
0 0.249023 0.503906 0.0195312 0.0195312
0 0.525391 0.541016 0.0117188 0.0273438
0 0.648438 0.650391 0.0234375 0.0234375
0 0.549316 0.438965 0.0166016 0.0283203
0 0.183105 0.555176 0.0185547 0.0224609
