0 0.65332 0.636719 0.0175781 0.0390625
0 0.654297 0.661133 0.0234375 0.0332031
0 0.583008 0.580078 0.0214844 0.0390625
0 0.333008 0.6875 0.0175781 0.0371094
0 0.547852 0.463867 0.0214844 0.0371094
0 0.636719 0.527344 0.03125 0.0273438
0 0.621094 0.556641 0.0195312 0.0390625
0 0.584961 0.600098 0.0292969 0.0224609
0 0.244141 0.36377 0.0234375 0.0244141
0 0.59375 0.663086 0.0195312 0.0566406
0 0.591797 0.580566 0.0273438 0.0322266
0 0.475586 0.422852 0.0175781 0.0527344
0 0.5625 0.448242 0.0234375 0.0488281
0 0.613281 0.532227 0.0234375 0.0410156
0 0.356445 0.213867 0.0292969 0.0410156
0 0.644531 0.536133 0.0273438 0.0234375
0 0.334473 0.667969 0.0263672 0.0390625
0 0.538086 0.720703 0.0175781 0.0585938
0 0.553711 0.391113 0.0214844 0.0517578
0 0.405273 0.623535 0.0253906 0.0517578
0 0.617188 0.646484 0.0195312 0.0546875
0 0.615723 0.429199 0.0185547 0.0634766
0 0.433594 0.486816 0.0253906 0.0458984
0 0.437988 0.516602 0.0244141 0.0507812
0 0.630859 0.626953 0.03125 0.0351562
0 0.431641 0.577637 0.0234375 0.0615234
0 0.498535 0.492676 0.0185547 0.0576172
0 0.638672 0.709961 0.0195312 0.0566406
0 0.368652 0.530273 0.0302734 0.0292969
0 0.526855 0.303711 0.0283203 0.03125
0 0.553711 0.422363 0.0332031 0.0302734
0 0.350098 0.673828 0.0244141 0.0488281
0 0.60791 0.571777 0.0185547 0.0517578
0 0.421387 0.490723 0.0224609 0.0498047
0 0.65332 0.677734 0.0292969 0.0273438
0 0.353027 0.266602 0.0205078 0.0625
0 0.660156 0.609863 0.03125 0.0419922
0 0.639648 0.393066 0.0332031 0.0302734
0 0.450684 0.725586 0.0205078 0.0449219
0 0.373535 0.710449 0.0244141 0.0576172
0 0.305664 0.141602 0.0253906 0.0507812
0 0.583008 0.630859 0.0175781 0.0585938
0 0.604492 0.226074 0.0292969 0.0419922
0 0.297852 0.541992 0.0195312 0.0566406
0 0.567383 0.606445 0.0175781 0.0566406
0 0.41748 0.669922 0.0185547 0.0507812
0 0.377441 0.560547 0.0185547 0.0488281
0 0.634766 0.412109 0.03125 0.0273438
0 0.343262 0.582031 0.0185547 0.0546875
0 0.495605 0.375488 0.0224609 0.0556641
0 0.490234 0.416992 0.0195312 0.0371094
0 0.411621 0.210938 0.0263672 0.0664062
0 0.531738 0.465332 0.0185547 0.0576172
0 0.541504 0.221191 0.0322266 0.0322266
0 0.21875 0.199707 0.03125 0.0419922
0 0.259766 0.434082 0.0292969 0.0419922
0 0.631348 0.669922 0.0302734 0.046875
0 0.509766 0.282227 0.03125 0.0332031
0 0.271973 0.444336 0.0302734 0.0449219
0 0.383301 0.512695 0.0205078 0.0449219
0 0.458496 0.514648 0.0283203 0.0371094
0 0.637695 0.49707 0.0195312 0.0488281
0 0.391602 0.462891 0.0332031 0.03125
0 0.575195 0.25293 0.0214844 0.0605469
0 0.347168 0.314453 0.0302734 0.0292969
0 0.610352 0.339844 0.0214844 0.0507812
0 0.31543 0.208496 0.0234375 0.0537109
0 0.594238 0.317383 0.0263672 0.0449219
0 0.490723 0.694336 0.0263672 0.0527344
0 0.491699 0.234863 0.0341797 0.0302734
0 0.614258 0.496582 0.0332031 0.0380859
0 0.498047 0.549805 0.0195312 0.0644531
0 0.654297 0.493164 0.0234375 0.0527344
0 0.333984 0.432129 0.0371094 0.0283203
0 0.279785 0.158203 0.0205078 0.0507812
0 0.511719 0.455566 0.0273438 0.0419922
0 0.489746 0.455566 0.0361328 0.0283203
0 0.259277 0.320801 0.0361328 0.0341797
0 0.586426 0.734375 0.0244141 0.0507812
0 0.592773 0.535156 0.0214844 0.0566406
0 0.335938 0.360352 0.0332031 0.0332031
0 0.636719 0.439453 0.03125 0.0390625
0 0.415039 0.318359 0.0195312 0.0546875
0 0.326172 0.575195 0.0195312 0.0605469
0 0.475586 0.53418 0.0273438 0.0332031
0 0.635742 0.46582 0.0253906 0.0429688
0 0.508789 0.30957 0.0292969 0.0429688
0 0.596191 0.270508 0.0205078 0.0546875
0 0.631836 0.223633 0.0253906 0.0488281
0 0.626953 0.356445 0.0273438 0.0488281
0 0.596191 0.214844 0.0244141 0.0507812
0 0.623535 0.714844 0.0185547 0.0546875
0 0.307617 0.244629 0.0351562 0.0361328
0 0.47998 0.481445 0.0302734 0.0410156
0 0.633789 0.586914 0.0332031 0.0371094
0 0.532227 0.369629 0.0273438 0.0537109
0 0.633301 0.148926 0.0263672 0.0478516
0 0.627441 0.177734 0.0341797 0.0292969
0 0.435547 0.324707 0.0214844 0.0478516
0 0.408691 0.551758 0.0341797 0.0332031
0 0.605957 0.756836 0.0322266 0.0429688
0 0.48291 0.590332 0.0205078 0.0615234
0 0.449219 0.59082 0.0253906 0.0371094
0 0.518555 0.213379 0.0214844 0.0615234
0 0.570801 0.218262 0.0263672 0.0498047
0 0.370605 0.466309 0.0205078 0.0576172
0 0.37793 0.22168 0.0292969 0.0449219
0 0.513184 0.714355 0.0283203 0.0439453
0 0.40918 0.58252 0.0351562 0.0380859
