0 0.209473 0.547852 0.0380859 0.0253906
0 0.251465 0.546387 0.0517578 0.0361328
0 0.951172 0.570312 0.0546875 0.046875
0 0.500977 0.291992 0.0722656 0.0292969
0 0.549316 0.407227 0.0458984 0.0449219
0 0.300781 0.181641 0.0664062 0.03125
0 0.125 0.423828 0.0625 0.0332031
0 0.638672 0.579102 0.046875 0.0488281
0 0.76123 0.515137 0.0556641 0.0478516
0 0.216797 0.330078 0.0625 0.0546875
0 0.774414 0.323242 0.0566406 0.0527344
0 0.547852 0.552734 0.0507812 0.046875
0 0.442871 0.433105 0.0478516 0.0498047
0 0.626953 0.770508 0.0585938 0.0488281
0 0.719238 0.729004 0.0615234 0.0322266
0 0.208008 0.512207 0.0644531 0.0419922
0 0.278809 0.662109 0.0634766 0.03125
0 0.319824 0.574707 0.0556641 0.0439453
0 0.569824 0.456543 0.0693359 0.0361328
0 0.349609 0.758301 0.0585938 0.0380859
