0 0.474121 0.505371 0.0244141 0.0126953
0 0.473145 0.477051 0.0185547 0.0224609
0 0.572266 0.416992 0.0195312 0.0253906
0 0.487305 0.480957 0.0214844 0.0126953
0 0.45166 0.495117 0.0224609 0.0136719
0 0.522461 0.469727 0.0234375 0.0136719
0 0.477051 0.524414 0.0185547 0.0214844
0 0.487793 0.464355 0.0185547 0.0185547
0 0.466797 0.512695 0.0214844 0.0175781
0 0.544922 0.458984 0.0234375 0.015625
0 0.480469 0.498047 0.0234375 0.015625
0 0.529785 0.446289 0.0205078 0.0175781
0 0.458984 0.489746 0.0195312 0.0205078
0 0.529297 0.481445 0.0214844 0.015625
0 0.52002 0.459473 0.0224609 0.0146484
0 0.493164 0.491211 0.0253906 0.0175781
0 0.463379 0.523438 0.0224609 0.0136719
0 0.382812 0.515137 0.0351562 0.0263672
0 0.506348 0.48877 0.0224609 0.0205078
0 0.498047 0.463379 0.0195312 0.0224609
0 0.494141 0.533203 0.0234375 0.015625
0 0.496094 0.541992 0.0234375 0.015625
0 0.508789 0.479004 0.0214844 0.0224609
0 0.54541 0.472168 0.0205078 0.0146484
0 0.451172 0.507812 0.0195312 0.0195312
0 0.516602 0.438965 0.0136719 0.0400391
0 0.523438 0.497559 0.00976562 0.0283203
0 0.547852 0.420898 0.00976562 0.0332031
0 0.472656 0.466797 0.0195312 0.0234375
0 0.492676 0.518066 0.0146484 0.0205078
0 0.472656 0.540039 0.0214844 0.0253906
0 0.504883 0.504883 0.0234375 0.0136719
0 0.439453 0.48877 0.0195312 0.0166016
0 0.5625 0.411133 0.015625 0.0292969
0 0.344238 0.475586 0.0283203 0.0175781
0 0.504883 0.516602 0.0214844 0.015625
0 0.573242 0.464355 0.00976562 0.0322266
0 0.46582 0.340332 0.0214844 0.0205078
0 0.45752 0.470703 0.0185547 0.0234375
0 0.580566 0.422363 0.0126953 0.0283203
0 0.472168 0.354492 0.0263672 0.0136719
0 0.44043 0.474609 0.0214844 0.015625
0 0.217773 0.599609 0.0292969 0.03125
0 0.57959 0.439453 0.0205078 0.0195312
0 0.555664 0.438965 0.0214844 0.0205078
0 0.552734 0.480957 0.0214844 0.0205078
0 0.586914 0.508789 0.0136719 0.0332031
0 0.481445 0.555176 0.0253906 0.0166016
0 0.582031 0.452148 0.0195312 0.0175781
0 0.440918 0.340332 0.0244141 0.0185547
0 0.450195 0.32666 0.0175781 0.0185547
0 0.498047 0.449219 0.0234375 0.015625
0 0.297852 0.489746 0.015625 0.0302734
0 0.446289 0.355469 0.0234375 0.0175781
0 0.484375 0.338867 0.0195312 0.0273438
0 0.372559 0.358887 0.0224609 0.0263672
0 0.453125 0.581055 0.0234375 0.0214844
0 0.613281 0.435547 0.0195312 0.015625
0 0.516602 0.527344 0.015625 0.0234375
0 0.269531 0.46875 0.0214844 0.0273438
0 0.551758 0.349121 0.0214844 0.0244141
0 0.425293 0.338867 0.0166016 0.0292969
