0 0.461914 0.377441 0.0234375 0.0244141
0 0.424805 0.667969 0.0136719 0.0351562
0 0.424805 0.700684 0.0136719 0.0419922
0 0.425781 0.384766 0.0136719 0.0585938
0 0.42334 0.637207 0.0185547 0.0361328
0 0.42334 0.736328 0.0302734 0.0273438
0 0.471191 0.64502 0.0341797 0.0302734
0 0.495117 0.666992 0.0371094 0.0273438
0 0.473633 0.367676 0.03125 0.0166016
0 0.394531 0.430664 0.0136719 0.0449219
0 0.452148 0.451172 0.0273438 0.0117188
0 0.498047 0.477539 0.0273438 0.0214844
0 0.418945 0.588379 0.0136719 0.0439453
0 0.494141 0.378906 0.0351562 0.015625
0 0.408691 0.429688 0.0146484 0.0234375
0 0.450195 0.387695 0.0292969 0.0292969
0 0.560547 0.599121 0.0273438 0.0380859
0 0.447266 0.67627 0.0253906 0.0263672
0 0.474609 0.467773 0.0234375 0.0292969
0 0.510742 0.637695 0.0136719 0.0410156
0 0.399414 0.462891 0.0273438 0.0195312
0 0.513672 0.42334 0.0234375 0.0322266
