0 0.320312 0.489746 0.0449219 0.0478516
0 0.583984 0.802246 0.0351562 0.0302734
0 0.487793 0.325684 0.0244141 0.0556641
0 0.323242 0.472656 0.0449219 0.0507812
0 0.199707 0.492676 0.0283203 0.0498047
0 0.285645 0.618652 0.0302734 0.0400391
0 0.515137 0.725586 0.0283203 0.0683594
0 0.538086 0.750977 0.046875 0.0332031
0 0.187012 0.481934 0.0224609 0.0595703
0 0.594727 0.594727 0.0332031 0.0605469
0 0.389648 0.361816 0.0488281 0.0361328
0 0.202637 0.798828 0.0400391 0.0644531
0 0.416992 0.572754 0.0332031 0.0595703
0 0.193359 0.696289 0.046875 0.0332031
0 0.510254 0.772461 0.0517578 0.0292969
0 0.547852 0.456055 0.0449219 0.0410156
0 0.289062 0.825195 0.0332031 0.0605469
0 0.585938 0.912598 0.03125 0.0693359
0 0.23584 0.519531 0.0322266 0.0585938
0 0.395508 0.776855 0.0410156 0.0380859
0 0.341309 0.770508 0.0478516 0.0410156
0 0.464355 0.305664 0.0458984 0.0390625
0 0.552734 0.771484 0.03125 0.046875
0 0.53125 0.395508 0.0292969 0.0625
0 0.211914 0.413086 0.0546875 0.0371094
0 0.494141 0.483887 0.03125 0.0498047
0 0.110352 0.491211 0.0429688 0.0566406
0 0.606445 0.666504 0.0449219 0.0537109
0 0.396484 0.270508 0.0292969 0.0644531
0 0.123047 0.519531 0.03125 0.0625
0 0.464355 0.363281 0.0517578 0.0429688
0 0.314453 0.59668 0.0371094 0.0566406
0 0.585938 0.527344 0.046875 0.0507812
0 0.570312 0.849609 0.0351562 0.0546875
0 0.102539 0.413086 0.0390625 0.0644531
0 0.338379 0.219238 0.0478516 0.0517578
