0 0.305664 0.835938 0.0722656 0.0742188
0 0.187012 0.658203 0.0576172 0.105469
0 0.516113 0.34082 0.0986328 0.0644531
0 0.246582 0.810547 0.0732422 0.0996094
0 0.459961 0.573242 0.0722656 0.0644531
0 0.483398 0.797363 0.0878906 0.12793
0 0.546875 0.697754 0.0703125 0.141602
0 0.483887 0.454102 0.0419922 0.115234
0 0.492188 0.189941 0.0761719 0.0458984
0 0.225586 0.870117 0.0800781 0.152344
0 0.595703 0.31543 0.0742188 0.0917969
0 0.23291 0.460938 0.0380859 0.105469
0 0.681641 0.543457 0.105469 0.0654297
0 0.472168 0.310059 0.0849609 0.0791016
0 0.35791 0.949219 0.0439453 0.101562
0 0.231445 0.673828 0.0859375 0.0839844
0 0.59668 0.395508 0.0527344 0.0957031
0 0.53418 0.603516 0.0488281 0.117188
