1 0.43457 0.267578 0.126953 0.208984
1 0.70459 0.444336 0.0869141 0.242188
1 0.874023 0.712891 0.216797 0.214844
1 0.0498047 0.333984 0.0957031 0.208984
1 0.234375 0.483398 0.0898438 0.220703
1 0.45752 0.214844 0.15918 0.15625
1 0.596191 0.726074 0.182617 0.188477
1 0.758301 0.659668 0.151367 0.22168
1 0.552734 0.334961 0.164062 0.171875
1 0.318848 0.52832 0.137695 0.242188
1 0.633789 0.540039 0.119141 0.242188
1 0.445801 0.469727 0.151367 0.138672
1 0.634766 0.119629 0.183594 0.176758
1 0.539062 0.640625 0.125 0.222656
1 0.4375 0.605957 0.125 0.174805
1 0.335938 0.73877 0.164062 0.237305
