0 0.471191 0.34668 0.0205078 0.0644531
0 0.500488 0.50293 0.0458984 0.0292969
0 0.480957 0.50293 0.0244141 0.0507812
0 0.52002 0.45166 0.0205078 0.0556641
0 0.51416 0.525879 0.0361328 0.0341797
0 0.478516 0.662109 0.0273438 0.0507812
0 0.462891 0.532227 0.0195312 0.0605469
0 0.492676 0.678711 0.0302734 0.0566406
0 0.516602 0.592773 0.0214844 0.0527344
0 0.505859 0.563965 0.0195312 0.0458984
0 0.492188 0.581055 0.015625 0.0566406
0 0.5 0.467285 0.0351562 0.0458984
0 0.434082 0.370605 0.0244141 0.0556641
0 0.484863 0.550293 0.0283203 0.0517578
0 0.666992 0.990234 0.0292969 0.0195312
0 0.474609 0.71582 0.015625 0.0449219
0 0.545898 0.686523 0.0449219 0.0292969
0 0.272949 0.480957 0.0458984 0.0224609
0 0.345703 0.26123 0.03125 0.0302734
0 0.629883 0.807129 0.0507812 0.0361328
0 0.221191 0.869629 0.0419922 0.0419922
0 0.271973 0.922852 0.0302734 0.0449219
0 0.452637 0.592773 0.0263672 0.0488281
0 0.271484 0.691406 0.0273438 0.0703125
0 0.670898 0.324707 0.0292969 0.0361328
0 0.530273 0.605469 0.0253906 0.0546875
0 0.79834 0.164062 0.0224609 0.0625
0 0.452148 0.774414 0.0234375 0.0644531
0 0.694336 0.333984 0.0253906 0.0664062
0 0.271973 0.446289 0.0439453 0.0566406
0 0.305176 0.675781 0.0380859 0.046875
0 0.457031 0.357422 0.0234375 0.0703125
0 0.277344 0.279785 0.0195312 0.0595703
0 0.421387 0.341797 0.0263672 0.0605469
0 0.736816 0.17041 0.0224609 0.0615234
0 0.407227 0.302734 0.0214844 0.0644531
0 0.595215 0.712891 0.0458984 0.0625
0 0.904297 0.457031 0.0273438 0.0742188
0 0.856445 0.240234 0.0292969 0.0683594
0 0.186035 0.90625 0.0439453 0.03125
0 0.47168 0.768555 0.0273438 0.0488281
0 0.683594 0.291992 0.046875 0.0273438
0 0.445312 0.69043 0.0273438 0.0449219
0 0.214844 0.768555 0.0351562 0.0566406
0 0.553711 0.929199 0.0332031 0.0556641
0 0.523926 0.901367 0.0322266 0.0410156
0 0.834961 0.42627 0.0371094 0.0517578
0 0.588867 0.761719 0.0410156 0.03125
0 0.688965 0.474121 0.0341797 0.0439453
0 0.23877 0.910645 0.0205078 0.0556641
0 0.625977 0.622559 0.0449219 0.0322266
0 0.835938 0.584473 0.0429688 0.0380859
0 0.794922 0.446777 0.0351562 0.0498047
