1 0.564941 0.528809 0.0908203 0.0634766
0 0.624512 0.464355 0.0634766 0.0283203
0 0.56543 0.529297 0.09375 0.0625
0 0.57373 0.426758 0.100586 0.0625
0 0.408203 0.686035 0.101562 0.0751953
0 0.474609 0.767578 0.105469 0.0625
0 0.739258 0.426758 0.0800781 0.0527344
0 0.662598 0.510742 0.0751953 0.0644531
0 0.616699 0.521973 0.0400391 0.0634766
0 0.306641 0.223633 0.0917969 0.0527344
0 0.580566 0.476562 0.0751953 0.0332031
0 0.640625 0.383789 0.0820312 0.0644531
0 0.865234 0.224609 0.101562 0.0664062
0 0.847656 0.692383 0.107422 0.0488281
0 0.640625 0.19873 0.0820312 0.0869141
0 0.222168 0.541992 0.0712891 0.0761719
