0 0.74707 0.545898 0.03125 0.0253906
0 0.746582 0.564453 0.0263672 0.0234375
0 0.724609 0.554688 0.0234375 0.0136719
0 0.408203 0.371582 0.0351562 0.0341797
0 0.345215 0.644043 0.0263672 0.0517578
0 0.445801 0.34668 0.0126953 0.0488281
0 0.478027 0.516602 0.0205078 0.0175781
0 0.631348 0.554688 0.0302734 0.0273438
0 0.336426 0.624023 0.0185547 0.0371094
0 0.734375 0.56543 0.03125 0.0234375
0 0.623047 0.513672 0.03125 0.0351562
0 0.597656 0.527344 0.0253906 0.0273438
0 0.455566 0.351074 0.0166016 0.0439453
0 0.401367 0.566895 0.0273438 0.0263672
0 0.404785 0.347656 0.0263672 0.015625
0 0.354004 0.587891 0.0166016 0.0273438
0 0.460938 0.517578 0.0214844 0.0351562
0 0.383789 0.561523 0.0136719 0.0371094
0 0.561523 0.545898 0.0234375 0.0292969
0 0.422852 0.338867 0.0332031 0.0175781
0 0.470703 0.495117 0.0351562 0.0253906
0 0.244629 0.641602 0.0224609 0.0527344
0 0.474609 0.54248 0.0332031 0.0205078
0 0.425781 0.35498 0.0273438 0.0166016
0 0.446289 0.509766 0.0273438 0.0273438
0 0.438965 0.396973 0.0166016 0.0419922
0 0.297363 0.527344 0.0263672 0.0390625
0 0.51123 0.503906 0.0322266 0.0214844
0 0.396484 0.591797 0.0117188 0.0351562
0 0.413086 0.406738 0.0214844 0.0322266
0 0.398926 0.546875 0.0283203 0.0273438
0 0.629883 0.532715 0.0253906 0.0283203
0 0.504883 0.367188 0.0175781 0.0390625
0 0.683105 0.549805 0.0283203 0.0371094
0 0.505859 0.483887 0.0292969 0.0263672
0 0.432129 0.504883 0.0283203 0.0253906
0 0.480957 0.350586 0.0263672 0.0214844
0 0.370605 0.388672 0.0322266 0.0234375
0 0.302246 0.686523 0.0244141 0.0332031
0 0.353516 0.306641 0.0195312 0.0390625
0 0.378418 0.57959 0.0244141 0.0283203
0 0.568848 0.370605 0.0283203 0.0224609
0 0.318359 0.665527 0.0234375 0.0322266
0 0.511719 0.537109 0.0175781 0.0390625
0 0.717773 0.536133 0.03125 0.0253906
