0 0.581543 0.455078 0.0283203 0.0527344
0 0.472656 0.293457 0.0234375 0.0380859
0 0.540039 0.643555 0.0175781 0.0410156
0 0.24707 0.543945 0.0214844 0.0371094
0 0.410645 0.377441 0.0205078 0.0400391
0 0.32666 0.572754 0.0224609 0.0322266
0 0.580566 0.563477 0.0244141 0.0371094
0 0.584473 0.588867 0.0185547 0.0566406
0 0.47998 0.302734 0.0244141 0.046875
0 0.46582 0.38623 0.0371094 0.0361328
0 0.604492 0.409668 0.0214844 0.0556641
0 0.543457 0.697266 0.0263672 0.0351562
0 0.48291 0.564941 0.0205078 0.0458984
0 0.597656 0.46875 0.0234375 0.0371094
0 0.52002 0.508301 0.0302734 0.0263672
0 0.369141 0.409668 0.0195312 0.0615234
0 0.382812 0.128418 0.0351562 0.0576172
0 0.518555 0.630859 0.0292969 0.03125
0 0.50293 0.479004 0.0175781 0.0556641
0 0.5625 0.647461 0.0195312 0.0488281
0 0.339844 0.314453 0.0195312 0.0488281
0 0.597168 0.583008 0.0224609 0.0625
0 0.449707 0.828125 0.0263672 0.03125
0 0.446289 0.896484 0.0332031 0.046875
0 0.481445 0.641602 0.0253906 0.0332031
0 0.56543 0.402832 0.0214844 0.0400391
0 0.488281 0.618164 0.0292969 0.0449219
0 0.331543 0.478516 0.0166016 0.0507812
0 0.416504 0.418945 0.0166016 0.0566406
0 0.379395 0.39209 0.0146484 0.0498047
0 0.42627 0.719727 0.0166016 0.0605469
0 0.401367 0.754883 0.0292969 0.0371094
0 0.385254 0.583496 0.0205078 0.0654297
0 0.399902 0.738281 0.0302734 0.03125
0 0.474121 0.31543 0.0283203 0.0390625
0 0.522461 0.652344 0.0292969 0.0234375
0 0.504883 0.552734 0.0253906 0.0351562
0 0.338379 0.246582 0.0185547 0.0498047
0 0.548828 0.657227 0.015625 0.0449219
0 0.32666 0.302734 0.0166016 0.0488281
0 0.368164 0.378418 0.0253906 0.0244141
0 0.348633 0.325195 0.0253906 0.0253906
0 0.524414 0.424316 0.0214844 0.0556641
0 0.507324 0.650391 0.0244141 0.046875
0 0.326172 0.266602 0.0175781 0.0488281
0 0.557617 0.716309 0.0332031 0.0302734
0 0.380859 0.318848 0.0195312 0.0517578
0 0.387695 0.165039 0.0332031 0.0371094
0 0.384277 0.668945 0.0205078 0.0449219
0 0.59668 0.422363 0.0253906 0.0419922
0 0.55957 0.381348 0.0332031 0.0341797
0 0.370117 0.69043 0.0175781 0.0566406
0 0.400879 0.776367 0.0224609 0.0410156
0 0.425781 0.831055 0.0234375 0.0253906
0 0.357422 0.608398 0.0234375 0.0410156
0 0.550781 0.691895 0.0195312 0.0517578
0 0.413086 0.711914 0.0214844 0.0527344
0 0.413086 0.214844 0.0234375 0.0585938
0 0.500977 0.819336 0.0253906 0.0546875
0 0.545898 0.45166 0.0351562 0.0341797
0 0.418457 0.496094 0.0146484 0.0546875
0 0.431641 0.379883 0.03125 0.0253906
0 0.42627 0.520508 0.0263672 0.0332031
0 0.397949 0.388184 0.0166016 0.0556641
0 0.511719 0.394043 0.03125 0.0341797
0 0.514648 0.532227 0.0292969 0.0234375
0 0.388672 0.279785 0.0214844 0.0439453
0 0.466309 0.543945 0.0302734 0.0292969
0 0.38623 0.436035 0.0185547 0.0419922
0 0.499023 0.70752 0.0292969 0.0498047
0 0.478027 0.599121 0.0244141 0.0322266
0 0.49707 0.589844 0.0214844 0.0351562
0 0.336426 0.821289 0.0205078 0.0566406
0 0.436523 0.472168 0.0214844 0.0576172
0 0.394043 0.338867 0.0244141 0.0449219
0 0.341797 0.446289 0.0175781 0.0644531
0 0.541016 0.588379 0.0195312 0.0556641
0 0.357422 0.264648 0.0273438 0.0546875
0 0.536133 0.665527 0.0214844 0.0400391
0 0.636719 0.230469 0.0351562 0.0546875
0 0.499023 0.789551 0.0292969 0.0361328
0 0.568359 0.304199 0.0351562 0.0361328
0 0.360352 0.479492 0.0253906 0.0527344
0 0.397461 0.306641 0.0234375 0.0488281
0 0.369141 0.600586 0.0195312 0.0488281
0 0.350586 0.694336 0.0292969 0.0351562
0 0.452148 0.269531 0.0214844 0.0585938
0 0.566895 0.586426 0.0263672 0.0322266
0 0.425781 0.416504 0.015625 0.0556641
0 0.376953 0.552734 0.0195312 0.0527344
0 0.472168 0.344727 0.0224609 0.0449219
0 0.539062 0.319336 0.03125 0.0332031
0 0.311035 0.32666 0.0244141 0.0478516
0 0.298828 0.498047 0.0273438 0.046875
0 0.355957 0.561523 0.0302734 0.0410156
0 0.399902 0.427246 0.0205078 0.0439453
0 0.368164 0.648438 0.0332031 0.0351562
0 0.45752 0.395508 0.0302734 0.0253906
0 0.596191 0.540039 0.0322266 0.0332031
0 0.493164 0.423828 0.0234375 0.0488281
0 0.473145 0.376953 0.0283203 0.0351562
0 0.323242 0.611328 0.0234375 0.0664062
0 0.280273 0.504883 0.0214844 0.0605469
0 0.583984 0.318359 0.0234375 0.0625
0 0.445312 0.496094 0.0273438 0.0507812
0 0.445312 0.857422 0.0253906 0.046875
0 0.349609 0.673828 0.0273438 0.0351562
0 0.563477 0.770996 0.0253906 0.0595703
0 0.444336 0.356445 0.0214844 0.0546875
0 0.413574 0.473145 0.0244141 0.0400391
0 0.327148 0.793457 0.0195312 0.0576172
0 0.512695 0.478516 0.0214844 0.0546875
0 0.337891 0.210938 0.0292969 0.0429688
0 0.393066 0.707031 0.0283203 0.0507812
0 0.572266 0.535156 0.0195312 0.0585938
0 0.42334 0.545898 0.0302734 0.0429688
0 0.48877 0.355469 0.0205078 0.0507812
0 0.306152 0.109863 0.0263672 0.0517578
0 0.356445 0.458008 0.0214844 0.0449219
0 0.42041 0.149414 0.0302734 0.0332031
0 0.443359 0.688477 0.03125 0.0332031
0 0.550781 0.602539 0.015625 0.0566406
0 0.368164 0.814453 0.0292969 0.0507812
0 0.41748 0.280273 0.0224609 0.0527344
0 0.545898 0.511719 0.0214844 0.0546875
0 0.395508 0.456543 0.0253906 0.0419922
0 0.460938 0.210938 0.0273438 0.046875
0 0.368652 0.733398 0.0244141 0.0527344
0 0.372559 0.219727 0.0283203 0.0527344
0 0.576172 0.651367 0.0234375 0.0605469
0 0.386719 0.482422 0.03125 0.0351562
0 0.418945 0.352051 0.03125 0.0400391
0 0.436523 0.787109 0.0253906 0.0546875
0 0.587891 0.379883 0.0195312 0.0566406
0 0.49707 0.764648 0.0292969 0.0410156
0 0.550293 0.354004 0.0263672 0.0458984
0 0.538086 0.547363 0.0332031 0.0361328
0 0.45752 0.725586 0.0322266 0.0371094
0 0.222656 0.537109 0.0214844 0.0585938
0 0.314453 0.353516 0.03125 0.0390625
0 0.39209 0.681641 0.0244141 0.0429688
0 0.450684 0.316895 0.0263672 0.0341797
0 0.530273 0.494629 0.0234375 0.0498047
0 0.447754 0.416016 0.0283203 0.03125
0 0.473145 0.512695 0.0302734 0.0351562
0 0.350098 0.520508 0.0302734 0.0410156
0 0.618164 0.481934 0.0234375 0.0556641
0 0.496094 0.668457 0.03125 0.0341797
0 0.517578 0.605469 0.03125 0.0351562
0 0.295898 0.458008 0.0292969 0.0292969
0 0.483398 0.458496 0.0332031 0.0419922
0 0.368164 0.949707 0.0292969 0.0458984
0 0.455078 0.65918 0.0234375 0.046875
0 0.231445 0.574219 0.0253906 0.0546875
0 0.369141 0.333008 0.0234375 0.0410156
0 0.293945 0.402344 0.03125 0.0429688
