0 0.449219 0.676758 0.0292969 0.0214844
0 0.470703 0.707031 0.0175781 0.0546875
0 0.518555 0.695312 0.0429688 0.03125
0 0.428223 0.645996 0.0322266 0.0380859
0 0.507324 0.647949 0.0322266 0.0810547
0 0.561523 0.63916 0.0253906 0.0576172
0 0.424805 0.700195 0.0449219 0.0371094
0 0.464844 0.735352 0.0195312 0.0449219
0 0.485352 0.675293 0.0214844 0.0458984
0 0.535156 0.649414 0.0390625 0.0664062
0 0.472168 0.665039 0.0224609 0.0410156
0 0.444336 0.744141 0.0273438 0.0390625
0 0.278809 0.541016 0.0439453 0.03125
0 0.468262 0.621582 0.0185547 0.0537109
0 0.444336 0.613281 0.0292969 0.0351562
