0 0.205078 0.526855 0.0546875 0.0361328
0 0.294434 0.667969 0.0400391 0.078125
0 0.401367 0.717773 0.0488281 0.0683594
0 0.299805 0.467773 0.0253906 0.0800781
0 0.239746 0.50293 0.0517578 0.0292969
0 0.299316 0.724609 0.0263672 0.0703125
0 0.287109 0.606445 0.0410156 0.0644531
0 0.396484 0.481445 0.0664062 0.0507812
0 0.455566 0.689453 0.0498047 0.0859375
0 0.367188 0.513672 0.0527344 0.105469
0 0.355469 0.690918 0.0273438 0.0693359
0 0.46875 0.488281 0.0605469 0.0449219
0 0.356934 0.742188 0.0341797 0.0507812
0 0.419922 0.667969 0.0429688 0.0664062
0 0.321289 0.681641 0.03125 0.0566406
0 0.512207 0.52002 0.0556641 0.0595703
0 0.494141 0.668945 0.0664062 0.0449219
0 0.456543 0.615234 0.0478516 0.0546875
