0 0.554688 0.707031 0.0703125 0.0429688
0 0.833008 0.900391 0.0371094 0.0625
0 0.533203 0.642578 0.03125 0.0507812
0 0.563965 0.676758 0.100586 0.0292969
0 0.209961 0.665527 0.0703125 0.0419922
0 0.0834961 0.574219 0.0595703 0.0585938
0 0.580078 0.638672 0.0878906 0.0507812
0 0.385742 0.597656 0.0351562 0.0546875
0 0.197266 0.42627 0.0976562 0.0361328
0 0.776367 0.470215 0.0996094 0.0380859
0 0.294434 0.606934 0.0341797 0.0732422
0 0.802734 0.398926 0.078125 0.0654297
0 0.585938 0.589844 0.0664062 0.0664062
