0 0.588867 0.667969 0.0527344 0.0273438
0 0.628906 0.575195 0.0546875 0.0273438
0 0.638672 0.696777 0.0507812 0.0224609
0 0.364746 0.614258 0.0654297 0.0214844
0 0.36084 0.432617 0.0712891 0.0214844
0 0.287109 0.489258 0.0566406 0.0253906
0 0.650879 0.665527 0.0634766 0.0224609
0 0.686035 0.509277 0.0537109 0.0263672
0 0.40625 0.399902 0.0625 0.0185547
0 0.316895 0.551758 0.0498047 0.0449219
0 0.570312 0.584961 0.0390625 0.0292969
0 0.40625 0.415527 0.0625 0.0283203
0 0.623047 0.498535 0.0703125 0.0185547
0 0.665039 0.643555 0.0527344 0.0292969
0 0.436035 0.503906 0.0361328 0.0273438
0 0.668945 0.483887 0.0683594 0.0166016
0 0.294922 0.599121 0.0527344 0.0322266
0 0.388184 0.526367 0.0302734 0.0449219
0 0.469727 0.495605 0.0644531 0.0244141
0 0.499512 0.59082 0.0322266 0.0292969
0 0.707031 0.560547 0.0644531 0.0234375
0 0.76123 0.536133 0.0654297 0.0175781
0 0.418457 0.650391 0.0283203 0.0351562
0 0.664062 0.583984 0.0585938 0.0195312
0 0.408203 0.524414 0.0390625 0.0332031
0 0.536133 0.420898 0.0644531 0.0253906
0 0.599121 0.362793 0.0732422 0.0244141
0 0.708984 0.506348 0.0625 0.0283203
0 0.436523 0.681641 0.0566406 0.0273438
0 0.53418 0.458496 0.046875 0.0283203
0 0.663574 0.420898 0.0673828 0.0195312
0 0.288574 0.52832 0.0576172 0.0253906
0 0.780762 0.522461 0.0380859 0.0351562
0 0.449219 0.65332 0.0390625 0.0332031
0 0.553223 0.450195 0.0263672 0.0273438
0 0.475586 0.325684 0.0683594 0.0283203
0 0.443359 0.468262 0.0605469 0.0224609
0 0.582031 0.427734 0.0664062 0.015625
0 0.336426 0.516113 0.0380859 0.0302734
0 0.558594 0.356934 0.0585938 0.0224609
0 0.404297 0.480469 0.0488281 0.0351562
0 0.563477 0.498535 0.0488281 0.0263672
0 0.385742 0.625977 0.0332031 0.0351562
0 0.585938 0.47168 0.0683594 0.0175781
0 0.604004 0.517578 0.0654297 0.015625
0 0.467773 0.630859 0.046875 0.03125
0 0.533203 0.487793 0.046875 0.0283203
0 0.687012 0.534668 0.0439453 0.0341797
0 0.488281 0.478027 0.0625 0.0205078
0 0.668945 0.714844 0.03125 0.03125
0 0.62793 0.550781 0.0644531 0.0253906
0 0.755859 0.577148 0.0527344 0.0332031
0 0.448242 0.40918 0.0332031 0.0410156
0 0.786133 0.554199 0.0585938 0.0205078
0 0.62793 0.726562 0.0527344 0.0292969
0 0.743652 0.330078 0.0693359 0.0273438
0 0.691406 0.335938 0.0585938 0.0253906
0 0.707031 0.589844 0.046875 0.0273438
0 0.519531 0.369141 0.046875 0.0390625
0 0.513672 0.308594 0.0585938 0.03125
0 0.707031 0.403809 0.0390625 0.0361328
0 0.543457 0.289062 0.0380859 0.0371094
0 0.722168 0.355957 0.0791016 0.0302734
