0 0.473145 0.604492 0.0478516 0.0214844
0 0.441406 0.610352 0.0332031 0.0253906
0 0.474121 0.651367 0.0419922 0.0332031
0 0.321777 0.549805 0.0341797 0.0234375
0 0.321289 0.567383 0.0410156 0.0371094
0 0.446777 0.645508 0.0400391 0.0332031
0 0.619141 0.679688 0.0390625 0.0351562
0 0.359375 0.654297 0.0273438 0.0546875
0 0.401367 0.592285 0.0371094 0.0361328
0 0.416992 0.563477 0.0410156 0.0273438
0 0.478027 0.705566 0.0224609 0.0615234
0 0.512695 0.598633 0.0390625 0.0449219
0 0.307617 0.657227 0.0449219 0.0566406
0 0.59375 0.645508 0.015625 0.0566406
0 0.359375 0.459473 0.0429688 0.0341797
0 0.486816 0.573242 0.0283203 0.0449219
0 0.517578 0.47168 0.0214844 0.0644531
0 0.450684 0.525391 0.0322266 0.046875
0 0.45166 0.625488 0.0400391 0.0341797
0 0.504883 0.629883 0.0371094 0.0566406
0 0.563477 0.509766 0.0234375 0.0585938
0 0.439453 0.583008 0.0390625 0.0449219
0 0.383301 0.689453 0.0419922 0.046875
0 0.52832 0.588379 0.0371094 0.0478516
0 0.379883 0.648438 0.0234375 0.0546875
0 0.400391 0.445801 0.0449219 0.0478516
0 0.338867 0.67041 0.0175781 0.0615234
0 0.545898 0.580078 0.03125 0.0390625
0 0.375977 0.5625 0.0292969 0.046875
0 0.445312 0.728027 0.0488281 0.0283203
0 0.464844 0.572754 0.03125 0.0458984
0 0.519531 0.546875 0.0390625 0.0429688
0 0.269531 0.650391 0.0273438 0.0839844
0 0.420898 0.501953 0.0273438 0.0605469
0 0.402832 0.647461 0.0400391 0.0449219
0 0.456055 0.478027 0.0488281 0.0341797
0 0.366211 0.52832 0.0429688 0.0175781
0 0.436523 0.678711 0.0332031 0.0449219
0 0.574219 0.437988 0.0234375 0.0615234
0 0.378418 0.606445 0.0439453 0.0371094
0 0.634766 0.606445 0.0429688 0.046875
0 0.396484 0.474609 0.03125 0.0507812
0 0.408691 0.541016 0.0400391 0.0351562
0 0.616211 0.638672 0.0351562 0.0527344
0 0.324707 0.518555 0.0224609 0.0527344
0 0.487793 0.488281 0.0361328 0.0625
0 0.497559 0.552734 0.0302734 0.0390625
0 0.354492 0.557617 0.0429688 0.0390625
0 0.379395 0.509277 0.0439453 0.0283203
0 0.551758 0.628906 0.03125 0.0546875
0 0.336914 0.618164 0.0449219 0.0429688
0 0.415039 0.418945 0.0332031 0.0625
0 0.307617 0.48877 0.046875 0.0419922
0 0.356934 0.490234 0.0439453 0.0429688
