0 0.476074 0.496582 0.0341797 0.0302734
0 0.624023 0.702148 0.0214844 0.0175781
0 0.49707 0.473633 0.0292969 0.0253906
0 0.59082 0.601562 0.0371094 0.0273438
0 0.526855 0.425781 0.0263672 0.0214844
0 0.587891 0.153809 0.0351562 0.0263672
0 0.419922 0.22168 0.0273438 0.0214844
0 0.538086 0.400879 0.0332031 0.0419922
0 0.677734 0.395996 0.0234375 0.0498047
0 0.55127 0.59082 0.0302734 0.0292969
0 0.302734 0.639648 0.0292969 0.0253906
0 0.660156 0.59082 0.0351562 0.0214844
0 0.519531 0.617188 0.0273438 0.0390625
