0 0.463867 0.575195 0.0371094 0.0332031
0 0.489258 0.565918 0.0253906 0.0576172
0 0.14209 0.801758 0.0693359 0.0644531
0 0.248535 0.848633 0.0576172 0.0878906
0 0.473145 0.458008 0.0498047 0.0527344
0 0.51416 0.542969 0.0498047 0.0429688
0 0.469727 0.504395 0.0449219 0.0263672
0 0.474121 0.525879 0.0498047 0.0341797
0 0.632812 0.53418 0.0703125 0.0371094
0 0.634766 0.498535 0.0527344 0.0712891
0 0.742188 0.724609 0.0507812 0.0429688
0 0.453125 0.554688 0.046875 0.0351562
0 0.443848 0.782227 0.0458984 0.0839844
0 0.585938 0.46582 0.03125 0.0917969
0 0.428711 0.51709 0.0488281 0.0322266
0 0.422852 0.203125 0.0410156 0.0898438
0 0.476074 0.42334 0.0517578 0.0419922
0 0.483887 0.71582 0.0302734 0.0820312
0 0.511719 0.641602 0.0390625 0.0800781
0 0.473145 0.668457 0.0498047 0.0400391
0 0.512207 0.47168 0.0419922 0.0878906
0 0.489746 0.868164 0.0400391 0.111328
0 0.364258 0.38916 0.0410156 0.0908203
0 0.617676 0.19873 0.0322266 0.0654297
0 0.623047 0.635742 0.0351562 0.0703125
0 0.371094 0.23584 0.0429688 0.0830078
