0 0.251465 0.28418 0.0732422 0.0566406
0 0.457031 0.624512 0.0703125 0.0224609
0 0.45752 0.42041 0.0869141 0.0263672
0 0.438965 0.50293 0.0810547 0.0351562
0 0.494141 0.538574 0.0742188 0.0302734
0 0.494629 0.441406 0.0791016 0.0351562
0 0.481445 0.51709 0.0800781 0.0361328
0 0.203613 0.612793 0.0771484 0.0302734
0 0.351074 0.90918 0.0751953 0.0410156
0 0.469727 0.722656 0.0566406 0.0625
0 0.371094 0.796875 0.0507812 0.0546875
0 0.519043 0.647461 0.0849609 0.0332031
0 0.548828 0.384277 0.0625 0.0595703
0 0.479492 0.601562 0.0839844 0.0351562
0 0.364746 0.738281 0.0654297 0.0507812
