0 0.762695 0.463379 0.0683594 0.0185547
0 0.364258 0.478027 0.0722656 0.0166016
0 0.586914 0.538086 0.0527344 0.0292969
0 0.317383 0.486816 0.0722656 0.0166016
0 0.153809 0.535645 0.0654297 0.0380859
0 0.402832 0.56543 0.0712891 0.0136719
0 0.86377 0.445312 0.0439453 0.0253906
0 0.41748 0.502441 0.0888672 0.0283203
0 0.415527 0.557617 0.0712891 0.0136719
0 0.696289 0.581055 0.0488281 0.0273438
0 0.538086 0.586914 0.0253906 0.0410156
0 0.576172 0.378906 0.0585938 0.0234375
0 0.151855 0.515137 0.0595703 0.0185547
0 0.399414 0.487305 0.0644531 0.0253906
0 0.728516 0.431152 0.0546875 0.0341797
0 0.517578 0.485352 0.0273438 0.0253906
0 0.440918 0.387207 0.0654297 0.0166016
0 0.564453 0.408691 0.0625 0.0185547
0 0.676758 0.533691 0.0683594 0.0146484
0 0.615234 0.51123 0.0292969 0.0361328
0 0.661133 0.512695 0.0800781 0.015625
0 0.669922 0.410156 0.0644531 0.0175781
0 0.269531 0.469238 0.0703125 0.0205078
0 0.586914 0.514648 0.0410156 0.0292969
0 0.701172 0.407227 0.0703125 0.0214844
0 0.741211 0.382812 0.0917969 0.0273438
0 0.753906 0.371094 0.0820312 0.0214844
0 0.415039 0.577148 0.0605469 0.0253906
0 0.842773 0.446777 0.0527344 0.0263672
0 0.827148 0.473145 0.0800781 0.0146484
0 0.00732422 0.495117 0.0146484 0.0253906
0 0.222168 0.621094 0.0751953 0.0195312
0 0.550293 0.357422 0.0673828 0.0253906
0 0.817871 0.535156 0.0888672 0.0195312
0 0.53125 0.473145 0.0429688 0.0302734
0 0.483398 0.376953 0.0371094 0.0390625
0 0.503418 0.641602 0.0595703 0.0253906
0 0.577148 0.641602 0.0292969 0.0371094
0 0.798828 0.505371 0.0703125 0.0224609
0 0.833984 0.366211 0.09375 0.0175781
0 0.567871 0.503906 0.0341797 0.0429688
0 0.44873 0.44873 0.0673828 0.0185547
0 0.402832 0.542969 0.0771484 0.015625
0 0.752441 0.48584 0.0576172 0.0322266
0 0.581055 0.571777 0.0566406 0.0302734
0 0.726074 0.459473 0.0498047 0.0380859
0 0.770508 0.611816 0.0859375 0.0205078
0 0.0629883 0.569336 0.0380859 0.0371094
0 0.334961 0.416016 0.0722656 0.0234375
0 0.112305 0.503906 0.078125 0.0195312
0 0.180176 0.536133 0.0380859 0.0332031
0 0.126953 0.552734 0.0605469 0.0390625
0 0.683594 0.486328 0.0585938 0.015625
0 0.76709 0.581055 0.0751953 0.0214844
0 0.652832 0.587891 0.0791016 0.0175781
0 0.614258 0.546875 0.03125 0.03125
0 0.976562 0.560547 0.046875 0.03125
0 0.832031 0.481934 0.0898438 0.0185547
0 0.947266 0.570312 0.0820312 0.0351562
0 0.101562 0.52002 0.0488281 0.0283203
0 0.259277 0.45459 0.0654297 0.0263672
0 0.549805 0.532227 0.0410156 0.0292969
0 0.302246 0.586426 0.0400391 0.0341797
0 0.976562 0.459961 0.0429688 0.0390625
0 0.87207 0.609375 0.046875 0.0371094
0 0.525391 0.441406 0.0644531 0.0234375
0 0.311035 0.440918 0.0576172 0.0166016
0 0.821777 0.510742 0.0732422 0.0292969
0 0.408691 0.337891 0.0732422 0.0234375
0 0.59375 0.490234 0.0273438 0.0351562
0 0.391602 0.39502 0.0703125 0.0185547
0 0.695312 0.432129 0.0351562 0.0341797
0 0.508789 0.530762 0.0332031 0.0400391
0 0.991211 0.614258 0.0175781 0.0488281
0 0.94043 0.483887 0.0996094 0.0244141
0 0.331055 0.592773 0.0332031 0.0332031
0 0.52002 0.350098 0.0654297 0.0302734
0 0.89502 0.422852 0.0732422 0.0292969
0 0.84375 0.385254 0.0898438 0.0224609
0 0.694336 0.612305 0.0664062 0.0175781
0 0.388672 0.658203 0.0625 0.0332031
0 0.188965 0.506836 0.0361328 0.0273438
0 0.500977 0.584961 0.0644531 0.0214844
0 0.237793 0.503418 0.0751953 0.0166016
0 0.425293 0.410156 0.0693359 0.0175781
0 0.463867 0.640625 0.0332031 0.0292969
0 0.351562 0.455078 0.0625 0.03125
0 0.334961 0.559082 0.0214844 0.0302734
0 0.394043 0.52832 0.0595703 0.0175781
0 0.423828 0.493164 0.0859375 0.0214844
0 0.729492 0.630859 0.0761719 0.0195312
0 0.22168 0.476074 0.0390625 0.0322266
0 0.50293 0.384277 0.0332031 0.0380859
0 0.504883 0.466309 0.0371094 0.0341797
0 0.689453 0.544922 0.0742188 0.0234375
0 0.231445 0.525391 0.0761719 0.0273438
0 0.786133 0.439453 0.0839844 0.0371094
0 0.439941 0.358887 0.0478516 0.0361328
0 0.450195 0.45752 0.0722656 0.0185547
0 0.762695 0.519531 0.0800781 0.0195312
0 0.648438 0.421875 0.0664062 0.0273438
0 0.664551 0.475098 0.0517578 0.0146484
0 0.729492 0.646973 0.0917969 0.0166016
0 0.877441 0.555664 0.0771484 0.0292969
0 0.826172 0.605469 0.046875 0.0390625
0 0.399902 0.449707 0.0439453 0.0400391
0 0.344727 0.607422 0.0390625 0.0390625
0 0.246582 0.564453 0.0654297 0.03125
0 0.436523 0.51416 0.0546875 0.0263672
0 0.0429688 0.408203 0.0546875 0.0273438
0 0.481934 0.477539 0.0517578 0.0253906
0 0.722656 0.59668 0.0703125 0.0175781
0 0.437012 0.611816 0.0380859 0.0380859
0 0.551758 0.582031 0.0351562 0.0371094
0 0.345215 0.364746 0.0849609 0.0361328
0 0.483887 0.601562 0.0537109 0.03125
0 0.128418 0.570312 0.0595703 0.0273438
0 0.657227 0.36084 0.0488281 0.0380859
0 0.341309 0.428711 0.0673828 0.015625
0 0.541992 0.640625 0.0605469 0.03125
0 0.110352 0.589355 0.0429688 0.0322266
0 0.616211 0.643555 0.0625 0.0273438
0 0.34375 0.399414 0.0625 0.0214844
0 0.689453 0.462402 0.0507812 0.0380859
0 0.707031 0.498047 0.0742188 0.0253906
0 0.453125 0.427734 0.0351562 0.0273438
0 0.589844 0.599121 0.0507812 0.0341797
0 0.581055 0.677734 0.0371094 0.0449219
0 0.279297 0.431641 0.0625 0.0234375
0 0.754395 0.5625 0.0576172 0.0214844
0 0.465332 0.365234 0.0302734 0.0351562
0 0.944824 0.417969 0.0498047 0.0507812
0 0.177246 0.467285 0.0263672 0.0361328
0 0.181152 0.44043 0.0654297 0.0292969
0 0.0791016 0.537109 0.0332031 0.0429688
0 0.655273 0.387695 0.0371094 0.0332031
0 0.222656 0.63623 0.0761719 0.0185547
0 0.810547 0.574219 0.046875 0.0351562
0 0.606934 0.56543 0.0537109 0.0371094
0 0.579102 0.444336 0.0761719 0.0253906
0 0.277344 0.581055 0.0390625 0.0332031
0 0.479492 0.509766 0.0371094 0.0351562
0 0.413086 0.35791 0.0605469 0.0341797
0 0.375 0.60791 0.0449219 0.0302734
0 0.261719 0.666992 0.0683594 0.0214844
0 0.151855 0.47168 0.0419922 0.0332031
0 0.480957 0.425293 0.0419922 0.0341797
0 0.464355 0.288574 0.0771484 0.0185547
0 0.0698242 0.418945 0.0751953 0.0234375
0 0.711914 0.57666 0.0527344 0.0302734
0 0.354004 0.576172 0.0224609 0.03125
0 0.980469 0.435547 0.0390625 0.0332031
0 0.805664 0.62793 0.0664062 0.0273438
0 0.568359 0.471191 0.0625 0.0302734
0 0.952148 0.591309 0.0839844 0.0361328
0 0.873535 0.587402 0.0478516 0.0361328
0 0.379883 0.629395 0.0566406 0.0302734
0 0.467773 0.563477 0.0449219 0.03125
0 0.836426 0.58252 0.0400391 0.0400391
0 0.866211 0.52002 0.0488281 0.0400391
0 0.625977 0.489258 0.0566406 0.0332031
0 0.512207 0.662109 0.0732422 0.0234375
0 0.286133 0.618652 0.0683594 0.0205078
0 0.548828 0.615234 0.0644531 0.0273438
0 0.722656 0.525391 0.0390625 0.0332031
0 0.518555 0.509766 0.0644531 0.03125
0 0.882812 0.45459 0.0429688 0.0380859
0 0.649414 0.45166 0.0371094 0.0419922
0 0.538086 0.676758 0.0449219 0.0410156
0 0.958008 0.542969 0.0800781 0.0234375
0 0.717773 0.353516 0.0449219 0.0429688
0 0.674805 0.663086 0.078125 0.0351562
0 0.151855 0.417969 0.0732422 0.0175781
0 0.791504 0.407227 0.0439453 0.0332031
0 0.38916 0.321289 0.0498047 0.0332031
0 0.430664 0.667969 0.0488281 0.03125
0 0.894531 0.513672 0.046875 0.0390625
0 0.229492 0.436035 0.0371094 0.0400391
0 0.162109 0.651367 0.0527344 0.0390625
0 0.353516 0.529297 0.0585938 0.0292969
0 0.299316 0.378418 0.0869141 0.0224609
0 0.45752 0.661621 0.0400391 0.0361328
0 0.331055 0.674805 0.0742188 0.0253906
0 0.322266 0.651367 0.046875 0.0371094
0 0.346191 0.33252 0.0556641 0.0341797
0 0.0546875 0.467285 0.0351562 0.0361328
0 0.324219 0.503906 0.0703125 0.0234375
0 0.31543 0.541016 0.0371094 0.03125
0 0.483398 0.683105 0.0722656 0.0283203
0 0.322266 0.325684 0.0546875 0.0341797
0 0.196289 0.664062 0.0566406 0.0351562
