0 0.541016 0.55957 0.0117188 0.0253906
0 0.591797 0.625488 0.0117188 0.0244141
0 0.481445 0.606445 0.0136719 0.0253906
0 0.430664 0.595215 0.0253906 0.0126953
0 0.526367 0.55957 0.0175781 0.0234375
0 0.567383 0.77832 0.0234375 0.0175781
0 0.524902 0.589844 0.0205078 0.0195312
0 0.520996 0.583008 0.0185547 0.0214844
0 0.410156 0.426758 0.0175781 0.0253906
0 0.517578 0.622559 0.0117188 0.0283203
0 0.509277 0.628906 0.0146484 0.0234375
0 0.55127 0.62207 0.0166016 0.0292969
0 0.567871 0.791992 0.0263672 0.0292969
0 0.647461 0.602539 0.0214844 0.0292969
0 0.424805 0.532715 0.0136719 0.0322266
0 0.434082 0.604492 0.0244141 0.0214844
0 0.584961 0.591309 0.0136719 0.0322266
0 0.624023 0.617188 0.0273438 0.0273438
0 0.499512 0.616699 0.0205078 0.0244141
0 0.509766 0.478516 0.015625 0.0234375
0 0.720703 0.512695 0.015625 0.0253906
0 0.27832 0.470703 0.00976562 0.0234375
0 0.314453 0.411133 0.00976562 0.0214844
0 0.559082 0.573242 0.0166016 0.0253906
0 0.53125 0.616211 0.0234375 0.0195312
0 0.583008 0.606445 0.0136719 0.0273438
0 0.469727 0.571289 0.0136719 0.0332031
0 0.542969 0.579102 0.0234375 0.0175781
0 0.579102 0.625 0.0214844 0.0195312
0 0.524414 0.652344 0.0253906 0.0175781
0 0.569336 0.589355 0.00976562 0.0302734
0 0.493164 0.600586 0.015625 0.0214844
0 0.294434 0.5625 0.0146484 0.0273438
0 0.526855 0.680176 0.0107422 0.0341797
0 0.458008 0.604492 0.0214844 0.0214844
0 0.442383 0.577148 0.0175781 0.0234375
