0 0.580078 0.581055 0.0273438 0.0332031
0 0.550781 0.485352 0.0273438 0.0253906
0 0.520996 0.603027 0.0263672 0.0634766
0 0.515625 0.588867 0.0195312 0.0488281
0 0.464355 0.489258 0.0224609 0.046875
0 0.544922 0.585938 0.0234375 0.03125
0 0.530273 0.506836 0.0332031 0.03125
0 0.626465 0.521973 0.0380859 0.0283203
0 0.591797 0.525391 0.03125 0.0273438
0 0.618164 0.549805 0.0410156 0.0371094
0 0.5625 0.521973 0.0195312 0.0419922
0 0.53125 0.588867 0.0117188 0.03125
0 0.537109 0.550293 0.015625 0.0478516
0 0.486328 0.542969 0.015625 0.0507812
0 0.515137 0.44873 0.0244141 0.0458984
0 0.411621 0.479492 0.0439453 0.0234375
0 0.566406 0.57666 0.0214844 0.0380859
0 0.501953 0.545898 0.0253906 0.0429688
0 0.508789 0.614258 0.0253906 0.0605469
0 0.585938 0.550781 0.0273438 0.0273438
0 0.524902 0.558594 0.0126953 0.0449219
0 0.560547 0.550781 0.0273438 0.0195312
0 0.571289 0.498047 0.0214844 0.0507812
0 0.650391 0.516113 0.0234375 0.0478516
0 0.682617 0.530273 0.0371094 0.0253906
