0 0.369141 0.230957 0.0429688 0.0458984
0 0.495117 0.197266 0.0292969 0.0371094
0 0.338867 0.00634766 0.0371094 0.0126953
0 0.530273 0.57666 0.0292969 0.0615234
0 0.413086 0.442871 0.0410156 0.0283203
0 0.361328 0.993164 0.03125 0.0136719
0 0.428711 0.751953 0.0292969 0.0351562
0 0.546387 0.362305 0.0341797 0.0410156
0 0.567383 0.755859 0.0332031 0.0390625
0 0.550781 0.42334 0.0507812 0.0380859
0 0.376465 0.349609 0.0224609 0.0605469
0 0.727539 0.546875 0.0292969 0.046875
0 0.476562 0.164062 0.0273438 0.0703125
0 0.500977 0.236328 0.0253906 0.0585938
0 0.560059 0.31543 0.0283203 0.0644531
0 0.403809 0.618164 0.0341797 0.0449219
0 0.364746 0.362793 0.0185547 0.0517578
0 0.458008 0.214844 0.0429688 0.0585938
0 0.392578 0.362793 0.0195312 0.0732422
0 0.28418 0.496094 0.0253906 0.0390625
0 0.538574 0.586426 0.0283203 0.0634766
0 0.5625 0.253906 0.0351562 0.0351562
0 0.486816 0.251953 0.0283203 0.0664062
0 0.582031 0.55957 0.0390625 0.0917969
0 0.487793 0.527344 0.0224609 0.0742188
0 0.385742 0.543945 0.0292969 0.0761719
0 0.672852 0.59668 0.0292969 0.0722656
0 0.305664 0.590332 0.0332031 0.0498047
0 0.297363 0.516113 0.0205078 0.0693359
0 0.23291 0.193359 0.0244141 0.0800781
0 0.521973 0.217285 0.0341797 0.0615234
0 0.452148 0.0756836 0.0253906 0.0791016
0 0.334961 0.405273 0.0273438 0.0585938
0 0.557129 0.814453 0.0322266 0.0644531
0 0.268066 0.526367 0.0263672 0.0664062
0 0.382812 0.278809 0.0371094 0.0634766
0 0.310547 0.188965 0.0273438 0.0654297
0 0.446777 0.751465 0.0263672 0.0595703
0 0.366211 0.63623 0.0214844 0.0732422
0 0.374023 0.244629 0.046875 0.0478516
0 0.366211 0.492188 0.0371094 0.0546875
0 0.501953 0.177734 0.0273438 0.0546875
0 0.314453 0.0205078 0.0273438 0.0410156
0 0.446289 0.295898 0.0332031 0.0527344
0 0.438965 0.341309 0.0302734 0.0751953
0 0.437012 0.655273 0.0380859 0.0683594
0 0.388672 0.787109 0.03125 0.046875
0 0.581543 0.310547 0.0224609 0.078125
0 0.482422 0.619141 0.03125 0.0625
0 0.316895 0.345703 0.0419922 0.0625
0 0.262695 0.669922 0.0449219 0.0429688
0 0.38623 0.302734 0.0361328 0.0546875
0 0.540039 0.754395 0.046875 0.0439453
0 0.610352 0.573242 0.0214844 0.0703125
0 0.652344 0.507812 0.0273438 0.0859375
0 0.410156 0.424316 0.0390625 0.0576172
0 0.235352 0.499023 0.0253906 0.0449219
0 0.362305 0.532227 0.0371094 0.0566406
0 0.569336 0.818359 0.0292969 0.0625
0 0.383301 0.385742 0.0263672 0.0566406
0 0.54834 0.396973 0.0458984 0.0458984
0 0.282227 0.544434 0.0175781 0.0595703
0 0.39502 0.724609 0.0341797 0.0429688
0 0.522461 0.438477 0.0332031 0.0644531
0 0.349121 0.34375 0.0263672 0.0742188
0 0.477051 0.796875 0.0380859 0.0546875
0 0.317383 0.265625 0.0273438 0.0703125
0 0.439453 0.134766 0.0253906 0.0820312
0 0.513672 0.34082 0.03125 0.0742188
0 0.558105 0.724609 0.0361328 0.0625
0 0.481934 0.446777 0.0400391 0.0615234
0 0.416016 0.19043 0.0214844 0.0683594
0 0.513184 0.616211 0.0283203 0.0742188
0 0.597656 0.352539 0.0429688 0.0429688
0 0.400391 0.191406 0.0234375 0.0664062
0 0.628906 0.670898 0.0273438 0.0742188
0 0.390625 0.635254 0.0390625 0.0400391
0 0.262207 0.700195 0.0458984 0.0410156
0 0.341797 0.609375 0.0390625 0.046875
0 0.538086 0.266602 0.0371094 0.0546875
0 0.30957 0.558105 0.0410156 0.0419922
0 0.51416 0.536133 0.0341797 0.0566406
0 0.469727 0.523438 0.0292969 0.0625
0 0.293945 0.192383 0.0253906 0.0644531
0 0.616211 0.799805 0.0253906 0.0527344
0 0.416504 0.359375 0.0205078 0.0605469
0 0.467773 0.0327148 0.0332031 0.0634766
0 0.253418 0.43457 0.0283203 0.0546875
0 0.314453 0.410645 0.0332031 0.0576172
0 0.504395 0.388672 0.0341797 0.0605469
0 0.271484 0.472168 0.0390625 0.0419922
0 0.403809 0.760742 0.0341797 0.0527344
0 0.412109 0.102539 0.0429688 0.0449219
0 0.304688 0.437012 0.0390625 0.0576172
0 0.318359 0.51709 0.03125 0.0556641
0 0.434082 0.463867 0.0498047 0.0429688
0 0.638672 0.778809 0.0351562 0.0595703
0 0.552734 0.223633 0.0429688 0.0488281
0 0.549805 0.336914 0.0332031 0.0488281
0 0.390625 0.477539 0.0390625 0.0449219
0 0.386719 0.425293 0.0351562 0.0419922
0 0.490723 0.120605 0.0322266 0.0634766
0 0.422852 0.245117 0.0292969 0.0625
0 0.367188 0.68457 0.0410156 0.0488281
0 0.324707 0.479004 0.0439453 0.0419922
0 0.380371 0.0595703 0.0341797 0.0625
0 0.502441 0.854492 0.0400391 0.0488281
