0 0.606445 0.389648 0.0292969 0.046875
0 0.588867 0.419922 0.0273438 0.0390625
0 0.305176 0.726562 0.0263672 0.03125
0 0.41748 0.575195 0.0302734 0.0527344
0 0.263672 0.503418 0.015625 0.0517578
0 0.771484 0.63623 0.0371094 0.0341797
0 0.325195 0.723633 0.03125 0.0253906
0 0.819336 0.496582 0.0371094 0.0224609
0 0.462891 0.897949 0.0195312 0.0439453
0 0.399902 0.199707 0.0263672 0.0302734
0 0.0878906 0.544434 0.0214844 0.0400391
0 0.490234 0.298828 0.0195312 0.0585938
0 0.521973 0.245605 0.0166016 0.0458984
0 0.346191 0.861328 0.0224609 0.0488281
0 0.119629 0.62793 0.0126953 0.0410156
0 0.819824 0.517578 0.0458984 0.0253906
0 0.832031 0.561523 0.0429688 0.0351562
0 0.348633 0.811035 0.0253906 0.0478516
0 0.422852 0.791016 0.0410156 0.0273438
0 0.416992 0.0751953 0.0136719 0.0429688
0 0.118164 0.467773 0.0136719 0.0371094
0 0.674316 0.614258 0.0322266 0.0175781
0 0.175293 0.217773 0.0146484 0.046875
0 0.620117 0.350586 0.0253906 0.0527344
0 0.615234 0.704102 0.0527344 0.0292969
0 0.751953 0.550781 0.0390625 0.0195312
0 0.307617 0.694336 0.0332031 0.0253906
0 0.745605 0.858398 0.0224609 0.0566406
0 0.431152 0.366211 0.0322266 0.0371094
0 0.84375 0.533203 0.046875 0.0332031
0 0.420898 0.205566 0.0234375 0.0439453
0 0.249512 0.874023 0.0341797 0.0214844
0 0.346191 0.915039 0.0185547 0.0488281
0 0.571289 0.504395 0.0253906 0.0419922
0 0.390625 0.834961 0.0332031 0.0371094
0 0.736328 0.896484 0.03125 0.03125
0 0.787598 0.689453 0.0244141 0.0664062
0 0.763184 0.603027 0.0146484 0.0458984
0 0.674316 0.643066 0.0283203 0.0400391
0 0.75293 0.525879 0.0449219 0.0302734
0 0.683594 0.592285 0.0429688 0.0322266
0 0.703613 0.427246 0.0380859 0.0419922
0 0.794922 0.626953 0.0214844 0.0585938
0 0.506348 0.958984 0.0361328 0.03125
0 0.825195 0.889648 0.0449219 0.0410156
0 0.787109 0.876953 0.0351562 0.0429688
0 0.603516 0.606934 0.0234375 0.0478516
0 0.243164 0.982422 0.0410156 0.0351562
0 0.39209 0.70459 0.0224609 0.0615234
0 0.570312 0.442383 0.0273438 0.0351562
0 0.229492 0.208984 0.0195312 0.0390625
0 0.354492 0.154785 0.015625 0.0419922
0 0.187988 0.245117 0.0166016 0.0390625
0 0.543945 0.42334 0.015625 0.0419922
0 0.195801 0.630371 0.0263672 0.0341797
0 0.8125 0.844727 0.0273438 0.0488281
0 0.199219 0.884766 0.0273438 0.0273438
0 0.625 0.632812 0.03125 0.0234375
0 0.676758 0.688477 0.0449219 0.0253906
0 0.80957 0.692383 0.0234375 0.0722656
0 0.498535 0.826172 0.0380859 0.0507812
0 0.331055 0.784668 0.0371094 0.0283203
0 0.570801 0.955078 0.0341797 0.0585938
0 0.463867 0.787109 0.046875 0.0429688
0 0.324219 0.939453 0.0488281 0.03125
0 0.745605 0.628418 0.0205078 0.0498047
0 0.287109 0.885254 0.0234375 0.0400391
0 0.536133 0.954102 0.0332031 0.0449219
0 0.765137 0.772949 0.0322266 0.0537109
0 0.550781 0.914551 0.0195312 0.0654297
0 0.630859 0.915039 0.0429688 0.0332031
0 0.719727 0.679688 0.0332031 0.0429688
0 0.67041 0.887207 0.0400391 0.0322266
0 0.432129 0.930664 0.0341797 0.0449219
0 0.572266 0.542969 0.03125 0.0234375
0 0.396484 0.547852 0.0332031 0.0371094
0 0.563477 0.239258 0.0234375 0.0292969
0 0.829102 0.462402 0.0214844 0.0615234
0 0.74707 0.571289 0.046875 0.0273438
0 0.342285 0.28418 0.0166016 0.0605469
0 0.677734 0.706055 0.0429688 0.0175781
0 0.526367 0.378418 0.0332031 0.0400391
0 0.553223 0.493652 0.0185547 0.0537109
0 0.0302734 0.301758 0.015625 0.0410156
0 0.373047 0.535156 0.0351562 0.0351562
0 0.425781 0.850098 0.0429688 0.0498047
0 0.625 0.591797 0.0273438 0.0351562
0 0.329102 0.760742 0.0292969 0.0410156
0 0.519531 0.916016 0.0273438 0.0390625
0 0.455566 0.861328 0.0302734 0.046875
0 0.44873 0.828125 0.0400391 0.0332031
0 0.686523 0.50293 0.0292969 0.0488281
0 0.291992 0.791992 0.0214844 0.0449219
0 0.313965 0.896973 0.0322266 0.0302734
0 0.385254 0.943359 0.0419922 0.0449219
0 0.415039 0.947266 0.0332031 0.0507812
1 0.685547 0.385254 0.105469 0.104492
0 0.713867 0.712891 0.0449219 0.03125
0 0.415039 0.387207 0.0253906 0.0556641
0 0.443359 0.891602 0.0351562 0.0371094
0 0.647461 0.712402 0.0410156 0.0341797
0 0.474121 0.94043 0.0400391 0.0332031
0 0.481934 0.89502 0.0361328 0.0439453
0 0.394531 0.87793 0.0390625 0.0390625
