0 0.582031 0.611328 0.03125 0.0351562
0 0.519531 0.831543 0.015625 0.0517578
0 0.541992 0.753906 0.0351562 0.03125
0 0.567383 0.702148 0.0175781 0.0488281
0 0.466309 0.722656 0.0380859 0.0234375
0 0.48877 0.709961 0.0244141 0.0371094
0 0.435547 0.396484 0.0234375 0.046875
0 0.393555 0.777344 0.0234375 0.0390625
0 0.580078 0.785156 0.0175781 0.0507812
0 0.500977 0.301758 0.0214844 0.0566406
0 0.501465 0.652344 0.0126953 0.0625
0 0.400391 0.799805 0.0214844 0.0429688
0 0.441895 0.714844 0.0185547 0.0527344
0 0.524414 0.315918 0.0214844 0.0419922
0 0.589355 0.791992 0.0126953 0.0507812
0 0.482422 0.803711 0.0351562 0.0292969
0 0.561523 0.747559 0.0253906 0.0576172
0 0.413086 0.683105 0.0292969 0.0537109
0 0.524414 0.442871 0.0175781 0.0498047
0 0.398926 0.740234 0.0302734 0.03125
0 0.423828 0.74707 0.0234375 0.0449219
0 0.570801 0.334961 0.0380859 0.0371094
0 0.44873 0.681641 0.0224609 0.0585938
0 0.598633 0.458984 0.0253906 0.0546875
0 0.388184 0.551758 0.0185547 0.0605469
0 0.539062 0.794922 0.0195312 0.0429688
0 0.428711 0.308594 0.0351562 0.0234375
0 0.411133 0.790039 0.0292969 0.0449219
0 0.585938 0.39502 0.015625 0.0576172
0 0.612305 0.505371 0.0175781 0.0634766
0 0.519531 0.675781 0.015625 0.0585938
0 0.447266 0.348633 0.0273438 0.0410156
0 0.484863 0.287109 0.0205078 0.046875
0 0.398926 0.463379 0.0146484 0.0458984
0 0.540039 0.771484 0.0292969 0.0429688
0 0.442383 0.758789 0.0273438 0.0253906
0 0.625977 0.581055 0.0332031 0.0410156
0 0.406738 0.543945 0.0205078 0.0410156
0 0.531738 0.634766 0.0302734 0.03125
0 0.405273 0.337891 0.0195312 0.0644531
0 0.591309 0.572266 0.0224609 0.046875
0 0.626953 0.512695 0.0195312 0.0605469
0 0.402832 0.659668 0.0380859 0.0712891
0 0.52832 0.366211 0.0175781 0.0566406
0 0.544922 0.373535 0.0273438 0.0439453
0 0.513672 0.368164 0.0195312 0.0644531
0 0.537109 0.721191 0.03125 0.0498047
0 0.509766 0.224609 0.0195312 0.0546875
0 0.430664 0.501953 0.0175781 0.0683594
0 0.522461 0.768066 0.0175781 0.0498047
0 0.602051 0.608398 0.0458984 0.0332031
0 0.469238 0.520508 0.0146484 0.0527344
0 0.594727 0.668945 0.0410156 0.0410156
0 0.488281 0.513184 0.0332031 0.0595703
0 0.404785 0.823242 0.0283203 0.0214844
0 0.600586 0.748047 0.0175781 0.0507812
0 0.544922 0.67041 0.0351562 0.0478516
0 0.411621 0.560059 0.0322266 0.0380859
0 0.584961 0.727539 0.0253906 0.0449219
0 0.439941 0.809082 0.0322266 0.0283203
0 0.552734 0.809082 0.0429688 0.0380859
0 0.59668 0.637695 0.0410156 0.0292969
0 0.525391 0.574707 0.03125 0.0576172
0 0.581055 0.742188 0.0214844 0.0488281
0 0.568359 0.594238 0.03125 0.0263672
0 0.470215 0.334473 0.0185547 0.0537109
0 0.59668 0.702148 0.0410156 0.0292969
0 0.369629 0.512207 0.0146484 0.0615234
0 0.560547 0.677734 0.0234375 0.0546875
0 0.422852 0.432617 0.0253906 0.0410156
0 0.571289 0.543945 0.0253906 0.0605469
0 0.563477 0.838867 0.0292969 0.0371094
0 0.455566 0.636719 0.0341797 0.0585938
0 0.549805 0.618164 0.0175781 0.0566406
0 0.527344 0.243164 0.0273438 0.0410156
0 0.463867 0.686523 0.0253906 0.0488281
0 0.474609 0.741699 0.0351562 0.0263672
0 0.415039 0.631836 0.0253906 0.0644531
0 0.391113 0.386719 0.0283203 0.046875
0 0.440918 0.786133 0.0361328 0.0410156
0 0.510254 0.486328 0.0322266 0.0546875
