0 0.397949 0.319336 0.0244141 0.0566406
0 0.486328 0.415039 0.0234375 0.0546875
0 0.608398 0.798828 0.0214844 0.0605469
0 0.353027 0.323242 0.0244141 0.0488281
0 0.470703 0.697266 0.0253906 0.0546875
0 0.617676 0.650391 0.0263672 0.0507812
0 0.564453 0.668945 0.0390625 0.0292969
0 0.420898 0.415039 0.0253906 0.0605469
0 0.368652 0.376953 0.0224609 0.0507812
0 0.473633 0.402344 0.0253906 0.0546875
0 0.590332 0.505859 0.0244141 0.0585938
0 0.603516 0.364746 0.0273438 0.0517578
0 0.574219 0.255371 0.0429688 0.0341797
0 0.335938 0.456055 0.0292969 0.0449219
0 0.555176 0.628906 0.0458984 0.03125
0 0.561523 0.458984 0.0253906 0.0585938
0 0.549805 0.223145 0.0292969 0.0498047
0 0.500977 0.682617 0.0292969 0.0488281
0 0.486328 0.756836 0.0351562 0.0449219
0 0.387695 0.456055 0.0292969 0.0488281
