0 0.44043 0.286621 0.0332031 0.0244141
0 0.426758 0.551758 0.0371094 0.0332031
0 0.563965 0.406738 0.0400391 0.0263672
0 0.76416 0.233398 0.0263672 0.0527344
0 0.720703 0.467773 0.0410156 0.0253906
0 0.680664 0.445312 0.0332031 0.03125
0 0.640625 0.678711 0.0371094 0.0292969
0 0.748535 0.647461 0.0302734 0.0449219
0 0.62207 0.477051 0.0332031 0.0283203
0 0.649414 0.475098 0.0390625 0.0400391
0 0.560547 0.630859 0.0273438 0.0449219
0 0.430176 0.45752 0.0283203 0.0322266
0 0.440918 0.581055 0.0244141 0.0390625
0 0.881836 0.32959 0.0527344 0.0263672
0 0.50293 0.638184 0.0214844 0.0458984
0 0.491211 0.732422 0.0332031 0.0390625
