0 0.402344 0.44043 0.0351562 0.0214844
0 0.459961 0.440918 0.0410156 0.0283203
0 0.577637 0.385742 0.0419922 0.0410156
0 0.518555 0.490723 0.0507812 0.0576172
0 0.421387 0.450684 0.0615234 0.0224609
0 0.527832 0.208496 0.0595703 0.0576172
0 0.695312 0.279785 0.046875 0.0400391
0 0.591797 0.331055 0.0273438 0.0566406
0 0.37207 0.347656 0.0371094 0.0546875
0 0.53418 0.375977 0.0410156 0.0605469
0 0.397461 0.365723 0.0371094 0.0771484
0 0.471191 0.502441 0.0419922 0.0654297
0 0.539062 0.452148 0.0527344 0.0292969
0 0.55957 0.498047 0.0253906 0.0664062
0 0.517578 0.425293 0.0585938 0.0341797
0 0.438965 0.525391 0.0224609 0.0585938
