0 0.45752 0.509766 0.0224609 0.0195312
0 0.472168 0.487793 0.0146484 0.0380859
0 0.428711 0.692383 0.0175781 0.0332031
0 0.46582 0.491211 0.00976562 0.03125
0 0.39502 0.638672 0.0263672 0.0195312
0 0.487793 0.487793 0.0166016 0.0439453
0 0.243164 0.464844 0.0214844 0.0429688
0 0.674805 0.449219 0.0292969 0.00976562
0 0.515137 0.433594 0.0302734 0.0253906
0 0.429199 0.639648 0.0126953 0.0410156
0 0.414062 0.627441 0.015625 0.0419922
0 0.544922 0.501465 0.0195312 0.0458984
0 0.408203 0.461426 0.0214844 0.0126953
0 0.389648 0.598145 0.0214844 0.0224609
0 0.37207 0.617188 0.015625 0.0371094
0 0.504883 0.664062 0.0292969 0.0273438
0 0.254395 0.466797 0.0166016 0.046875
0 0.394531 0.620605 0.0273438 0.0205078
0 0.534668 0.464355 0.0263672 0.0322266
0 0.359863 0.527344 0.0185547 0.046875
0 0.307617 0.520508 0.0292969 0.0292969
0 0.341797 0.62793 0.0273438 0.0195312
0 0.512695 0.464355 0.0292969 0.0283203
0 0.488281 0.612305 0.0214844 0.0371094
