0 0.388184 0.361816 0.0419922 0.0224609
0 0.416016 0.34082 0.0371094 0.0195312
0 0.225098 0.546387 0.0205078 0.0458984
0 0.367676 0.41748 0.0205078 0.0263672
0 0.351074 0.518555 0.0166016 0.0292969
0 0.253906 0.508789 0.0253906 0.0214844
0 0.429688 0.372559 0.0195312 0.0283203
0 0.248535 0.554199 0.0166016 0.0439453
0 0.282227 0.366211 0.0175781 0.0175781
0 0.33252 0.469727 0.0439453 0.0175781
0 0.216309 0.55957 0.0224609 0.0410156
0 0.221191 0.791992 0.0302734 0.0175781
0 0.28125 0.551758 0.0273438 0.0253906
0 0.318848 0.20166 0.0263672 0.0205078
0 0.241211 0.491699 0.0292969 0.0166016
0 0.352539 0.415039 0.015625 0.0332031
0 0.291016 0.482422 0.0390625 0.0195312
0 0.362305 0.499023 0.015625 0.0410156
0 0.300781 0.512695 0.0390625 0.0214844
0 0.389648 0.354492 0.0429688 0.00976562
0 0.335449 0.487305 0.0361328 0.0136719
0 0.355469 0.458984 0.0175781 0.03125
0 0.263672 0.568359 0.0195312 0.0449219
0 0.337402 0.369141 0.0322266 0.0234375
0 0.271973 0.409668 0.0439453 0.0244141
0 0.302734 0.415039 0.0195312 0.0449219
0 0.258789 0.528809 0.0292969 0.0283203
0 0.238281 0.558594 0.0332031 0.0546875
0 0.408203 0.334473 0.0390625 0.0302734
0 0.300293 0.452148 0.0166016 0.0332031
0 0.274902 0.599121 0.0419922 0.0263672
0 0.266602 0.616699 0.0371094 0.0302734
0 0.32666 0.657227 0.0478516 0.0214844
0 0.342773 0.53418 0.0332031 0.0488281
0 0.303223 0.537109 0.0361328 0.0234375
0 0.322754 0.293945 0.0341797 0.0332031
0 0.372559 0.397949 0.0263672 0.0244141
0 0.29834 0.616211 0.0263672 0.046875
0 0.270508 0.507324 0.0253906 0.0400391
0 0.414551 0.302246 0.0205078 0.0263672
0 0.348145 0.314941 0.0244141 0.0322266
0 0.244141 0.62207 0.0390625 0.0253906
0 0.27832 0.472168 0.03125 0.0166016
0 0.313965 0.571777 0.0283203 0.0400391
0 0.228516 0.504395 0.0273438 0.0361328
0 0.345703 0.679688 0.0234375 0.046875
0 0.339844 0.592773 0.03125 0.0332031
0 0.377441 0.511719 0.0244141 0.0429688
