0 0.774902 0.234863 0.0244141 0.0732422
0 0.249023 0.803711 0.0273438 0.0253906
0 0.65918 0.676758 0.0292969 0.0253906
0 0.327637 0.98877 0.0146484 0.0224609
0 0.85498 0.839844 0.0400391 0.0507812
0 0.882812 0.858398 0.0273438 0.0175781
0 0.663086 0.701172 0.0449219 0.0371094
0 0.166504 0.337402 0.0185547 0.0341797
0 0.213379 0.378906 0.0166016 0.0410156
0 0.692383 0.264648 0.0332031 0.0371094
0 0.493164 0.176758 0.0136719 0.0371094
0 0.734863 0.449219 0.0263672 0.0410156
0 0.723145 0.246094 0.0244141 0.0332031
0 0.896484 0.791016 0.03125 0.0429688
0 0.0283203 0.126465 0.015625 0.0517578
0 0.488281 0.428223 0.03125 0.0244141
0 0.68457 0.638672 0.0410156 0.046875
0 0.907227 0.524414 0.0292969 0.0253906
0 0.717773 0.818359 0.0292969 0.0351562
0 0.973633 0.401367 0.0253906 0.0273438
