0 0.418457 0.709473 0.0107422 0.0263672
0 0.370117 0.523438 0.0253906 0.015625
0 0.378906 0.564453 0.0136719 0.0234375
0 0.396973 0.613281 0.0224609 0.0195312
0 0.444824 0.399902 0.0166016 0.0419922
0 0.430176 0.658203 0.0126953 0.0351562
0 0.352051 0.598633 0.0244141 0.015625
0 0.599609 0.527832 0.0117188 0.0302734
0 0.371582 0.513672 0.0263672 0.0234375
0 0.391602 0.598633 0.0214844 0.0175781
0 0.413574 0.433594 0.0205078 0.0273438
0 0.634766 0.632324 0.0136719 0.0302734
0 0.333008 0.618652 0.0292969 0.0302734
0 0.424805 0.343262 0.0136719 0.0322266
0 0.396484 0.564453 0.0117188 0.0351562
0 0.413086 0.561523 0.0136719 0.0332031
0 0.580078 0.496094 0.0234375 0.0195312
0 0.435059 0.341797 0.0126953 0.03125
0 0.537598 0.487793 0.0146484 0.0322266
0 0.478516 0.451172 0.015625 0.0273438
0 0.616211 0.48877 0.0214844 0.0322266
0 0.32959 0.45166 0.0302734 0.0224609
0 0.367188 0.479004 0.0253906 0.0166016
0 0.562988 0.55957 0.0146484 0.0371094
0 0.428223 0.57666 0.0205078 0.0205078
0 0.541016 0.463867 0.0253906 0.0214844
0 0.56543 0.489258 0.0253906 0.0214844
0 0.513672 0.415527 0.0117188 0.0283203
0 0.388184 0.477051 0.0205078 0.0263672
0 0.420898 0.604004 0.0136719 0.0224609
0 0.406738 0.638184 0.0224609 0.0302734
0 0.381348 0.541504 0.0224609 0.0283203
0 0.416016 0.45752 0.015625 0.0283203
0 0.578125 0.577148 0.0136719 0.0292969
0 0.438965 0.460449 0.0263672 0.0263672
0 0.467285 0.466309 0.0224609 0.0302734
0 0.493164 0.444336 0.0117188 0.0390625
0 0.419434 0.686523 0.0224609 0.0117188
0 0.589844 0.574219 0.0117188 0.0371094
0 0.436035 0.59668 0.0224609 0.0253906
0 0.37207 0.431152 0.0195312 0.0283203
0 0.600586 0.504883 0.0175781 0.0332031
0 0.428223 0.635742 0.0263672 0.0175781
0 0.57373 0.5625 0.0146484 0.03125
0 0.436035 0.425781 0.0205078 0.0195312
0 0.275391 0.45752 0.015625 0.0322266
0 0.447754 0.558594 0.0244141 0.0195312
0 0.410645 0.353027 0.0185547 0.0302734
0 0.322754 0.381836 0.0146484 0.0332031
0 0.568359 0.432617 0.0273438 0.0214844
0 0.569824 0.456543 0.0166016 0.0322266
0 0.483887 0.404297 0.0283203 0.0234375
0 0.460938 0.591797 0.0253906 0.0195312
0 0.443848 0.626953 0.0224609 0.0234375
0 0.428223 0.30957 0.0224609 0.0253906
0 0.607422 0.563477 0.0234375 0.0214844
