0 0.166016 0.569336 0.0605469 0.0527344
0 0.391113 0.799805 0.0673828 0.0449219
0 0.245605 0.71582 0.0478516 0.0527344
0 0.587891 0.635742 0.0625 0.0332031
0 0.327148 0.700195 0.0371094 0.0429688
0 0.28125 0.779297 0.0410156 0.0585938
0 0.407227 0.462891 0.046875 0.046875
0 0.300293 0.702148 0.0341797 0.0507812
0 0.269531 0.610352 0.0507812 0.0449219
0 0.563477 0.355469 0.0488281 0.0488281
0 0.340332 0.600586 0.0517578 0.0488281
0 0.20752 0.59375 0.0419922 0.0410156
0 0.558594 0.503906 0.0742188 0.0429688
0 0.412109 0.729492 0.0664062 0.0332031
0 0.432617 0.651367 0.0566406 0.0488281
0 0.33252 0.759766 0.0380859 0.046875
0 0.374023 0.684082 0.0527344 0.0439453
