0 0.441895 0.743652 0.0224609 0.0166016
0 0.514648 0.695312 0.0292969 0.0117188
0 0.557129 0.740234 0.0263672 0.015625
0 0.457031 0.753906 0.015625 0.015625
0 0.461914 0.747559 0.0175781 0.0166016
0 0.536133 0.754395 0.0175781 0.0166016
0 0.450195 0.745117 0.0175781 0.0136719
0 0.549805 0.702148 0.0214844 0.0136719
0 0.508789 0.775391 0.03125 0.0078125
0 0.518066 0.731445 0.0244141 0.00976562
0 0.503418 0.748047 0.0205078 0.0136719
0 0.525391 0.755859 0.0195312 0.015625
0 0.477539 0.720703 0.0214844 0.0117188
0 0.487305 0.685547 0.0292969 0.0117188
0 0.422852 0.730469 0.0332031 0.0078125
0 0.572754 0.75293 0.0322266 0.00976562
0 0.550781 0.730469 0.03125 0.0136719
0 0.436523 0.741211 0.0214844 0.0175781
0 0.494141 0.716309 0.0195312 0.0166016
0 0.562012 0.708984 0.0302734 0.0117188
0 0.489258 0.748047 0.0175781 0.015625
0 0.520508 0.690918 0.0332031 0.0107422
0 0.513672 0.748535 0.0195312 0.0146484
0 0.55957 0.745117 0.03125 0.00976562
0 0.480469 0.709473 0.0175781 0.0166016
0 0.510742 0.719727 0.0214844 0.0136719
0 0.52002 0.707031 0.0302734 0.0117188
0 0.504883 0.765137 0.0214844 0.0146484
0 0.486328 0.770996 0.0234375 0.0166016
0 0.583496 0.727539 0.0283203 0.0136719
0 0.558594 0.763672 0.0195312 0.015625
0 0.54541 0.770508 0.0244141 0.0136719
0 0.474609 0.749512 0.015625 0.0166016
0 0.46875 0.696777 0.0273438 0.0126953
0 0.469727 0.731445 0.03125 0.00976562
0 0.495117 0.699219 0.0292969 0.0117188
0 0.40918 0.708496 0.0332031 0.0146484
0 0.529297 0.723633 0.0195312 0.0136719
0 0.462891 0.711426 0.0253906 0.0166016
0 0.584961 0.712891 0.0273438 0.015625
0 0.441895 0.712891 0.0263672 0.015625
