0 0.34375 0.615723 0.03125 0.0107422
0 0.190918 0.355957 0.0361328 0.0146484
1 0.358887 0.431641 0.0986328 0.0664062
0 0.549805 0.401855 0.0253906 0.0263672
0 0.33252 0.5625 0.0224609 0.015625
0 0.491211 0.447754 0.0175781 0.0283203
0 0.150391 0.30957 0.0429688 0.0136719
0 0.483398 0.579102 0.0292969 0.0253906
0 0.536621 0.410645 0.0341797 0.0322266
0 0.395508 0.210449 0.0488281 0.0146484
0 0.42041 0.207031 0.0478516 0.015625
0 0.385742 0.200684 0.0390625 0.0146484
0 0.418945 0.581055 0.046875 0.015625
0 0.308105 0.578125 0.0244141 0.0175781
0 0.48877 0.42334 0.0205078 0.0224609
0 0.164551 0.490234 0.0302734 0.015625
0 0.477539 0.454102 0.0214844 0.0449219
0 0.191895 0.363281 0.0419922 0.00976562
0 0.255371 0.324219 0.0419922 0.0117188
0 0.501465 0.66748 0.0361328 0.0166016
0 0.408691 0.594727 0.0439453 0.0136719
0 0.477539 0.603027 0.0429688 0.0205078
0 0.48291 0.476562 0.0361328 0.0195312
0 0.150391 0.373535 0.046875 0.0107422
0 0.5 0.57959 0.0351562 0.0283203
0 0.430664 0.305664 0.0292969 0.0253906
0 0.41748 0.223145 0.0458984 0.0107422
0 0.574219 0.413574 0.0195312 0.0302734
0 0.523926 0.544922 0.0380859 0.0253906
0 0.474121 0.577148 0.0166016 0.0273438
0 0.186035 0.374023 0.0400391 0.015625
0 0.710938 0.305664 0.0410156 0.0117188
0 0.177246 0.385254 0.0458984 0.0107422
0 0.801758 0.368164 0.0527344 0.0117188
0 0.697266 0.283691 0.046875 0.0146484
0 0.378906 0.625 0.0566406 0.0195312
0 0.125488 0.378418 0.0439453 0.0146484
0 0.229492 0.583008 0.0488281 0.0136719
0 0.732422 0.358887 0.03125 0.0283203
0 0.219727 0.352539 0.0449219 0.0234375
0 0.366211 0.21875 0.0214844 0.0292969
0 0.221191 0.621094 0.0517578 0.0117188
0 0.436523 0.189941 0.046875 0.0244141
0 0.367188 0.090332 0.046875 0.0126953
0 0.373535 0.236328 0.0517578 0.015625
0 0.530273 0.666016 0.0410156 0.0253906
0 0.54541 0.608398 0.0439453 0.0136719
0 0.666504 0.373535 0.0498047 0.0166016
0 0.482422 0.410645 0.0449219 0.0205078
0 0.221191 0.378906 0.0400391 0.0195312
0 0.567383 0.289551 0.0253906 0.0263672
0 0.0888672 0.586426 0.03125 0.0185547
0 0.674316 0.270508 0.0498047 0.0175781
0 0.649414 0.35498 0.0332031 0.0244141
0 0.178223 0.581543 0.0498047 0.0166016
0 0.493652 0.550781 0.0283203 0.0273438
0 0.419922 0.237305 0.0410156 0.015625
0 0.536621 0.308105 0.0380859 0.0263672
0 0.388672 0.186523 0.0507812 0.0136719
0 0.681152 0.326172 0.0341797 0.0195312
0 0.671387 0.355957 0.0361328 0.0244141
0 0.730469 0.319336 0.0429688 0.0214844
0 0.620117 0.39209 0.0449219 0.0205078
