0 0.590332 0.555664 0.0380859 0.0136719
0 0.578613 0.604004 0.0400391 0.0341797
0 0.575195 0.529297 0.03125 0.0234375
0 0.44873 0.471191 0.0322266 0.0263672
0 0.537109 0.621094 0.0175781 0.0410156
0 0.397461 0.503906 0.0234375 0.046875
0 0.424316 0.465332 0.0341797 0.0283203
0 0.620117 0.595703 0.015625 0.0507812
0 0.525879 0.533203 0.0439453 0.0234375
0 0.493164 0.537109 0.015625 0.0390625
0 0.478516 0.59668 0.03125 0.0371094
0 0.662109 0.579102 0.0410156 0.0332031
0 0.504883 0.490234 0.0214844 0.046875
0 0.497559 0.57666 0.0185547 0.0439453
0 0.523438 0.572754 0.0273438 0.0224609
0 0.362305 0.501953 0.0332031 0.0234375
0 0.452637 0.558594 0.0361328 0.0195312
0 0.63623 0.59375 0.0205078 0.0429688
0 0.510742 0.510254 0.0214844 0.0341797
0 0.655762 0.611328 0.0244141 0.0507812
0 0.433105 0.490234 0.0361328 0.03125
0 0.594727 0.610352 0.0253906 0.0371094
0 0.553711 0.544922 0.0371094 0.0195312
0 0.382812 0.500977 0.0234375 0.0488281
0 0.544434 0.558594 0.0380859 0.0195312
0 0.513184 0.551758 0.0361328 0.0214844
0 0.361328 0.517578 0.0273438 0.0390625
0 0.478027 0.52832 0.0224609 0.0410156
0 0.449219 0.522461 0.0429688 0.0234375
0 0.587891 0.540039 0.0351562 0.0214844
0 0.463379 0.499023 0.0244141 0.0410156
0 0.499512 0.635742 0.0263672 0.0410156
0 0.533203 0.51123 0.0292969 0.0302734
0 0.586426 0.574219 0.0341797 0.0234375
0 0.485352 0.577148 0.0253906 0.0449219
0 0.451172 0.541992 0.0351562 0.0214844
0 0.455078 0.574707 0.0410156 0.0244141
0 0.410645 0.582031 0.0146484 0.0390625
0 0.557617 0.58252 0.0253906 0.0419922
0 0.437988 0.613281 0.0224609 0.0546875
0 0.41748 0.605469 0.0244141 0.0507812
0 0.41748 0.498047 0.0361328 0.0332031
0 0.620117 0.550781 0.0410156 0.0234375
0 0.386719 0.536621 0.0292969 0.0322266
0 0.361816 0.47168 0.0380859 0.0429688
0 0.52002 0.597168 0.0419922 0.0283203
0 0.410156 0.543945 0.0351562 0.0371094
0 0.483398 0.494629 0.0351562 0.0439453
0 0.468262 0.617188 0.0400391 0.0273438
0 0.566406 0.516602 0.0351562 0.0292969
0 0.347656 0.526367 0.03125 0.0449219
0 0.607422 0.619141 0.0175781 0.0429688
0 0.62793 0.635254 0.0253906 0.0458984
0 0.425293 0.44873 0.0439453 0.0341797
0 0.354004 0.455078 0.0380859 0.0390625
0 0.57959 0.649414 0.0302734 0.0332031
0 0.388184 0.580078 0.0341797 0.046875
