0 0.42627 0.535156 0.0185547 0.0351562
0 0.383789 0.558594 0.0195312 0.0429688
0 0.55127 0.540039 0.0361328 0.0214844
0 0.719727 0.501953 0.0292969 0.0234375
0 0.410645 0.532227 0.0283203 0.0527344
0 0.458496 0.540039 0.0166016 0.0429688
0 0.314453 0.546387 0.0214844 0.0537109
0 0.362305 0.565918 0.03125 0.0419922
0 0.693359 0.540039 0.0234375 0.0332031
0 0.414062 0.559082 0.0292969 0.0380859
0 0.44043 0.538086 0.0253906 0.0292969
0 0.614258 0.532227 0.0292969 0.0214844
0 0.691895 0.517578 0.0244141 0.0332031
0 0.486328 0.555664 0.0214844 0.046875
0 0.584961 0.526367 0.0292969 0.0253906
