0 0.458008 0.664551 0.0332031 0.0419922
0 0.498047 0.636719 0.03125 0.0449219
0 0.530273 0.62793 0.0292969 0.0332031
0 0.515625 0.213379 0.0195312 0.0400391
0 0.456055 0.785156 0.0214844 0.0390625
0 0.438477 0.586914 0.03125 0.0507812
0 0.32373 0.785156 0.0322266 0.0292969
0 0.498047 0.790039 0.0214844 0.0683594
0 0.457031 0.675293 0.0429688 0.0244141
0 0.341797 0.773438 0.046875 0.0234375
0 0.461914 0.654785 0.0253906 0.0322266
0 0.46582 0.724609 0.0195312 0.0507812
0 0.48584 0.720703 0.0283203 0.0546875
0 0.447266 0.770508 0.0234375 0.0527344
0 0.352539 0.713867 0.0332031 0.0566406
0 0.316895 0.697266 0.0302734 0.0351562
0 0.469238 0.575195 0.0400391 0.0292969
0 0.304199 0.616699 0.0263672 0.0517578
0 0.670898 0.356445 0.0351562 0.0234375
0 0.405273 0.547852 0.0371094 0.0605469
0 0.29834 0.650879 0.0224609 0.0576172
0 0.313477 0.681641 0.0292969 0.046875
0 0.479492 0.759766 0.0351562 0.03125
0 0.545898 0.859375 0.0371094 0.0429688
0 0.345703 0.794922 0.0429688 0.0351562
