0 0.400879 0.646973 0.0458984 0.0400391
0 0.592773 0.453613 0.0566406 0.0361328
0 0.375977 0.544922 0.03125 0.0859375
0 0.212891 0.587402 0.0390625 0.0322266
0 0.697266 0.535156 0.0585938 0.0429688
0 0.702148 0.576172 0.0410156 0.0625
0 0.532227 0.563477 0.0214844 0.0703125
0 0.660156 0.618164 0.0625 0.0332031
0 0.600098 0.654297 0.0419922 0.0507812
0 0.734375 0.543945 0.03125 0.0683594
0 0.701172 0.631836 0.0390625 0.0527344
0 0.682617 0.68457 0.0410156 0.0625
0 0.648438 0.492676 0.0566406 0.0439453
