0 0.417969 0.519043 0.0117188 0.0380859
0 0.375 0.420898 0.0234375 0.0253906
0 0.360352 0.407227 0.0175781 0.0449219
0 0.516113 0.596191 0.0244141 0.0224609
0 0.47168 0.566895 0.0234375 0.0185547
0 0.355469 0.483398 0.0136719 0.0195312
0 0.40625 0.661133 0.0117188 0.0449219
0 0.277344 0.583008 0.0195312 0.0429688
0 0.479004 0.638184 0.00878906 0.0322266
0 0.454102 0.560547 0.0117188 0.03125
0 0.412109 0.472656 0.0136719 0.0429688
0 0.352539 0.65918 0.0253906 0.0292969
0 0.399902 0.645508 0.0126953 0.046875
0 0.423828 0.617188 0.0234375 0.015625
0 0.365723 0.389648 0.0185547 0.0566406
0 0.388672 0.40918 0.0117188 0.0488281
0 0.469727 0.803711 0.0253906 0.0605469
0 0.400391 0.462402 0.0136719 0.0380859
0 0.442383 0.725098 0.0136719 0.0458984
0 0.433105 0.692871 0.0126953 0.0361328
0 0.374512 0.454102 0.0185547 0.0527344
0 0.29834 0.565918 0.0126953 0.0458984
0 0.330078 0.561523 0.00976562 0.0332031
0 0.398926 0.566406 0.0166016 0.0390625
0 0.40918 0.616211 0.0253906 0.0175781
0 0.394043 0.544922 0.0126953 0.0371094
0 0.354004 0.706543 0.00878906 0.0439453
0 0.375977 0.527344 0.0175781 0.0449219
0 0.447266 0.702637 0.0136719 0.0400391
0 0.478516 0.660156 0.0195312 0.046875
0 0.45752 0.704102 0.0146484 0.0410156
0 0.468262 0.703125 0.0185547 0.0390625
0 0.431152 0.441895 0.0185547 0.0478516
0 0.415039 0.633789 0.0214844 0.0253906
0 0.424316 0.487305 0.0107422 0.0449219
0 0.393066 0.657715 0.0185547 0.0380859
0 0.341309 0.705078 0.0205078 0.0625
0 0.391113 0.520996 0.0224609 0.0302734
0 0.337402 0.473633 0.0146484 0.0410156
0 0.342285 0.52832 0.0166016 0.0527344
0 0.443359 0.526855 0.0234375 0.0341797
0 0.350098 0.448242 0.0185547 0.0449219
0 0.421875 0.394043 0.0136719 0.0419922
0 0.413086 0.341797 0.0175781 0.0527344
0 0.350586 0.636719 0.0292969 0.0175781
0 0.409668 0.576172 0.0166016 0.0546875
0 0.376465 0.668945 0.0185547 0.0292969
0 0.380859 0.390625 0.0195312 0.0390625
0 0.422852 0.597656 0.0175781 0.0351562
0 0.497559 0.510254 0.0244141 0.0341797
0 0.484375 0.559082 0.0273438 0.0361328
0 0.419922 0.430664 0.0273438 0.0371094
0 0.390137 0.620117 0.0107422 0.0449219
0 0.407227 0.530273 0.0136719 0.0488281
0 0.302246 0.637695 0.0205078 0.0488281
0 0.27002 0.584473 0.0146484 0.0419922
0 0.372559 0.638184 0.0146484 0.0400391
0 0.48584 0.701172 0.0146484 0.0429688
0 0.426758 0.537598 0.0175781 0.0419922
0 0.449219 0.43457 0.0234375 0.0507812
0 0.445801 0.500977 0.0244141 0.0371094
0 0.404785 0.399902 0.0302734 0.0302734
0 0.40918 0.709473 0.0136719 0.0556641
0 0.460449 0.496094 0.0244141 0.015625
0 0.494629 0.634277 0.0107422 0.0537109
0 0.332031 0.45459 0.0234375 0.0400391
0 0.480957 0.536133 0.0322266 0.0410156
0 0.42334 0.776855 0.0224609 0.0439453
0 0.491211 0.806641 0.015625 0.0546875
0 0.445801 0.479492 0.0302734 0.0214844
0 0.493164 0.582031 0.0273438 0.0234375
0 0.462891 0.734375 0.0234375 0.0371094
0 0.32959 0.613281 0.0166016 0.0507812
0 0.366211 0.694824 0.0214844 0.0361328
0 0.422852 0.307617 0.015625 0.0371094
0 0.440918 0.612305 0.0126953 0.0566406
0 0.346191 0.623047 0.0244141 0.015625
0 0.378906 0.589844 0.0253906 0.0273438
0 0.487305 0.481934 0.0214844 0.0380859
0 0.479492 0.499023 0.015625 0.0449219
0 0.518555 0.612305 0.0214844 0.0371094
0 0.498535 0.600586 0.0263672 0.0292969
0 0.467773 0.312012 0.015625 0.0576172
0 0.474121 0.618164 0.0302734 0.0253906
0 0.475098 0.600586 0.0224609 0.03125
0 0.315918 0.555664 0.0244141 0.0429688
0 0.414551 0.222656 0.0146484 0.0390625
0 0.394531 0.354004 0.0234375 0.0341797
0 0.394531 0.336426 0.0253906 0.0380859
0 0.469238 0.45166 0.0185547 0.0498047
0 0.349121 0.496582 0.0166016 0.0322266
0 0.424805 0.716797 0.0214844 0.0390625
0 0.39502 0.75 0.0283203 0.0371094
0 0.390625 0.71582 0.0234375 0.0449219
0 0.418945 0.741699 0.0234375 0.0205078
0 0.433105 0.760742 0.0283203 0.0253906
