0 0.886719 0.251953 0.0273438 0.0117188
0 0.443848 0.519043 0.0302734 0.0302734
0 0.47998 0.510742 0.0263672 0.0214844
0 0.61084 0.70752 0.0146484 0.0439453
0 0.390137 0.740234 0.0146484 0.0507812
0 0.652832 0.379395 0.0400391 0.0283203
0 0.612305 0.417969 0.015625 0.046875
0 0.613281 0.689941 0.015625 0.0458984
0 0.567383 0.500488 0.0214844 0.0302734
0 0.438965 0.45752 0.0224609 0.0361328
0 0.604492 0.487793 0.0214844 0.0341797
0 0.595703 0.583496 0.0117188 0.0439453
0 0.62207 0.705566 0.0214844 0.0458984
0 0.617188 0.401855 0.0195312 0.0654297
0 0.600586 0.498535 0.0253906 0.0439453
0 0.529785 0.498535 0.0205078 0.0283203
0 0.453613 0.662109 0.0283203 0.0429688
0 0.516113 0.508789 0.0146484 0.0410156
0 0.433594 0.513672 0.0429688 0.0273438
0 0.630371 0.416016 0.0166016 0.0449219
0 0.371582 0.605957 0.0166016 0.0419922
0 0.475586 0.489258 0.0214844 0.0253906
0 0.631836 0.657227 0.0175781 0.046875
0 0.648926 0.368164 0.0361328 0.0136719
0 0.597168 0.444336 0.0263672 0.0175781
0 0.393555 0.654297 0.0136719 0.046875
0 0.643066 0.71582 0.0224609 0.0332031
0 0.558594 0.628906 0.0332031 0.0195312
0 0.541504 0.650879 0.0380859 0.0224609
0 0.583008 0.647461 0.0253906 0.0292969
0 0.738281 0.317871 0.0390625 0.0302734
0 0.498535 0.60498 0.0322266 0.0224609
0 0.46875 0.543945 0.0292969 0.0292969
0 0.35791 0.615234 0.0224609 0.0546875
0 0.762695 0.733398 0.0449219 0.0546875
0 0.587891 0.749023 0.0273438 0.015625
0 0.587402 0.577148 0.0126953 0.0507812
0 0.546875 0.608398 0.03125 0.0253906
0 0.508301 0.538086 0.0146484 0.0410156
0 0.72168 0.374023 0.0351562 0.0234375
0 0.651367 0.348633 0.0332031 0.0292969
0 0.423828 0.41748 0.0351562 0.0341797
0 0.538086 0.509277 0.0253906 0.0380859
0 0.618652 0.673828 0.0224609 0.0507812
0 0.642578 0.375977 0.03125 0.0214844
0 0.53418 0.666016 0.0292969 0.0273438
0 0.567383 0.57666 0.0292969 0.0283203
0 0.397461 0.769531 0.0136719 0.0507812
0 0.498047 0.595703 0.03125 0.015625
0 0.478027 0.416016 0.0205078 0.0449219
0 0.563477 0.598633 0.0253906 0.0449219
0 0.40332 0.65625 0.0136719 0.0546875
0 0.612305 0.753418 0.0253906 0.0400391
0 0.643555 0.405273 0.0136719 0.0449219
0 0.381836 0.608398 0.0214844 0.0410156
0 0.870117 0.540527 0.0507812 0.0205078
0 0.512695 0.477539 0.0136719 0.0488281
0 0.564941 0.550781 0.0283203 0.0351562
0 0.592773 0.364746 0.0292969 0.0244141
0 0.619629 0.464844 0.0185547 0.0507812
0 0.461914 0.501953 0.015625 0.0488281
0 0.586914 0.477539 0.0332031 0.0292969
0 0.649414 0.670898 0.0292969 0.0214844
0 0.619629 0.737793 0.0244141 0.0380859
0 0.53418 0.561523 0.0175781 0.0429688
0 0.600586 0.537598 0.0195312 0.0537109
0 0.442871 0.427246 0.0380859 0.0166016
0 0.395996 0.802246 0.0380859 0.0205078
0 0.42334 0.449707 0.0146484 0.0419922
0 0.40918 0.458984 0.0175781 0.0390625
0 0.401367 0.717773 0.0175781 0.0566406
0 0.394531 0.572266 0.0351562 0.0332031
0 0.583008 0.519531 0.0214844 0.046875
0 0.541992 0.477051 0.0410156 0.0146484
0 0.376465 0.780273 0.0361328 0.0292969
0 0.598633 0.385742 0.0253906 0.0273438
0 0.454102 0.56543 0.0175781 0.0410156
0 0.459961 0.45166 0.0214844 0.0498047
0 0.484863 0.529297 0.0322266 0.0273438
0 0.606445 0.639648 0.0175781 0.0292969
0 0.593262 0.627441 0.0322266 0.0205078
0 0.634766 0.313477 0.03125 0.03125
0 0.492676 0.547852 0.0146484 0.0371094
0 0.574219 0.536621 0.0273438 0.0361328
0 0.491699 0.482422 0.0283203 0.0175781
0 0.620117 0.637695 0.0175781 0.0527344
0 0.664062 0.386719 0.0273438 0.0429688
0 0.586426 0.458984 0.0341797 0.0195312
0 0.599609 0.776367 0.0273438 0.0253906
0 0.507812 0.577148 0.0351562 0.0214844
0 0.601562 0.34082 0.0332031 0.0253906
0 0.589355 0.413574 0.0244141 0.0361328
0 0.581055 0.714844 0.0175781 0.0507812
0 0.59668 0.73291 0.0136719 0.0439453
0 0.401855 0.592773 0.0224609 0.0371094
0 0.375 0.470703 0.0175781 0.0449219
0 0.611328 0.55957 0.015625 0.0527344
0 0.57666 0.662598 0.0322266 0.0244141
0 0.435059 0.544922 0.0224609 0.0273438
0 0.907227 0.262207 0.0449219 0.0322266
0 0.622559 0.342773 0.0322266 0.0292969
0 0.57373 0.783691 0.0380859 0.0380859
0 0.62207 0.516113 0.0253906 0.0380859
0 0.449219 0.395508 0.0117188 0.046875
0 0.574707 0.435547 0.0185547 0.0332031
0 0.556641 0.754883 0.0234375 0.046875
0 0.389648 0.503906 0.0234375 0.0390625
0 0.486816 0.430176 0.0205078 0.0458984
0 0.427734 0.487793 0.03125 0.0224609
0 0.438477 0.32959 0.0292969 0.0283203
0 0.59668 0.69043 0.0175781 0.0527344
