0 0.570312 0.604492 0.0195312 0.0371094
0 0.661133 0.52832 0.0175781 0.0332031
0 0.353027 0.365234 0.0205078 0.0546875
0 0.575684 0.609375 0.0302734 0.0507812
0 0.334961 0.853516 0.0292969 0.0175781
0 0.345703 0.330566 0.0195312 0.0224609
0 0.647461 0.869141 0.00976562 0.0273438
0 0.246094 0.562988 0.0351562 0.0146484
0 0.188477 0.366211 0.0234375 0.0722656
0 0.704102 0.585449 0.0253906 0.0419922
0 0.0273438 0.62793 0.0136719 0.0371094
0 0.774414 0.720215 0.0410156 0.0556641
0 0.483398 0.683594 0.0292969 0.03125
0 0.181641 0.96875 0.0195312 0.0507812
0 0.288086 0.604492 0.0136719 0.0390625
0 0.672852 0.397949 0.0332031 0.0341797
0 0.363281 0.486816 0.0214844 0.0458984
