0 0.499023 0.517578 0.00976562 0.0390625
0 0.510254 0.425781 0.0185547 0.0253906
0 0.635742 0.567383 0.015625 0.0332031
0 0.484375 0.428711 0.0175781 0.0292969
0 0.642578 0.557617 0.0234375 0.0253906
0 0.567871 0.692383 0.0146484 0.0371094
0 0.572266 0.697266 0.015625 0.0390625
0 0.455078 0.681641 0.0195312 0.0273438
0 0.420898 0.57959 0.0195312 0.0283203
0 0.568359 0.677246 0.0136719 0.0400391
0 0.62793 0.643555 0.0175781 0.0292969
0 0.492188 0.517578 0.0117188 0.0429688
0 0.499023 0.447754 0.0175781 0.0283203
0 0.619141 0.60791 0.0195312 0.0185547
0 0.513672 0.418945 0.0175781 0.0292969
0 0.407227 0.451172 0.0136719 0.0429688
0 0.575195 0.552734 0.0136719 0.0390625
0 0.499512 0.368652 0.0205078 0.0244141
0 0.438477 0.422852 0.0195312 0.0292969
0 0.642578 0.583984 0.0195312 0.0351562
0 0.606445 0.443359 0.0175781 0.0390625
0 0.494141 0.548828 0.0117188 0.0390625
0 0.663574 0.641602 0.0224609 0.0253906
0 0.514648 0.543945 0.0136719 0.0390625
0 0.446777 0.629883 0.0185547 0.0214844
0 0.452148 0.457031 0.0214844 0.0273438
0 0.373535 0.496094 0.0224609 0.0273438
0 0.445312 0.509766 0.0214844 0.03125
0 0.492676 0.416016 0.0146484 0.0390625
0 0.419922 0.458984 0.015625 0.0351562
0 0.571289 0.587402 0.0195312 0.0244141
0 0.621582 0.461914 0.0244141 0.0351562
0 0.428711 0.588867 0.015625 0.0371094
0 0.428711 0.618164 0.0234375 0.0253906
0 0.620117 0.623047 0.0214844 0.0234375
0 0.564453 0.563477 0.0195312 0.0214844
0 0.495117 0.73584 0.0175781 0.0302734
0 0.591309 0.736328 0.0244141 0.0273438
0 0.394531 0.515625 0.0136719 0.0351562
0 0.405762 0.480469 0.0205078 0.0273438
0 0.646973 0.66748 0.0146484 0.0419922
0 0.483887 0.262695 0.0205078 0.0214844
0 0.360352 0.59668 0.0234375 0.0273438
0 0.607422 0.654297 0.015625 0.0351562
0 0.386719 0.411133 0.0136719 0.0410156
0 0.523438 0.442383 0.0195312 0.0292969
0 0.534668 0.504395 0.0146484 0.0361328
0 0.532715 0.61377 0.0205078 0.0302734
0 0.46582 0.357422 0.015625 0.0390625
0 0.496094 0.486816 0.0195312 0.0302734
0 0.582031 0.611328 0.0175781 0.0332031
0 0.497559 0.337891 0.0224609 0.0273438
