0 0.596191 0.434082 0.0166016 0.0263672
0 0.568359 0.458984 0.03125 0.0234375
0 0.44873 0.626953 0.0263672 0.0292969
0 0.5625 0.541992 0.015625 0.0351562
0 0.416504 0.297363 0.0126953 0.0439453
0 0.393066 0.53125 0.0107422 0.0429688
0 0.542969 0.480957 0.0234375 0.0322266
0 0.626465 0.546875 0.0146484 0.03125
0 0.525391 0.308105 0.0136719 0.0400391
0 0.586914 0.429688 0.0214844 0.03125
0 0.678223 0.574707 0.0185547 0.0224609
0 0.427246 0.286621 0.0166016 0.0263672
0 0.533203 0.496094 0.0195312 0.03125
0 0.68457 0.55957 0.0175781 0.0332031
0 0.430176 0.612305 0.0166016 0.0292969
0 0.430664 0.595215 0.015625 0.0322266
0 0.597656 0.533691 0.0195312 0.0419922
0 0.633789 0.575195 0.0214844 0.0410156
0 0.517578 0.310059 0.0195312 0.0361328
0 0.441895 0.605469 0.0146484 0.0429688
0 0.495117 0.47168 0.0214844 0.0273438
0 0.558594 0.563477 0.015625 0.0390625
0 0.465332 0.477539 0.0166016 0.0253906
0 0.42334 0.299805 0.0166016 0.0429688
0 0.585938 0.602539 0.0195312 0.0332031
0 0.618164 0.564453 0.015625 0.046875
0 0.484375 0.330566 0.0117188 0.0341797
0 0.604492 0.41748 0.0175781 0.0380859
0 0.430664 0.635742 0.0234375 0.0273438
0 0.424805 0.519531 0.0214844 0.0292969
0 0.596191 0.581055 0.0224609 0.0273438
0 0.476562 0.647461 0.015625 0.0410156
0 0.587891 0.409668 0.0234375 0.0283203
0 0.526855 0.575195 0.0146484 0.0449219
0 0.462891 0.382324 0.0214844 0.0302734
0 0.416016 0.351074 0.015625 0.0361328
0 0.509766 0.304199 0.0195312 0.0302734
0 0.409668 0.330566 0.0283203 0.0244141
0 0.438965 0.682129 0.0302734 0.0302734
0 0.398926 0.349609 0.0205078 0.0273438
0 0.390137 0.312988 0.0224609 0.0244141
0 0.443359 0.655273 0.015625 0.0410156
0 0.487793 0.724121 0.0224609 0.0224609
0 0.577148 0.463379 0.0253906 0.0205078
0 0.646484 0.552734 0.0234375 0.0214844
0 0.612793 0.390137 0.0126953 0.0400391
0 0.484863 0.350098 0.0146484 0.0361328
0 0.550781 0.552734 0.015625 0.0449219
0 0.566895 0.530273 0.0146484 0.0410156
0 0.539062 0.576172 0.0136719 0.0410156
0 0.561523 0.453613 0.0273438 0.0244141
0 0.51123 0.455566 0.0244141 0.0244141
0 0.464355 0.695312 0.0185547 0.0351562
0 0.680176 0.533203 0.0224609 0.0332031
0 0.654297 0.566406 0.0195312 0.03125
0 0.648438 0.508789 0.0234375 0.0371094
0 0.666992 0.570312 0.0136719 0.0390625
0 0.468262 0.321289 0.0244141 0.0234375
0 0.588867 0.549805 0.0253906 0.0214844
0 0.456055 0.519043 0.0253906 0.0283203
0 0.470215 0.631836 0.0224609 0.03125
0 0.493652 0.32666 0.0126953 0.0380859
0 0.432129 0.498535 0.0166016 0.0419922
0 0.264648 0.499023 0.015625 0.0410156
0 0.404297 0.618652 0.0234375 0.0205078
0 0.418457 0.494629 0.0146484 0.0419922
0 0.609863 0.604492 0.0146484 0.0410156
0 0.608398 0.447266 0.0136719 0.0390625
0 0.667969 0.601074 0.0273438 0.0263672
0 0.604004 0.685547 0.0224609 0.0507812
0 0.470215 0.361328 0.0205078 0.0351562
0 0.692383 0.540039 0.0253906 0.0253906
0 0.421387 0.399414 0.0224609 0.0292969
0 0.419434 0.612305 0.0107422 0.0390625
0 0.365234 0.75 0.0273438 0.03125
0 0.428711 0.65332 0.0214844 0.0214844
0 0.400879 0.52832 0.0126953 0.046875
0 0.492676 0.589844 0.0185547 0.046875
0 0.587891 0.38623 0.015625 0.0400391
0 0.439453 0.550781 0.0234375 0.03125
0 0.442871 0.27002 0.0224609 0.0380859
0 0.401367 0.605469 0.0253906 0.0234375
0 0.580566 0.493652 0.0205078 0.0205078
0 0.408203 0.287109 0.015625 0.0410156
0 0.533691 0.301758 0.0166016 0.0429688
0 0.408691 0.510254 0.0126953 0.0380859
0 0.554199 0.591797 0.0224609 0.0273438
0 0.540039 0.447266 0.0253906 0.0214844
0 0.636719 0.60498 0.0253906 0.0302734
0 0.536133 0.699219 0.0214844 0.046875
0 0.576172 0.291504 0.015625 0.0419922
0 0.359375 0.513672 0.0195312 0.0390625
0 0.538086 0.46582 0.0214844 0.0253906
0 0.471191 0.490723 0.0205078 0.0341797
0 0.697266 0.584961 0.0195312 0.0371094
0 0.453125 0.248047 0.015625 0.0429688
0 0.678711 0.515625 0.0214844 0.0273438
0 0.324219 0.488281 0.0234375 0.0273438
0 0.358398 0.485352 0.0195312 0.03125
0 0.530273 0.628418 0.0214844 0.0322266
0 0.422852 0.67627 0.0253906 0.0322266
0 0.502441 0.484863 0.0224609 0.0283203
0 0.574707 0.572266 0.0185547 0.0351562
0 0.45752 0.461914 0.0283203 0.0214844
0 0.672852 0.373047 0.0214844 0.0273438
0 0.615234 0.474609 0.0195312 0.0410156
0 0.493164 0.631836 0.0175781 0.0410156
0 0.558594 0.478027 0.015625 0.0361328
0 0.303223 0.404297 0.0263672 0.03125
0 0.646484 0.486328 0.0273438 0.0253906
0 0.597656 0.601562 0.0175781 0.03125
0 0.606445 0.283691 0.0175781 0.0419922
0 0.436523 0.474609 0.0253906 0.0234375
0 0.358398 0.451172 0.0214844 0.03125
0 0.560059 0.696289 0.0224609 0.0292969
0 0.607422 0.364258 0.0234375 0.0371094
0 0.551758 0.396484 0.0253906 0.0273438
0 0.540527 0.52832 0.0205078 0.0351562
0 0.54834 0.435547 0.0244141 0.0234375
0 0.359863 0.39502 0.0244141 0.0244141
0 0.560547 0.504883 0.0234375 0.0253906
0 0.652344 0.681152 0.0214844 0.0419922
0 0.479004 0.466797 0.0166016 0.0332031
0 0.520508 0.511719 0.0214844 0.03125
0 0.650391 0.45166 0.0195312 0.0439453
0 0.390625 0.370117 0.0234375 0.0253906
0 0.62793 0.37207 0.0234375 0.0410156
0 0.462891 0.338867 0.0234375 0.0214844
0 0.660156 0.323242 0.0273438 0.0253906
0 0.587891 0.451172 0.0234375 0.0332031
0 0.520508 0.652832 0.0195312 0.0400391
0 0.446777 0.306641 0.0166016 0.0351562
0 0.57666 0.661133 0.0205078 0.0449219
0 0.675781 0.341309 0.0195312 0.0380859
0 0.349609 0.318359 0.0195312 0.0371094
0 0.442383 0.370605 0.0214844 0.0322266
0 0.470703 0.392578 0.0195312 0.03125
0 0.34082 0.285645 0.0214844 0.0380859
0 0.497559 0.292969 0.0205078 0.0390625
