0 0.284668 0.426758 0.0263672 0.0214844
0 0.478516 0.560547 0.0253906 0.0117188
0 0.62793 0.54248 0.0253906 0.0205078
0 0.327637 0.374023 0.0126953 0.015625
0 0.532227 0.621094 0.0175781 0.0332031
0 0.539551 0.59668 0.0146484 0.0292969
0 0.621094 0.624023 0.015625 0.0253906
0 0.479004 0.602539 0.0185547 0.0136719
0 0.180176 0.555664 0.0205078 0.00976562
0 0.291504 0.428711 0.0205078 0.0117188
0 0.325195 0.551758 0.0253906 0.0214844
0 0.644531 0.610352 0.0117188 0.0253906
0 0.638672 0.59082 0.015625 0.0292969
0 0.627441 0.638672 0.0244141 0.0253906
0 0.47168 0.603516 0.0273438 0.015625
0 0.506836 0.505371 0.0214844 0.0283203
0 0.52832 0.490723 0.00976562 0.0283203
0 0.371582 0.462891 0.0224609 0.0195312
0 0.411133 0.477539 0.0214844 0.0175781
0 0.517578 0.491699 0.0175781 0.0146484
0 0.502441 0.692383 0.00878906 0.0332031
0 0.625977 0.584473 0.0175781 0.0224609
0 0.573242 0.597656 0.0234375 0.0117188
0 0.633789 0.619141 0.0175781 0.015625
0 0.325684 0.447266 0.0166016 0.0351562
0 0.241211 0.552734 0.0253906 0.015625
0 0.277344 0.422852 0.0195312 0.03125
0 0.807617 0.447266 0.0253906 0.0136719
0 0.499023 0.532715 0.0253906 0.0146484
0 0.362305 0.517578 0.0136719 0.0292969
0 0.52832 0.547852 0.00976562 0.0253906
0 0.318359 0.426758 0.0117188 0.0292969
0 0.522461 0.52832 0.0214844 0.0136719
0 0.552246 0.625977 0.0205078 0.0292969
0 0.299316 0.443359 0.0244141 0.0136719
0 0.33252 0.470703 0.0166016 0.0292969
0 0.616211 0.603516 0.0214844 0.015625
0 0.13623 0.384277 0.0224609 0.0166016
0 0.699707 0.526367 0.0224609 0.0136719
0 0.462891 0.633301 0.0117188 0.0302734
0 0.370605 0.48291 0.0205078 0.0166016
0 0.594727 0.589844 0.0175781 0.0195312
0 0.509277 0.625977 0.0224609 0.0136719
0 0.399902 0.567383 0.0263672 0.0195312
0 0.322754 0.499023 0.0224609 0.0175781
