0 0.691406 0.505859 0.0195312 0.0351562
0 0.496582 0.467285 0.0224609 0.0185547
0 0.625 0.480957 0.0273438 0.0322266
0 0.601562 0.494629 0.046875 0.0302734
0 0.694336 0.53418 0.0253906 0.0410156
0 0.695801 0.594727 0.0224609 0.0488281
0 0.217285 0.5 0.0283203 0.046875
0 0.433594 0.471191 0.03125 0.0302734
0 0.349609 0.378418 0.0175781 0.0458984
0 0.564941 0.46582 0.0185547 0.0507812
0 0.277344 0.592773 0.0390625 0.0292969
0 0.474121 0.804688 0.0361328 0.0351562
0 0.337891 0.371094 0.0195312 0.0449219
0 0.20166 0.496094 0.0205078 0.0488281
0 0.536621 0.459961 0.0263672 0.0449219
0 0.397461 0.477539 0.0390625 0.0332031
0 0.129883 0.672363 0.0449219 0.0341797
0 0.185059 0.635742 0.0361328 0.0332031
0 0.287598 0.776367 0.0361328 0.0332031
0 0.310059 0.749023 0.0302734 0.0566406
0 0.523438 0.820312 0.0351562 0.0429688
0 0.49707 0.802734 0.0332031 0.0429688
0 0.525391 0.579102 0.0332031 0.0371094
0 0.480469 0.632812 0.0273438 0.0507812
0 0.442871 0.651367 0.0302734 0.0488281
0 0.213379 0.533691 0.0341797 0.0341797
