0 0.636719 0.585938 0.0976562 0.0644531
0 0.496582 0.716797 0.0322266 0.0273438
0 0.541016 0.725586 0.0390625 0.0253906
0 0.453125 0.407227 0.0390625 0.0644531
0 0.467773 0.713867 0.0253906 0.0429688
0 0.555664 0.75293 0.0332031 0.0488281
0 0.698242 0.589355 0.0488281 0.102539
0 0.607422 0.641113 0.0722656 0.0478516
0 0.442383 0.673828 0.0332031 0.0195312
0 0.354492 0.475098 0.0332031 0.0224609
0 0.481445 0.509277 0.0449219 0.0322266
0 0.519531 0.735352 0.03125 0.0371094
0 0.488281 0.576172 0.03125 0.046875
0 0.461426 0.594727 0.0302734 0.0410156
0 0.295898 0.53418 0.0605469 0.0683594
0 0.43457 0.515625 0.0410156 0.0253906
0 0.477539 0.44043 0.0214844 0.0644531
0 0.609375 0.764648 0.0449219 0.0351562
0 0.333496 0.553711 0.0361328 0.0214844
0 0.55957 0.782227 0.0449219 0.0351562
0 0.702148 0.672852 0.0371094 0.0566406
0 0.354004 0.519531 0.0322266 0.03125
0 0.334473 0.57373 0.0380859 0.0224609
0 0.465332 0.694336 0.0361328 0.0371094
0 0.679199 0.617676 0.0400391 0.0654297
0 0.498047 0.388184 0.0507812 0.0517578
0 0.705078 0.711914 0.0546875 0.0527344
0 0.811523 0.561035 0.0449219 0.0634766
0 0.575195 0.746094 0.0332031 0.0664062
0 0.446777 0.499023 0.0341797 0.046875
0 0.413086 0.624023 0.0585938 0.0371094
0 0.509277 0.483887 0.0361328 0.0556641
0 0.370605 0.580566 0.0361328 0.0380859
0 0.354004 0.535645 0.0400391 0.0244141
0 0.40332 0.428223 0.0253906 0.0478516
0 0.419434 0.48877 0.0283203 0.0439453
0 0.533203 0.759766 0.0351562 0.046875
0 0.486328 0.602539 0.0390625 0.0527344
0 0.393555 0.678711 0.0292969 0.0566406
0 0.416992 0.65625 0.0332031 0.046875
0 0.370117 0.513184 0.0292969 0.0517578
0 0.423828 0.691406 0.0351562 0.0429688
0 0.333008 0.592285 0.0390625 0.0322266
