0 0.336426 0.825684 0.0556641 0.0537109
0 0.43457 0.689453 0.0351562 0.0507812
0 0.410156 0.761719 0.0351562 0.046875
0 0.340332 0.70459 0.0556641 0.0224609
0 0.326172 0.683105 0.0292969 0.0400391
0 0.476562 0.666992 0.0351562 0.0488281
0 0.263184 0.684082 0.0478516 0.0517578
0 0.512695 0.699219 0.0410156 0.0625
0 0.396973 0.667969 0.0380859 0.046875
0 0.688477 0.847656 0.0644531 0.0273438
0 0.430664 0.606445 0.0410156 0.0429688
0 0.677734 0.710938 0.0527344 0.0664062
0 0.414062 0.633789 0.0546875 0.0449219
