0 0.310547 0.541016 0.0234375 0.0625
0 0.505859 0.486816 0.0429688 0.0244141
0 0.398438 0.676758 0.0351562 0.0429688
0 0.467773 0.575195 0.0410156 0.0429688
0 0.316895 0.376465 0.0283203 0.0400391
0 0.379395 0.606445 0.0205078 0.0527344
0 0.34082 0.310059 0.0390625 0.0302734
0 0.425293 0.572754 0.0283203 0.0283203
0 0.345215 0.581055 0.0419922 0.0371094
0 0.347656 0.489746 0.0273438 0.0634766
0 0.536133 0.604492 0.0292969 0.0683594
0 0.512695 0.545898 0.0332031 0.0273438
0 0.506836 0.477539 0.0527344 0.0410156
0 0.273926 0.405273 0.0361328 0.0527344
0 0.550781 0.441406 0.0410156 0.0273438
0 0.398438 0.62793 0.0332031 0.0488281
0 0.243164 0.399902 0.0410156 0.0361328
0 0.44043 0.587891 0.0449219 0.03125
0 0.505371 0.504883 0.0380859 0.0332031
0 0.356934 0.552734 0.0302734 0.0546875
0 0.376953 0.413574 0.0390625 0.0263672
0 0.489258 0.340332 0.0292969 0.0634766
0 0.494141 0.597168 0.0234375 0.0537109
0 0.540527 0.404785 0.0341797 0.0458984
0 0.458008 0.456055 0.0332031 0.0371094
0 0.317383 0.586914 0.0273438 0.0644531
0 0.490234 0.560059 0.0175781 0.0498047
0 0.473633 0.350586 0.0332031 0.0644531
0 0.310547 0.489258 0.03125 0.0546875
0 0.605469 0.402832 0.0507812 0.0419922
0 0.244141 0.352051 0.0214844 0.0673828
0 0.583984 0.45459 0.0390625 0.0205078
0 0.469727 0.616211 0.0371094 0.0332031
0 0.523926 0.639648 0.0322266 0.0371094
0 0.323242 0.634766 0.0429688 0.0273438
0 0.475586 0.683594 0.0332031 0.0332031
0 0.441895 0.69043 0.0361328 0.0488281
0 0.286133 0.358398 0.0253906 0.03125
0 0.561523 0.618164 0.0292969 0.0800781
0 0.539551 0.334473 0.0302734 0.0439453
0 0.259277 0.65332 0.0263672 0.0644531
0 0.286621 0.439453 0.0205078 0.0585938
0 0.400391 0.431641 0.046875 0.03125
0 0.451172 0.490723 0.0546875 0.0400391
0 0.333984 0.675293 0.0390625 0.0615234
0 0.446777 0.598633 0.0400391 0.0214844
0 0.409668 0.716797 0.0302734 0.0546875
0 0.553223 0.320312 0.0283203 0.0664062
0 0.544922 0.495117 0.0195312 0.0527344
0 0.519043 0.343262 0.0283203 0.0634766
0 0.353516 0.333984 0.0351562 0.0429688
0 0.361328 0.679688 0.0410156 0.0429688
0 0.297363 0.328125 0.0302734 0.046875
0 0.304688 0.348145 0.0234375 0.0517578
0 0.325684 0.335449 0.0322266 0.0458984
0 0.516602 0.385254 0.0214844 0.0595703
0 0.29248 0.288574 0.0205078 0.0576172
0 0.665039 0.443359 0.0292969 0.0351562
0 0.566406 0.379883 0.0273438 0.0625
0 0.401367 0.650391 0.0253906 0.0273438
0 0.310059 0.414551 0.0400391 0.0517578
0 0.262207 0.362793 0.0341797 0.0419922
0 0.624023 0.462402 0.0488281 0.0283203
0 0.581055 0.427246 0.0332031 0.0517578
0 0.383301 0.709961 0.0400391 0.0527344
0 0.217285 0.361816 0.0361328 0.0673828
0 0.502441 0.623047 0.0263672 0.0546875
0 0.476562 0.663086 0.0351562 0.0371094
0 0.615723 0.438477 0.0498047 0.0292969
0 0.330078 0.440918 0.03125 0.0439453
0 0.48291 0.512207 0.0439453 0.0380859
0 0.34082 0.397461 0.0410156 0.046875
0 0.585449 0.348633 0.0263672 0.0722656
0 0.533691 0.533691 0.0419922 0.0322266
0 0.439941 0.422363 0.0302734 0.0673828
0 0.286621 0.559082 0.0224609 0.0673828
0 0.374023 0.535156 0.0253906 0.0527344
0 0.384766 0.32373 0.046875 0.0419922
0 0.376465 0.478027 0.0361328 0.0498047
0 0.458984 0.544434 0.0429688 0.0400391
0 0.539062 0.37793 0.03125 0.0546875
0 0.26123 0.317871 0.0458984 0.0322266
0 0.678711 0.456055 0.0449219 0.0292969
0 0.407715 0.498535 0.0419922 0.0478516
