0 0.612305 0.479492 0.0214844 0.0332031
0 0.558594 0.37207 0.015625 0.0410156
0 0.605957 0.621094 0.0283203 0.0292969
0 0.396484 0.443359 0.0234375 0.0332031
0 0.614258 0.356445 0.0175781 0.0488281
0 0.616211 0.724121 0.0253906 0.0244141
0 0.484375 0.550781 0.015625 0.0507812
0 0.475586 0.524902 0.015625 0.0517578
0 0.597656 0.658203 0.0273438 0.0390625
0 0.615234 0.377441 0.015625 0.0498047
0 0.602539 0.334961 0.0253906 0.0292969
0 0.530273 0.569336 0.0195312 0.0429688
0 0.378906 0.451172 0.0136719 0.0488281
0 0.402832 0.494141 0.0205078 0.0351562
0 0.380371 0.494141 0.0185547 0.0507812
0 0.367676 0.43457 0.0205078 0.0410156
0 0.494629 0.341309 0.0166016 0.0517578
0 0.551758 0.635742 0.0234375 0.0332031
0 0.57666 0.38623 0.0166016 0.0498047
0 0.604492 0.633301 0.0273438 0.0263672
0 0.581055 0.362305 0.0253906 0.0371094
0 0.62793 0.617188 0.0214844 0.0351562
0 0.601074 0.368164 0.0166016 0.0449219
0 0.47168 0.27832 0.0214844 0.0546875
0 0.401367 0.470215 0.0292969 0.0263672
0 0.480957 0.348145 0.0146484 0.0478516
0 0.456055 0.333984 0.0175781 0.046875
0 0.540039 0.618652 0.0292969 0.0283203
0 0.394043 0.42041 0.0283203 0.0302734
0 0.633789 0.742188 0.0136719 0.0507812
0 0.428223 0.361816 0.0224609 0.0380859
0 0.442383 0.366211 0.0136719 0.0410156
0 0.481934 0.308594 0.0283203 0.03125
0 0.508789 0.347168 0.0175781 0.0537109
0 0.614258 0.742188 0.0292969 0.0273438
0 0.410156 0.505859 0.0195312 0.0351562
0 0.410156 0.445801 0.0253906 0.0400391
0 0.485352 0.45459 0.0292969 0.0302734
0 0.529297 0.64209 0.0253906 0.0283203
0 0.470215 0.705078 0.0166016 0.0507812
0 0.420898 0.489258 0.0253906 0.0351562
0 0.494141 0.26416 0.0273438 0.0205078
0 0.467285 0.354004 0.0185547 0.0478516
0 0.471191 0.647461 0.0244141 0.0292969
0 0.352539 0.523438 0.0214844 0.046875
0 0.546387 0.456543 0.0302734 0.0263672
0 0.598633 0.756348 0.0253906 0.0400391
0 0.427246 0.456055 0.0146484 0.0488281
0 0.64209 0.429688 0.0126953 0.046875
0 0.458984 0.720215 0.015625 0.0498047
0 0.591797 0.48291 0.0273438 0.0283203
0 0.613281 0.666992 0.0234375 0.0292969
0 0.55957 0.349609 0.0253906 0.0273438
0 0.586426 0.791504 0.0146484 0.0478516
0 0.493164 0.717285 0.0136719 0.0517578
0 0.50293 0.285156 0.0214844 0.0390625
0 0.536133 0.555664 0.0214844 0.0351562
0 0.59082 0.399414 0.0175781 0.0449219
0 0.352539 0.443359 0.0175781 0.046875
0 0.701172 0.458008 0.0195312 0.0449219
0 0.472656 0.568359 0.015625 0.0527344
0 0.377441 0.540039 0.0185547 0.0488281
0 0.55127 0.657227 0.0224609 0.0410156
0 0.59668 0.291992 0.0292969 0.0371094
0 0.447266 0.413574 0.015625 0.0537109
0 0.602539 0.715332 0.0253906 0.0400391
0 0.480957 0.425781 0.0166016 0.046875
0 0.512207 0.307617 0.0263672 0.0351562
0 0.598633 0.574219 0.0214844 0.0351562
0 0.417969 0.412109 0.015625 0.0449219
0 0.53418 0.710938 0.0214844 0.0410156
0 0.575195 0.780273 0.0175781 0.0449219
0 0.546875 0.480957 0.0273438 0.0302734
0 0.686523 0.333984 0.0273438 0.0273438
0 0.419434 0.337891 0.0244141 0.03125
0 0.566895 0.314941 0.0283203 0.0322266
0 0.510254 0.681152 0.0224609 0.0458984
0 0.488281 0.640625 0.0234375 0.0429688
0 0.485352 0.487793 0.0273438 0.0361328
0 0.557617 0.727539 0.0214844 0.0332031
0 0.510742 0.456055 0.0214844 0.0371094
0 0.54248 0.371582 0.0185547 0.0498047
0 0.51123 0.500977 0.0205078 0.0449219
0 0.529297 0.435059 0.0253906 0.0302734
0 0.49707 0.410156 0.0214844 0.0429688
0 0.575195 0.716797 0.0175781 0.046875
0 0.59082 0.448242 0.0214844 0.0390625
0 0.654297 0.355469 0.0234375 0.0390625
