0 0.388672 0.580078 0.0546875 0.0195312
0 0.396484 0.59375 0.0625 0.0234375
0 0.676758 0.640625 0.0292969 0.0332031
0 0.359863 0.279785 0.0361328 0.0361328
0 0.131348 0.335938 0.0576172 0.0234375
0 0.230957 0.390625 0.0556641 0.0234375
0 0.708008 0.310547 0.0605469 0.0214844
0 0.308105 0.172363 0.0439453 0.0302734
0 0.516602 0.438965 0.0390625 0.0341797
0 0.59668 0.134766 0.0332031 0.0390625
0 0.136719 0.498535 0.03125 0.0400391
0 0.459473 0.248047 0.0283203 0.0351562
0 0.254883 0.537109 0.0566406 0.0195312
0 0.0888672 0.550781 0.0566406 0.0234375
0 0.544922 0.666992 0.0585938 0.0234375
0 0.394531 0.272461 0.0507812 0.0214844
0 0.56543 0.516113 0.0488281 0.0205078
0 0.0947266 0.792969 0.0527344 0.0292969
0 0.536133 0.768555 0.0371094 0.0410156
0 0.556152 0.268555 0.0419922 0.0253906
0 0.561523 0.291992 0.0332031 0.0332031
0 0.352051 0.334473 0.0400391 0.0283203
0 0.533203 0.467773 0.0429688 0.0292969
0 0.791504 0.139648 0.0400391 0.0292969
0 0.568359 0.22998 0.0332031 0.0341797
0 0.370117 0.862305 0.0566406 0.0253906
0 0.985352 0.769531 0.0292969 0.0351562
0 0.895508 0.413574 0.0332031 0.0361328
0 0.926758 0.530762 0.0371094 0.0361328
0 0.852539 0.136719 0.0449219 0.0273438
0 0.326172 0.695312 0.0390625 0.0273438
0 0.525391 0.199707 0.0410156 0.0380859
0 0.317383 0.369629 0.0410156 0.0341797
0 0.508789 0.508789 0.0449219 0.0292969
0 0.270996 0.568359 0.0478516 0.0332031
0 0.368164 0.423828 0.0410156 0.0429688
0 0.505859 0.397461 0.046875 0.0332031
