0 0.527344 0.554688 0.0351562 0.046875
0 0.598633 0.601562 0.0410156 0.0429688
0 0.402832 0.541016 0.0458984 0.03125
0 0.462891 0.652832 0.0546875 0.0478516
0 0.487305 0.595703 0.0488281 0.0703125
0 0.513672 0.65918 0.0195312 0.0605469
0 0.406738 0.691406 0.0244141 0.078125
0 0.369629 0.526855 0.0419922 0.0712891
0 0.546875 0.594727 0.0390625 0.0644531
0 0.48584 0.628906 0.0419922 0.046875
0 0.589844 0.654297 0.0273438 0.0664062
0 0.452148 0.499512 0.0292969 0.0693359
0 0.444336 0.623047 0.0390625 0.0566406
0 0.583496 0.606445 0.0439453 0.0449219
0 0.444336 0.569336 0.0234375 0.0683594
0 0.360352 0.500977 0.0449219 0.0566406
0 0.407715 0.578125 0.0517578 0.03125
0 0.40918 0.524414 0.0449219 0.0449219
0 0.397461 0.478516 0.0273438 0.0625
0 0.494141 0.529297 0.0507812 0.03125
0 0.420898 0.624023 0.0449219 0.0449219
0 0.548828 0.560059 0.0273438 0.0673828
0 0.548828 0.640137 0.0605469 0.0302734
0 0.493164 0.553711 0.0488281 0.0253906
0 0.515625 0.598633 0.03125 0.0566406
0 0.54834 0.666016 0.0517578 0.0234375
0 0.606445 0.564453 0.0585938 0.0351562
0 0.38916 0.700684 0.0205078 0.0654297
0 0.430664 0.510254 0.0410156 0.0537109
0 0.501953 0.692383 0.0332031 0.0664062
0 0.421875 0.459961 0.0585938 0.0410156
0 0.689941 0.545898 0.0634766 0.0292969
0 0.481934 0.714355 0.0263672 0.0771484
0 0.711914 0.428223 0.0566406 0.0283203
0 0.40332 0.612305 0.0449219 0.0488281
0 0.428223 0.36084 0.0615234 0.0498047
0 0.418457 0.422363 0.0517578 0.0322266
0 0.44873 0.692383 0.0458984 0.0527344
0 0.629883 0.610352 0.0449219 0.0644531
0 0.70752 0.57666 0.0556641 0.0341797
0 0.448242 0.312988 0.0429688 0.0498047
0 0.662109 0.587891 0.0566406 0.046875
0 0.652344 0.550781 0.0585938 0.0410156
0 0.504395 0.505859 0.0498047 0.046875
