0 0.956055 0.795898 0.0878906 0.0332031
0 0.400879 0.527832 0.0517578 0.0419922
0 0.348633 0.657227 0.0957031 0.0371094
0 0.466309 0.733398 0.0576172 0.0566406
0 0.72998 0.59668 0.0908203 0.0332031
0 0.533203 0.62207 0.0605469 0.0527344
0 0.638672 0.693359 0.0996094 0.0429688
0 0.507812 0.652832 0.0488281 0.0537109
0 0.465332 0.482422 0.0771484 0.0429688
0 0.324707 0.296875 0.0830078 0.0507812
0 0.774902 0.429688 0.0966797 0.03125
0 0.882324 0.665039 0.0693359 0.0488281
0 0.804688 0.702637 0.0820312 0.0283203
0 0.806641 0.280273 0.0839844 0.046875
0 0.785156 0.469727 0.0878906 0.0449219
0 0.377441 0.696289 0.0595703 0.0546875
0 0.72168 0.725098 0.0976562 0.0302734
0 0.791992 0.572266 0.0527344 0.0449219
0 0.979492 0.57373 0.0410156 0.0615234
0 0.320801 0.429688 0.0517578 0.0703125
0 0.668945 0.600586 0.0566406 0.0507812
0 0.370605 0.223145 0.0556641 0.0595703
0 0.692383 0.524414 0.0976562 0.0292969
0 0.866211 0.5625 0.0683594 0.0546875
0 0.575195 0.441406 0.0878906 0.0410156
0 0.318359 0.195801 0.0917969 0.0400391
0 0.584961 0.794922 0.0703125 0.0507812
0 0.22998 0.438965 0.0556641 0.0556641
0 0.853516 0.726562 0.0703125 0.0429688
0 0.225586 0.249512 0.0800781 0.0576172
0 0.487793 0.318848 0.0869141 0.0556641
