0 0.18457 0.340332 0.09375 0.0458984
0 0.697754 0.439453 0.0224609 0.046875
0 0.26709 0.480957 0.0224609 0.104492
0 0.655273 0.487793 0.0292969 0.118164
0 0.196289 0.410156 0.0488281 0.0703125
0 0.290039 0.90332 0.0488281 0.0527344
0 0.164551 0.402344 0.0283203 0.0898438
0 0.617188 0.556641 0.0273438 0.105469
0 0.323242 0.197266 0.0527344 0.0761719
0 0.20752 0.577148 0.0302734 0.0957031
0 0.54541 0.296875 0.0517578 0.0605469
0 0.408203 0.31543 0.0332031 0.0449219
0 0.405762 0.132812 0.0439453 0.09375
0 0.278809 0.592773 0.0517578 0.0605469
0 0.208984 0.510254 0.0546875 0.0537109
0 0.641602 0.214355 0.0566406 0.0419922
0 0.444336 0.530273 0.0488281 0.0527344
