0 0.494141 0.340332 0.00976562 0.0283203
0 0.442383 0.0922852 0.0078125 0.0322266
0 0.587891 0.540039 0.015625 0.0175781
0 0.577148 0.280762 0.0136719 0.0146484
0 0.450195 0.0771484 0.00976562 0.03125
0 0.500488 0.522461 0.0146484 0.0175781
0 0.521484 0.354004 0.0136719 0.0263672
0 0.318848 0.244141 0.0146484 0.015625
0 0.286621 0.248535 0.0146484 0.0146484
0 0.391113 0.21582 0.0146484 0.0214844
0 0.630371 0.179199 0.0146484 0.0146484
0 0.483398 0.352051 0.0136719 0.0244141
0 0.705078 0.37207 0.015625 0.0175781
0 0.501953 0.0947266 0.015625 0.0175781
0 0.480469 0.327148 0.015625 0.0175781
0 0.535156 0.102539 0.0078125 0.0273438
0 0.389648 0.269043 0.0136719 0.0166016
0 0.461914 0.307617 0.015625 0.0175781
0 0.514648 0.0913086 0.00976562 0.0322266
0 0.693359 0.385254 0.015625 0.0205078
0 0.503418 0.211914 0.0146484 0.0136719
