0 0.46875 0.556641 0.0351562 0.0585938
0 0.43457 0.554688 0.0605469 0.0429688
0 0.387695 0.723145 0.0390625 0.0810547
0 0.429688 0.533203 0.0585938 0.0273438
0 0.476074 0.687988 0.0458984 0.0322266
0 0.378906 0.652344 0.03125 0.0664062
0 0.414551 0.632812 0.0478516 0.0820312
0 0.40918 0.741211 0.0253906 0.0996094
0 0.553711 0.571777 0.0371094 0.0791016
0 0.464355 0.791992 0.0400391 0.0742188
0 0.456055 0.661133 0.0644531 0.0410156
0 0.472168 0.709473 0.0634766 0.0478516
0 0.582031 0.543457 0.046875 0.0888672
0 0.568359 0.935059 0.0351562 0.0830078
0 0.586426 0.603516 0.0263672 0.0742188
0 0.526855 0.621094 0.0673828 0.0429688
0 0.646484 0.630371 0.0625 0.0556641
0 0.605469 0.639648 0.03125 0.0839844
0 0.676758 0.830566 0.0410156 0.0830078
0 0.522949 0.525879 0.0634766 0.0576172
0 0.587891 0.47998 0.0644531 0.0498047
0 0.541992 0.653809 0.0703125 0.0419922
0 0.703125 0.529297 0.046875 0.0976562
0 0.489258 0.615234 0.0566406 0.0585938
0 0.336914 0.617188 0.0449219 0.0859375
0 0.453613 0.443359 0.0693359 0.046875
