0 0.675781 0.516113 0.0527344 0.0458984
1 0.195312 0.537598 0.0761719 0.100586
0 0.59082 0.488281 0.0566406 0.0195312
1 0.277832 0.562012 0.0888672 0.0927734
0 0.595215 0.47168 0.0341797 0.0410156
0 0.506348 0.527832 0.0810547 0.0322266
0 0.422852 0.455078 0.0566406 0.0253906
0 0.56543 0.41748 0.0605469 0.0244141
0 0.370117 0.403809 0.0722656 0.0439453
0 0.642578 0.470703 0.0585938 0.0234375
0 0.799316 0.546387 0.0693359 0.0244141
0 0.452637 0.443359 0.0615234 0.0234375
0 0.267578 0.498047 0.0390625 0.0390625
0 0.586914 0.396484 0.0527344 0.0390625
0 0.478027 0.494141 0.0322266 0.0390625
0 0.561035 0.461426 0.0498047 0.0478516
0 0.3125 0.352539 0.0664062 0.0332031
0 0.875488 0.771484 0.0498047 0.0351562
0 0.450684 0.5 0.0341797 0.0449219
0 0.452148 0.635742 0.0429688 0.0566406
0 0.397461 0.466309 0.0605469 0.0400391
0 0.59082 0.595703 0.0410156 0.046875
