0 0.555176 0.500977 0.0244141 0.0566406
0 0.688477 0.623047 0.0429688 0.03125
0 0.395996 0.418945 0.0419922 0.0449219
0 0.303223 0.650391 0.0439453 0.0429688
0 0.447266 0.807617 0.046875 0.0351562
0 0.184082 0.484863 0.0439453 0.0283203
0 0.369629 0.697266 0.0283203 0.0585938
0 0.571289 0.534668 0.0234375 0.0537109
0 0.125 0.149902 0.0429688 0.0400391
0 0.605469 0.306152 0.0371094 0.0302734
0 0.350098 0.609375 0.0400391 0.0273438
0 0.36084 0.555664 0.0263672 0.0566406
0 0.522461 0.631836 0.0292969 0.0585938
0 0.393066 0.545898 0.0400391 0.0292969
0 0.614258 0.263672 0.0253906 0.0429688
0 0.603516 0.54541 0.0429688 0.0380859
0 0.34082 0.819336 0.0410156 0.0351562
0 0.57666 0.64209 0.0283203 0.0576172
0 0.361816 0.502441 0.0263672 0.0537109
0 0.527832 0.268555 0.0400391 0.0332031
0 0.31543 0.833984 0.0253906 0.0625
0 0.43457 0.422852 0.0292969 0.0527344
0 0.280762 0.243164 0.0458984 0.0390625
0 0.214355 0.427246 0.0380859 0.0537109
0 0.614746 0.40918 0.0400391 0.0449219
0 0.609375 0.683594 0.0429688 0.0488281
0 0.313965 0.776367 0.0419922 0.0410156
0 0.475098 0.605469 0.0380859 0.0351562
0 0.549805 0.239746 0.0351562 0.0419922
0 0.437988 0.489746 0.0400391 0.0419922
0 0.660156 0.40625 0.0351562 0.0449219
0 0.304199 0.176758 0.0341797 0.0488281
0 0.271973 0.602539 0.0341797 0.0527344
0 0.255371 0.182617 0.0400391 0.0488281
0 0.652344 0.349609 0.0351562 0.0429688
