0 0.730469 0.623535 0.0664062 0.0439453
0 0.397461 0.592773 0.0371094 0.0273438
0 0.273926 0.313965 0.0478516 0.0341797
0 0.30957 0.327148 0.0449219 0.0488281
0 0.386719 0.585938 0.0371094 0.03125
0 0.427734 0.771484 0.0390625 0.0625
0 0.675781 0.553711 0.0351562 0.0449219
0 0.370605 0.706055 0.0380859 0.046875
0 0.376465 0.563477 0.0322266 0.0410156
0 0.54248 0.462402 0.0263672 0.0361328
0 0.455566 0.760742 0.0224609 0.0820312
0 0.366699 0.744141 0.0439453 0.03125
0 0.236328 0.303223 0.0429688 0.0400391
0 0.28125 0.37207 0.03125 0.0546875
0 0.289551 0.318359 0.0361328 0.0371094
0 0.346191 0.237305 0.0439453 0.0214844
0 0.405762 0.56543 0.0322266 0.0390625
0 0.381836 0.421875 0.0253906 0.046875
0 0.573242 0.57373 0.0546875 0.0361328
0 0.334961 0.59668 0.0273438 0.0527344
0 0.294922 0.625 0.046875 0.0351562
0 0.606445 0.496094 0.0332031 0.0234375
0 0.537598 0.435547 0.0380859 0.0371094
0 0.391113 0.45166 0.0322266 0.0517578
0 0.313965 0.528809 0.0263672 0.0498047
0 0.501953 0.539551 0.0351562 0.0478516
0 0.352539 0.555664 0.0371094 0.0332031
0 0.583008 0.504395 0.0429688 0.0283203
0 0.516113 0.585449 0.0341797 0.0322266
0 0.397461 0.612793 0.0410156 0.0283203
0 0.254395 0.33252 0.0478516 0.0263672
0 0.290527 0.585449 0.0380859 0.0537109
0 0.53418 0.561035 0.0332031 0.0458984
0 0.757812 0.555664 0.046875 0.0332031
0 0.364746 0.635254 0.0205078 0.0556641
0 0.27002 0.602539 0.0380859 0.0351562
0 0.802734 0.490723 0.0390625 0.0341797
0 0.362305 0.472168 0.0214844 0.0576172
0 0.236816 0.558594 0.0302734 0.046875
