0 0.554688 0.572266 0.0273438 0.0195312
0 0.540039 0.597656 0.0253906 0.0234375
0 0.623535 0.365723 0.0302734 0.0205078
0 0.509766 0.6875 0.0175781 0.0371094
0 0.580078 0.594727 0.03125 0.0234375
0 0.525391 0.517578 0.0214844 0.0351562
0 0.55957 0.619629 0.0292969 0.0263672
0 0.533691 0.492188 0.0419922 0.0136719
0 0.615234 0.394531 0.015625 0.0488281
0 0.603027 0.458984 0.0205078 0.0273438
0 0.598633 0.354492 0.0292969 0.0292969
0 0.589355 0.440918 0.0205078 0.0322266
0 0.558594 0.413574 0.0195312 0.0322266
0 0.633789 0.243164 0.0371094 0.0449219
0 0.562012 0.452148 0.0244141 0.0371094
0 0.599609 0.401367 0.0273438 0.0351562
0 0.569824 0.53125 0.0380859 0.0332031
0 0.56543 0.557617 0.0253906 0.0371094
0 0.485352 0.680664 0.0214844 0.0371094
0 0.538086 0.544922 0.0175781 0.0351562
0 0.603516 0.478516 0.0273438 0.0371094
0 0.538086 0.466309 0.03125 0.0400391
0 0.588379 0.509766 0.0498047 0.0195312
0 0.561523 0.633789 0.0410156 0.0195312
0 0.499023 0.680664 0.0175781 0.0371094
0 0.67334 0.739258 0.0341797 0.0390625
0 0.520996 0.541504 0.0166016 0.0341797
0 0.526855 0.615234 0.0458984 0.0117188
0 0.516602 0.692383 0.0332031 0.0332031
0 0.582031 0.401367 0.03125 0.0253906
0 0.535645 0.513672 0.0205078 0.0351562
0 0.56543 0.586914 0.0410156 0.0234375
0 0.546387 0.409668 0.0380859 0.0283203
0 0.548828 0.550293 0.015625 0.0380859
0 0.523438 0.59082 0.0253906 0.0371094
0 0.537109 0.574219 0.0351562 0.0273438
0 0.530273 0.634766 0.0410156 0.0234375
0 0.58252 0.48584 0.0185547 0.0341797
0 0.500977 0.604004 0.0449219 0.0166016
0 0.55957 0.472656 0.0214844 0.0371094
0 0.625977 0.268066 0.0488281 0.0205078
0 0.514648 0.661133 0.0273438 0.0351562
0 0.559082 0.506836 0.0302734 0.0332031
0 0.59082 0.37207 0.0371094 0.0253906
0 0.55957 0.36084 0.0371094 0.0126953
0 0.583008 0.459473 0.0292969 0.0341797
0 0.608398 0.34082 0.0371094 0.0253906
0 0.586914 0.324707 0.0371094 0.0263672
0 0.571289 0.424316 0.0175781 0.0341797
0 0.522461 0.410156 0.0449219 0.0234375
0 0.525391 0.433594 0.0390625 0.0273438
0 0.548828 0.380859 0.0234375 0.0273438
0 0.57373 0.384277 0.0439453 0.0146484
0 0.492188 0.641113 0.046875 0.0263672
0 0.543945 0.654297 0.0371094 0.0273438
0 0.480469 0.619141 0.0429688 0.0195312
0 0.561523 0.341309 0.03125 0.0283203
