0 0.376465 0.704102 0.0283203 0.0683594
0 0.703125 0.418945 0.0585938 0.0371094
0 0.486816 0.58252 0.0498047 0.0400391
0 0.499512 0.526367 0.0478516 0.0332031
0 0.318848 0.68457 0.0380859 0.0625
0 0.489258 0.236816 0.0488281 0.0380859
0 0.547852 0.428223 0.0488281 0.0380859
0 0.69043 0.321289 0.0527344 0.0371094
0 0.387207 0.76123 0.0478516 0.0419922
0 0.455566 0.481445 0.0302734 0.0683594
0 0.362305 0.456543 0.0488281 0.0419922
0 0.416016 0.291016 0.0332031 0.0703125
0 0.655273 0.43457 0.0332031 0.0644531
0 0.445312 0.421875 0.0507812 0.046875
0 0.27832 0.529297 0.0371094 0.0585938
0 0.574707 0.395508 0.0439453 0.0566406
0 0.557129 0.537109 0.0517578 0.0449219
0 0.54248 0.302246 0.0380859 0.0576172
0 0.481445 0.685059 0.0429688 0.0576172
0 0.224609 0.774902 0.0488281 0.0517578
0 0.365234 0.574219 0.0507812 0.0546875
0 0.637695 0.299316 0.0410156 0.0537109
0 0.442871 0.671387 0.0419922 0.0478516
