0 0.526367 0.325195 0.0449219 0.0761719
0 0.435059 0.416992 0.0322266 0.130859
0 0.451172 0.362793 0.0390625 0.139648
0 0.480469 0.542969 0.0585938 0.128906
0 0.603516 0.480957 0.0429688 0.0458984
0 0.436523 0.643555 0.0644531 0.0800781
0 0.430176 0.515625 0.0302734 0.105469
0 0.379395 0.441406 0.0439453 0.160156
0 0.410156 0.512695 0.03125 0.103516
0 0.634766 0.553711 0.0546875 0.123047
0 0.498535 0.689453 0.0263672 0.109375
0 0.472656 0.831055 0.0449219 0.115234
0 0.468262 0.616211 0.0693359 0.046875
0 0.40918 0.380859 0.03125 0.121094
0 0.587402 0.55957 0.0380859 0.152344
0 0.510254 0.52832 0.0654297 0.0761719
0 0.491211 0.899902 0.0644531 0.0498047
0 0.428711 0.691406 0.0488281 0.121094
0 0.685547 0.408203 0.0527344 0.146484
0 0.473633 0.708008 0.03125 0.126953
0 0.517578 0.72168 0.03125 0.130859
0 0.538086 0.634277 0.0839844 0.0771484
0 0.430664 0.268066 0.0371094 0.125977
0 0.540039 0.583008 0.0683594 0.0605469
0 0.44043 0.589844 0.0761719 0.0527344
0 0.51709 0.40918 0.0634766 0.0820312
0 0.487793 0.429688 0.0419922 0.105469
0 0.574707 0.433105 0.0634766 0.0791016
0 0.544922 0.519043 0.0546875 0.0966797
0 0.529785 0.258789 0.0673828 0.103516
0 0.47168 0.317871 0.0507812 0.125977
0 0.595703 0.371094 0.0664062 0.0664062
