0 0.487793 0.256836 0.0283203 0.0410156
0 0.558594 0.600586 0.0195312 0.0546875
0 0.505859 0.387695 0.0273438 0.0351562
0 0.5 0.303223 0.015625 0.0517578
0 0.356445 0.660156 0.0253906 0.0234375
0 0.535156 0.347168 0.0195312 0.0537109
0 0.447266 0.611328 0.0234375 0.0429688
0 0.494141 0.333496 0.0175781 0.0498047
0 0.357422 0.631836 0.015625 0.0410156
0 0.350098 0.668945 0.0322266 0.0332031
0 0.56543 0.302246 0.0332031 0.0302734
0 0.330566 0.449707 0.0166016 0.0478516
0 0.289551 0.625977 0.0283203 0.0449219
0 0.409668 0.574707 0.0302734 0.0302734
0 0.548828 0.319336 0.0253906 0.0371094
0 0.486328 0.417969 0.0273438 0.0371094
0 0.430664 0.303223 0.0332031 0.0322266
0 0.476562 0.368164 0.0351562 0.0371094
0 0.300781 0.570312 0.0292969 0.0273438
0 0.419922 0.520508 0.0273438 0.0371094
0 0.730469 0.53418 0.0195312 0.0585938
0 0.567383 0.349609 0.0253906 0.0429688
0 0.745117 0.530273 0.0234375 0.0566406
0 0.349609 0.416992 0.0234375 0.0410156
0 0.455566 0.496094 0.0224609 0.0429688
0 0.506836 0.354004 0.0136719 0.0498047
0 0.330078 0.994141 0.046875 0.0117188
0 0.509766 0.305664 0.0195312 0.0527344
0 0.31543 0.663574 0.0292969 0.0517578
0 0.431641 0.193359 0.0273438 0.046875
0 0.350586 0.548828 0.0214844 0.0429688
0 0.306152 0.597656 0.0263672 0.0507812
0 0.382812 0.670898 0.0273438 0.0429688
0 0.413574 0.291016 0.0302734 0.0351562
0 0.594727 0.314941 0.0292969 0.0302734
0 0.387695 0.435059 0.0351562 0.0224609
0 0.364258 0.44873 0.0214844 0.0380859
0 0.447266 0.537598 0.0195312 0.0498047
0 0.550781 0.594727 0.0273438 0.0566406
0 0.321777 0.679199 0.0341797 0.0341797
0 0.470215 0.28418 0.0302734 0.0253906
0 0.458008 0.234375 0.0136719 0.0546875
0 0.617676 0.304199 0.0166016 0.0771484
0 0.324707 0.55127 0.0244141 0.0380859
0 0.720215 0.534668 0.0126953 0.0556641
0 0.474121 0.206055 0.0244141 0.03125
0 0.555664 0.630859 0.0292969 0.0429688
0 0.486816 0.323242 0.0166016 0.0527344
0 0.350586 0.682617 0.0292969 0.0292969
0 0.399902 0.619141 0.0185547 0.0429688
0 0.444336 0.446289 0.0292969 0.0292969
0 0.330566 0.642578 0.0185547 0.046875
0 0.340332 0.42627 0.0205078 0.0537109
0 0.601562 0.560547 0.0214844 0.0390625
0 0.334961 0.542969 0.0214844 0.0546875
0 0.351074 0.349609 0.0205078 0.046875
0 0.323242 0.504883 0.0234375 0.0410156
0 0.463867 0.299316 0.03125 0.0244141
0 0.445312 0.490234 0.0214844 0.0390625
0 0.574219 0.283691 0.0390625 0.0263672
0 0.476562 0.350098 0.0292969 0.0458984
0 0.302734 0.520508 0.03125 0.0371094
0 0.435547 0.480469 0.03125 0.0371094
0 0.544922 0.192383 0.0273438 0.0664062
0 0.493652 0.26709 0.0283203 0.0458984
0 0.358398 0.537109 0.0292969 0.0332031
0 0.544922 0.34668 0.0273438 0.0527344
0 0.375977 0.506348 0.0175781 0.0478516
0 0.28418 0.478027 0.0292969 0.0302734
0 0.505859 0.553223 0.0273438 0.0595703
0 0.286133 0.597656 0.0214844 0.0507812
0 0.379395 0.636719 0.0185547 0.0527344
0 0.422852 0.316406 0.0292969 0.0351562
0 0.349609 0.46582 0.0195312 0.0410156
0 0.542969 0.641602 0.0195312 0.0644531
0 0.462402 0.407227 0.0283203 0.0585938
0 0.423828 0.358398 0.0351562 0.0292969
0 0.52832 0.263184 0.0175781 0.0615234
0 0.434082 0.580078 0.0302734 0.0273438
0 0.479492 0.22998 0.0371094 0.0380859
0 0.555664 0.26709 0.0292969 0.0263672
0 0.337402 0.481445 0.0224609 0.0527344
0 0.324219 0.571289 0.0292969 0.0332031
0 0.347168 0.585449 0.0283203 0.0400391
0 0.391602 0.495605 0.0253906 0.0478516
0 0.368652 0.566406 0.0205078 0.0507812
0 0.494141 0.199707 0.03125 0.0302734
0 0.446289 0.368652 0.0175781 0.0634766
0 0.405762 0.490234 0.0263672 0.0429688
0 0.529297 0.383789 0.0234375 0.0566406
0 0.415039 0.415527 0.0332031 0.0263672
0 0.323242 0.432129 0.0253906 0.0458984
0 0.394043 0.372559 0.0283203 0.0517578
0 0.345215 0.638184 0.0224609 0.0537109
0 0.400391 0.519531 0.0292969 0.0351562
0 0.356445 0.503906 0.0253906 0.0429688
0 0.461914 0.508789 0.0253906 0.046875
0 0.498535 0.429688 0.0263672 0.0273438
0 0.467285 0.378418 0.0302734 0.0263672
0 0.469727 0.260742 0.0292969 0.03125
0 0.408203 0.605957 0.0195312 0.0576172
0 0.540039 0.535645 0.0332031 0.0322266
0 0.210449 0.481445 0.0224609 0.0703125
0 0.230957 0.515625 0.0263672 0.03125
0 0.394531 0.547852 0.0351562 0.0332031
0 0.423828 0.378906 0.0273438 0.0273438
0 0.533203 0.210449 0.0351562 0.0341797
0 0.428711 0.558594 0.03125 0.0273438
0 0.364258 0.618164 0.0234375 0.0527344
0 0.44043 0.42334 0.0253906 0.0361328
0 0.386719 0.589844 0.015625 0.0507812
0 0.508789 0.245117 0.0292969 0.0390625
0 0.419922 0.456055 0.0292969 0.0410156
0 0.374512 0.589844 0.0166016 0.0429688
0 0.444824 0.651367 0.0283203 0.0449219
0 0.556641 0.407715 0.0195312 0.0576172
0 0.433594 0.619141 0.0351562 0.0292969
0 0.463379 0.610352 0.0263672 0.0449219
0 0.389648 0.409668 0.0332031 0.0322266
0 0.536133 0.450684 0.0214844 0.0673828
0 0.584961 0.680664 0.0292969 0.0488281
0 0.424316 0.335938 0.0322266 0.0390625
0 0.255859 0.495117 0.0390625 0.0292969
0 0.461426 0.456055 0.0224609 0.0488281
0 0.545898 0.0327148 0.0410156 0.0458984
0 0.59375 0.336426 0.0273438 0.0322266
0 0.394531 0.337402 0.0292969 0.0576172
0 0.255859 0.446777 0.0234375 0.0576172
0 0.479004 0.645508 0.0322266 0.0292969
0 0.420898 0.199707 0.0253906 0.0576172
0 0.509766 0.214844 0.0273438 0.03125
0 0.415039 0.804688 0.0253906 0.0703125
0 0.464355 0.317871 0.0341797 0.0283203
0 0.581055 0.537598 0.0175781 0.0615234
0 0.595703 0.408691 0.03125 0.0400391
0 0.331055 0.615723 0.0332031 0.0263672
0 0.303711 0.416992 0.0371094 0.0292969
0 0.287598 0.495117 0.0341797 0.0371094
0 0.530762 0.568359 0.0185547 0.0585938
0 0.574219 0.238281 0.015625 0.0625
0 0.598145 0.429199 0.0302734 0.0478516
0 0.442383 0.285645 0.0214844 0.0537109
0 0.519043 0.471191 0.0283203 0.0458984
0 0.388672 0.25 0.0273438 0.0546875
0 0.486328 0.471191 0.0351562 0.0380859
0 0.48584 0.555664 0.0341797 0.0292969
0 0.361328 0.703125 0.0273438 0.0507812
0 0.385254 0.691406 0.0302734 0.0351562
0 0.42041 0.660156 0.0263672 0.0390625
0 0.567383 0.529297 0.0292969 0.0429688
0 0.297852 0.541016 0.0371094 0.0273438
0 0.695312 0.317383 0.0195312 0.0605469
0 0.573242 0.387207 0.0253906 0.0478516
0 0.366211 0.26123 0.0273438 0.0537109
0 0.27002 0.522461 0.0322266 0.0332031
0 0.386719 0.458496 0.03125 0.0322266
0 0.669922 0.462402 0.0273438 0.0634766
0 0.291504 0.650391 0.0380859 0.0273438
0 0.448242 0.168945 0.0332031 0.0507812
0 0.618164 0.550781 0.0292969 0.0449219
0 0.286133 0.443359 0.0253906 0.0566406
0 0.338379 0.331543 0.0341797 0.0458984
0 0.431641 0.258789 0.0292969 0.0507812
0 0.546875 0.746094 0.0351562 0.0390625
0 0.62207 0.635742 0.0371094 0.0449219
0 0.296875 0.315918 0.0332031 0.0615234
0 0.325684 0.316895 0.0322266 0.0439453
0 0.486328 0.674316 0.0292969 0.0419922
0 0.535156 0.506348 0.0292969 0.0458984
0 0.475098 0.693359 0.0322266 0.0390625
0 0.448242 0.677734 0.03125 0.0429688
0 0.42041 0.132324 0.0341797 0.0517578
0 0.257812 0.302734 0.0292969 0.0527344
0 0.228027 0.381348 0.0322266 0.0537109
0 0.347168 0.834961 0.0361328 0.0488281
0 0.651855 0.577148 0.0341797 0.0449219
0 0.603027 0.50293 0.0263672 0.0566406
