0 0.37793 0.52002 0.0136719 0.0419922
0 0.364746 0.477539 0.0205078 0.0429688
0 0.370117 0.560059 0.0175781 0.0478516
0 0.445312 0.857422 0.0175781 0.0664062
0 0.445801 0.519043 0.0146484 0.0400391
0 0.503906 0.643555 0.0234375 0.0527344
0 0.36377 0.875488 0.0205078 0.0478516
0 0.509766 0.709961 0.0195312 0.0234375
0 0.255371 0.64209 0.0185547 0.0478516
0 0.633789 0.739258 0.0722656 0.138672
1 0.632812 0.740234 0.0722656 0.128906
0 0.374023 0.222656 0.0371094 0.0429688
0 0.510742 0.59668 0.03125 0.0214844
0 0.539062 0.520508 0.0195312 0.03125
0 0.341309 0.787109 0.0205078 0.0351562
0 0.348145 0.441406 0.0146484 0.0507812
0 0.536133 0.544434 0.0351562 0.0263672
0 0.256348 0.365723 0.00878906 0.0361328
0 0.335449 0.744141 0.0185547 0.0273438
0 0.524414 0.623047 0.0214844 0.0351562
0 0.44043 0.956055 0.0253906 0.0214844
0 0.355469 0.577148 0.0117188 0.0488281
0 0.264648 0.734375 0.0175781 0.0546875
1 0.609375 0.338379 0.0703125 0.151367
0 0.36084 0.432129 0.0107422 0.0478516
0 0.362305 0.668457 0.015625 0.0498047
0 0.280762 0.537109 0.0322266 0.0351562
0 0.457031 0.613281 0.0234375 0.03125
0 0.267578 0.572266 0.0195312 0.0429688
0 0.338379 0.756836 0.0224609 0.0332031
0 0.43457 0.761719 0.0214844 0.0429688
0 0.307129 0.764648 0.0224609 0.0195312
0 0.387695 0.302734 0.0195312 0.0429688
0 0.517578 0.860352 0.0234375 0.0253906
0 0.362305 0.753906 0.0214844 0.03125
0 0.322754 0.294922 0.0166016 0.0546875
0 0.415039 0.21582 0.0253906 0.0410156
0 0.582031 0.539551 0.0234375 0.0478516
0 0.388672 0.821777 0.0195312 0.0322266
