0 0.549805 0.449707 0.0332031 0.0673828
0 0.503418 0.558105 0.0419922 0.0654297
0 0.365234 0.457031 0.0273438 0.0742188
0 0.525391 0.68457 0.0546875 0.0488281
0 0.56543 0.456543 0.0273438 0.0693359
0 0.578125 0.347168 0.0273438 0.0732422
0 0.383789 0.388672 0.0292969 0.0742188
0 0.466309 0.343262 0.0615234 0.0322266
0 0.289062 0.516113 0.046875 0.0537109
0 0.645508 0.676758 0.0527344 0.0644531
0 0.540039 0.460938 0.0332031 0.0722656
0 0.324219 0.481445 0.0371094 0.0722656
0 0.369141 0.584961 0.0527344 0.0488281
0 0.506836 0.300781 0.0546875 0.0742188
0 0.463379 0.482422 0.0458984 0.0703125
0 0.603516 0.456543 0.0371094 0.0947266
0 0.306641 0.411133 0.0527344 0.0507812
