0 0.67627 0.596191 0.0439453 0.0146484
0 0.60498 0.574707 0.0341797 0.0400391
0 0.660156 0.580078 0.0292969 0.0351562
0 0.527344 0.563477 0.0449219 0.0253906
0 0.989258 0.470703 0.0214844 0.0371094
0 0.78418 0.875977 0.0332031 0.0371094
0 0.655273 0.649414 0.0292969 0.0410156
0 0.623047 0.345215 0.0507812 0.0302734
0 0.59668 0.68457 0.0253906 0.0410156
0 0.682129 0.428223 0.0244141 0.0419922
0 0.653809 0.56543 0.0263672 0.0351562
0 0.666016 0.444824 0.03125 0.0380859
0 0.681641 0.613281 0.046875 0.0234375
0 0.666992 0.706543 0.0449219 0.0244141
0 0.675293 0.555664 0.0302734 0.0371094
0 0.516602 0.525879 0.0449219 0.0400391
0 0.705078 0.688965 0.0546875 0.0224609
0 0.527344 0.705078 0.0390625 0.0273438
0 0.697266 0.585938 0.046875 0.03125
0 0.59082 0.600586 0.0371094 0.0292969
0 0.603516 0.543945 0.03125 0.0429688
0 0.675781 0.478516 0.0507812 0.0234375
0 0.700195 0.545898 0.0332031 0.0371094
0 0.745117 0.614258 0.0566406 0.0273438
0 0.658691 0.792969 0.0439453 0.0351562
