0 0.441895 0.708496 0.0361328 0.0283203
0 0.711914 0.596191 0.0644531 0.0302734
0 0.547852 0.447754 0.0292969 0.0595703
0 0.597656 0.433594 0.0625 0.0488281
0 0.563477 0.411133 0.0214844 0.0664062
0 0.52832 0.429688 0.0488281 0.0273438
0 0.493652 0.6875 0.0595703 0.03125
0 0.550781 0.48584 0.0664062 0.0576172
0 0.656738 0.585449 0.0322266 0.0751953
0 0.71582 0.570312 0.0683594 0.0390625
0 0.552246 0.568359 0.0361328 0.0839844
0 0.782227 0.762695 0.0664062 0.0527344
0 0.507324 0.500977 0.0556641 0.0605469
0 0.478027 0.55957 0.0498047 0.046875
