0 0.306152 0.708984 0.0419922 0.0585938
0 0.484375 0.501953 0.0390625 0.0625
0 0.255371 0.507812 0.0751953 0.0625
0 0.51123 0.306152 0.0439453 0.0576172
0 0.262695 0.452148 0.0351562 0.0605469
0 0.544922 0.544922 0.0761719 0.0234375
0 0.517578 0.267578 0.0742188 0.0292969
0 0.344727 0.283203 0.0625 0.0429688
0 0.283203 0.699219 0.0644531 0.0742188
0 0.81543 0.435059 0.0878906 0.0361328
0 0.375 0.354004 0.0859375 0.0419922
0 0.304199 0.575684 0.0869141 0.0302734
0 0.461914 0.769531 0.0800781 0.0273438
0 0.210938 0.397461 0.0351562 0.0488281
0 0.23584 0.472656 0.0283203 0.0625
0 0.45459 0.360352 0.0400391 0.0585938
0 0.246582 0.306152 0.0341797 0.0869141
0 0.32666 0.441895 0.0615234 0.0576172
0 0.518066 0.643555 0.0302734 0.0527344
0 0.191406 0.527344 0.046875 0.0625
