0 0.501953 0.575195 0.0566406 0.0332031
0 0.660156 0.802734 0.0566406 0.0488281
0 0.297363 0.599609 0.0654297 0.0292969
0 0.350586 0.340332 0.0410156 0.0595703
0 0.56543 0.257324 0.0527344 0.0458984
0 0.630859 0.461426 0.046875 0.0361328
0 0.595703 0.535156 0.0625 0.0292969
0 0.35791 0.506348 0.0576172 0.0341797
0 0.469727 0.563477 0.0488281 0.0371094
0 0.63916 0.364258 0.0439453 0.0449219
0 0.67041 0.801758 0.0283203 0.0605469
0 0.350586 0.644531 0.0410156 0.0351562
0 0.272949 0.475098 0.0498047 0.0341797
0 0.61377 0.396973 0.0634766 0.0380859
0 0.439941 0.271484 0.0419922 0.0507812
0 0.618652 0.331055 0.0654297 0.0253906
0 0.296875 0.538086 0.0664062 0.0332031
0 0.30957 0.325684 0.0566406 0.0439453
0 0.496094 0.304199 0.0488281 0.0341797
0 0.421387 0.554688 0.0361328 0.0507812
0 0.652344 0.523438 0.0664062 0.0253906
0 0.506836 0.673828 0.0449219 0.0507812
0 0.294434 0.668945 0.0576172 0.0332031
0 0.685547 0.380859 0.0546875 0.0507812
0 0.410645 0.588867 0.0556641 0.0371094
0 0.220703 0.534668 0.0625 0.0302734
0 0.65332 0.418945 0.0605469 0.0234375
0 0.489258 0.613281 0.0644531 0.03125
0 0.571289 0.401367 0.0566406 0.0332031
0 0.52002 0.355469 0.0537109 0.0429688
0 0.658203 0.711426 0.046875 0.0244141
0 0.628418 0.692383 0.0556641 0.0253906
0 0.5 0.747559 0.0507812 0.0380859
0 0.539062 0.629883 0.0644531 0.0253906
0 0.425781 0.450195 0.0644531 0.0292969
0 0.458008 0.611816 0.0332031 0.0322266
0 0.13623 0.541016 0.0517578 0.0351562
0 0.618164 0.654297 0.0410156 0.0429688
0 0.554688 0.547363 0.0625 0.0302734
0 0.586426 0.390137 0.0634766 0.0244141
0 0.536621 0.394531 0.0498047 0.0371094
0 0.584473 0.469727 0.0458984 0.0332031
0 0.535156 0.224121 0.0527344 0.0556641
0 0.318848 0.511719 0.0654297 0.0273438
0 0.479004 0.643066 0.0439453 0.0400391
0 0.504883 0.407715 0.0644531 0.0361328
0 0.182129 0.55957 0.0517578 0.03125
0 0.300781 0.443359 0.0625 0.0351562
0 0.415039 0.36377 0.0605469 0.0341797
0 0.49707 0.291992 0.0527344 0.0253906
0 0.227051 0.445312 0.0439453 0.0546875
0 0.708984 0.540527 0.0546875 0.0302734
0 0.463379 0.632324 0.0615234 0.0361328
0 0.744141 0.498047 0.0449219 0.0390625
0 0.332031 0.395508 0.0546875 0.0527344
0 0.597656 0.460449 0.046875 0.0380859
0 0.496582 0.433105 0.0634766 0.0302734
0 0.412109 0.384766 0.0585938 0.03125
0 0.143066 0.444824 0.0732422 0.0283203
0 0.513672 0.730957 0.0429688 0.0458984
0 0.209473 0.56543 0.0537109 0.0332031
0 0.45752 0.418457 0.0615234 0.0419922
0 0.457031 0.381348 0.0625 0.0361328
0 0.381836 0.473633 0.0371094 0.0488281
0 0.53418 0.600586 0.0566406 0.0371094
0 0.157715 0.535156 0.0478516 0.0410156
0 0.908203 0.00878906 0.0683594 0.0175781
0 0.55957 0.735352 0.0410156 0.0371094
0 0.407715 0.727539 0.0419922 0.0371094
0 0.567383 0.496094 0.0703125 0.0253906
0 0.106934 0.488281 0.0771484 0.0507812
0 0.716309 0.473145 0.0693359 0.0263672
0 0.258789 0.442383 0.0390625 0.0429688
0 0.49707 0.244141 0.0371094 0.046875
0 0.381836 0.712402 0.0410156 0.0517578
0 0.525879 0.581543 0.0595703 0.0283203
0 0.643066 0.641113 0.0400391 0.0380859
0 0.181641 0.466309 0.0449219 0.0380859
0 0.566406 0.654297 0.0742188 0.03125
0 0.178223 0.797852 0.0458984 0.0292969
0 0.554688 0.366699 0.0507812 0.0400391
0 0.308594 0.676758 0.0585938 0.0332031
0 0.587891 0.265625 0.046875 0.0371094
0 0.209961 0.460449 0.0527344 0.0419922
0 0.308594 0.263672 0.0722656 0.0273438
0 0.137695 0.430664 0.0566406 0.0390625
0 0.470703 0.291016 0.0351562 0.0527344
0 0.208496 0.611328 0.0673828 0.0234375
0 0.436523 0.535156 0.0371094 0.0507812
0 0.650391 0.806641 0.0429688 0.03125
0 0.626953 0.563477 0.0664062 0.0214844
0 0.386719 0.205566 0.0742188 0.0283203
0 0.383789 0.668457 0.0800781 0.0263672
0 0.808105 0.332031 0.0419922 0.0546875
0 0.663086 0.765625 0.0527344 0.0292969
0 0.29541 0.184082 0.0615234 0.0478516
0 0.428711 0.670898 0.0449219 0.0566406
0 0.245117 0.559082 0.0488281 0.0380859
0 0.643555 0.472168 0.0527344 0.0341797
0 0.532227 0.686523 0.0332031 0.0566406
0 0.380859 0.352051 0.0546875 0.0458984
0 0.473145 0.551758 0.0576172 0.0253906
0 0.32373 0.353027 0.0380859 0.0439453
0 0.407227 0.269531 0.0488281 0.0488281
0 0.472168 0.496094 0.0595703 0.0410156
0 0.227051 0.337891 0.0732422 0.0351562
0 0.355469 0.270996 0.0546875 0.0361328
0 0.630859 0.705078 0.0507812 0.0332031
0 0.508301 0.386719 0.0537109 0.0390625
0 0.449707 0.713867 0.0537109 0.0292969
0 0.586914 0.518555 0.0683594 0.0292969
0 0.75293 0.560547 0.0566406 0.0390625
0 0.283203 0.507812 0.0625 0.0351562
0 0.783691 0.331055 0.0556641 0.0566406
0 0.632812 0.315918 0.0566406 0.0263672
0 0.554688 0.272461 0.0625 0.0332031
0 0.448242 0.595215 0.0566406 0.0400391
0 0.53418 0.728516 0.0410156 0.0429688
0 0.458008 0.370117 0.0644531 0.0253906
0 0.358398 0.459961 0.0488281 0.0371094
0 0.541504 0.328613 0.0654297 0.0283203
0 0.488281 0.602051 0.0625 0.0302734
0 0.683594 0.362305 0.046875 0.0449219
0 0.540039 0.302734 0.0683594 0.0390625
0 0.700195 0.23877 0.0605469 0.0302734
0 0.330566 0.575195 0.0400391 0.0488281
0 0.75 0.448242 0.0585938 0.0371094
0 0.139648 0.464844 0.0644531 0.03125
0 0.649902 0.672852 0.0615234 0.0292969
0 0.282227 0.572266 0.0644531 0.0351562
0 0.294922 0.557617 0.0761719 0.0253906
0 0.643066 0.783691 0.0498047 0.0361328
0 0.651367 0.740234 0.0292969 0.046875
0 0.519531 0.269531 0.0273438 0.0507812
0 0.618164 0.365723 0.0566406 0.0400391
0 0.566406 0.610352 0.0429688 0.0527344
0 0.306152 0.611816 0.0673828 0.0361328
0 0.267578 0.688477 0.0839844 0.0371094
0 0.605469 0.614258 0.0546875 0.0449219
0 0.681641 0.49707 0.0351562 0.0449219
0 0.301758 0.357422 0.0371094 0.046875
0 0.632812 0.25293 0.0429688 0.0449219
0 0.831055 0.470703 0.0605469 0.046875
0 0.208496 0.631836 0.0498047 0.0371094
0 0.717773 0.506348 0.0644531 0.0302734
0 0.342773 0.696777 0.0605469 0.0439453
0 0.35791 0.238281 0.0732422 0.0332031
0 0.410156 0.516602 0.0585938 0.0410156
0 0.442383 0.312012 0.046875 0.0380859
0 0.693359 0.450195 0.0664062 0.0273438
0 0.620117 0.794434 0.0488281 0.0380859
0 0.649414 0.435547 0.0449219 0.0449219
0 0.589844 0.588867 0.0351562 0.0546875
0 0.546875 0.760254 0.0585938 0.0283203
0 0.42041 0.481445 0.0556641 0.0410156
0 0.739258 0.39209 0.0546875 0.0517578
0 0.263184 0.640625 0.0654297 0.0390625
0 0.522949 0.47168 0.0751953 0.0273438
0 0.53418 0.516602 0.0488281 0.0371094
0 0.760742 0.408691 0.046875 0.0556641
0 0.459961 0.527344 0.0429688 0.0390625
0 0.587402 0.761719 0.0732422 0.03125
0 0.400391 0.612305 0.0527344 0.0527344
0 0.592773 0.733887 0.0566406 0.0341797
0 0.672852 0.550781 0.0449219 0.0488281
0 0.403809 0.418457 0.0634766 0.0361328
0 0.868164 0.489746 0.0371094 0.0595703
0 0.190918 0.418457 0.0869141 0.0517578
0 0.608398 0.439453 0.0546875 0.046875
0 0.441406 0.571289 0.046875 0.0449219
0 0.723633 0.374512 0.0566406 0.0498047
0 0.178223 0.582031 0.0634766 0.0273438
0 0.708008 0.422363 0.0527344 0.0458984
0 0.42627 0.205078 0.0517578 0.0546875
0 0.381836 0.502441 0.0605469 0.0322266
0 0.6875 0.323242 0.0390625 0.0527344
0 0.761719 0.489258 0.0546875 0.0371094
0 0.361816 0.583984 0.0576172 0.0371094
0 0.449707 0.489746 0.0537109 0.0400391
0 0.737305 0.344727 0.0742188 0.0214844
0 0.431152 0.730469 0.0419922 0.0390625
0 0.268066 0.535645 0.0654297 0.0380859
0 0.242188 0.583496 0.0722656 0.0263672
0 0.12793 0.513672 0.0507812 0.0546875
0 0.746094 0.533203 0.0585938 0.0390625
0 0.734375 0.316406 0.0429688 0.046875
0 0.800781 0.576172 0.0507812 0.0527344
0 0.394531 0.544922 0.0507812 0.0390625
0 0.399414 0.244141 0.0839844 0.0429688
0 0.447266 0.135254 0.0429688 0.0517578
0 0.706055 0.259277 0.0722656 0.0302734
0 0.401367 0.700195 0.0683594 0.0351562
0 0.791992 0.556641 0.0488281 0.0429688
0 0.345215 0.305664 0.0771484 0.0253906
0 0.457031 0.745117 0.0351562 0.0449219
0 0.504883 0.544922 0.0449219 0.0507812
0 0.897949 0.481445 0.0517578 0.0488281
0 0.287109 0.32959 0.0507812 0.0556641
0 0.829102 0.504883 0.0605469 0.0351562
0 0.587891 0.351074 0.0507812 0.0419922
0 0.345215 0.724609 0.0634766 0.0507812
0 0.289062 0.400879 0.0585938 0.0419922
0 0.349121 0.538086 0.0517578 0.0488281
0 0.820312 0.407227 0.0820312 0.0449219
0 0.245605 0.374023 0.0595703 0.0527344
0 0.652832 0.272949 0.0478516 0.0537109
0 0.814453 0.431641 0.0703125 0.0429688
0 0.368164 0.399902 0.0507812 0.0458984
0 0.145996 0.57959 0.0458984 0.0537109
0 0.29248 0.249023 0.0673828 0.0371094
0 0.172852 0.253906 0.0839844 0.0351562
0 0.462402 0.220703 0.0556641 0.0625
0 0.398926 0.16748 0.0693359 0.0419922
0 0.90625 0.262695 0.078125 0.0585938
0 0.481445 0.724121 0.0488281 0.0380859
0 0.165039 0.49707 0.0585938 0.0390625
0 0.563477 0.791992 0.0800781 0.0332031
0 0.75293 0.246582 0.0683594 0.0439453
0 0.607422 0.302246 0.03125 0.0517578
0 0.166016 0.616699 0.046875 0.0498047
0 0.230957 0.512207 0.0615234 0.0361328
0 0.522461 0.44043 0.0742188 0.0507812
0 0.870117 0.59668 0.0839844 0.0351562
0 0.713867 0.291992 0.0664062 0.046875
0 0.320312 0.629883 0.0507812 0.0527344
0 0.597656 0.815918 0.0722656 0.0341797
0 0.411133 0.334473 0.0507812 0.0458984
0 0.583984 0.307617 0.0429688 0.0488281
0 0.111328 0.324219 0.0761719 0.0429688
0 0.316895 0.476074 0.0615234 0.0478516
0 0.660156 0.396973 0.0507812 0.0419922
0 0.505371 0.50293 0.0419922 0.0527344
0 0.854492 0.333984 0.0839844 0.0527344
0 0.62207 0.27832 0.0429688 0.0585938
0 0.642578 0.615723 0.0703125 0.0478516
0 0.462402 0.464355 0.0693359 0.0283203
0 0.78125 0.517578 0.0507812 0.046875
0 0.934082 0.49707 0.0537109 0.0488281
0 0.572266 0.437988 0.0644531 0.0419922
0 0.655273 0.209473 0.0527344 0.0537109
0 0.617676 0.499023 0.0478516 0.0527344
0 0.638672 0.584961 0.0625 0.0332031
0 0.794922 0.479492 0.0585938 0.0429688
0 0.899414 0.399414 0.0683594 0.0683594
0 0.851562 0.525391 0.0546875 0.0449219
0 0.380859 0.643555 0.0625 0.0449219
0 0.479004 0.674805 0.0498047 0.0527344
0 0.868652 0.567383 0.0576172 0.0332031
