0 0.491211 0.208496 0.0332031 0.0458984
0 0.272949 0.340332 0.0400391 0.0634766
0 0.300781 0.245605 0.03125 0.0537109
0 0.318848 0.508789 0.0341797 0.0664062
0 0.303223 0.458496 0.0302734 0.0712891
0 0.276855 0.416504 0.0302734 0.0517578
0 0.370117 0.622559 0.0351562 0.0439453
0 0.460938 0.553711 0.03125 0.0566406
0 0.431641 0.141602 0.0390625 0.0410156
0 0.28418 0.347168 0.0253906 0.0732422
0 0.469238 0.200684 0.0224609 0.0712891
0 0.282227 0.503418 0.0410156 0.0400391
0 0.551758 0.123047 0.0429688 0.0390625
0 0.321777 0.244629 0.0263672 0.0693359
0 0.486328 0.591797 0.0253906 0.0742188
0 0.219727 0.509766 0.0273438 0.0859375
0 0.458008 0.598633 0.0371094 0.0566406
0 0.294922 0.0541992 0.0351562 0.0517578
0 0.26416 0.322754 0.0341797 0.0537109
0 0.305176 0.512207 0.0302734 0.0654297
0 0.403809 0.368164 0.0244141 0.0605469
0 0.481445 0.237793 0.0253906 0.0673828
0 0.514648 0.0571289 0.0449219 0.0458984
0 0.428223 0.52832 0.0263672 0.0683594
0 0.44873 0.00878906 0.0400391 0.0175781
0 0.41748 0.666016 0.0322266 0.0742188
0 0.408691 0.124512 0.0380859 0.0380859
0 0.285156 0.065918 0.046875 0.0654297
0 0.441895 0.182617 0.0380859 0.0625
0 0.395508 0.567383 0.0273438 0.0605469
0 0.491211 0.174316 0.0292969 0.0673828
0 0.306641 0.323242 0.0234375 0.0683594
0 0.267578 0.404297 0.0332031 0.0625
0 0.307129 0.22998 0.0380859 0.0712891
0 0.395508 0.0102539 0.0292969 0.0205078
0 0.372559 0.587891 0.0361328 0.0585938
0 0.229492 0.493164 0.03125 0.0722656
0 0.550293 0.220703 0.0341797 0.0839844
0 0.527832 0.150391 0.0361328 0.0449219
0 0.513672 0.187988 0.03125 0.0595703
0 0.282715 0.13916 0.0458984 0.0458984
0 0.325195 0.409668 0.0371094 0.0498047
0 0.291992 0.426758 0.03125 0.0566406
0 0.416016 0.163086 0.0390625 0.0566406
0 0.398438 0.499512 0.0371094 0.0458984
0 0.441895 0.605469 0.0302734 0.0625
0 0.583984 0.123047 0.0292969 0.078125
0 0.455078 0.518555 0.0332031 0.0488281
0 0.398438 0.103516 0.0371094 0.0546875
0 0.391602 0.279785 0.0253906 0.0595703
0 0.393066 0.0454102 0.0283203 0.0712891
0 0.318848 0.338867 0.0302734 0.0566406
0 0.375977 0.363281 0.0371094 0.03125
0 0.32373 0.460938 0.0263672 0.0703125
0 0.489258 0.116699 0.0253906 0.0693359
0 0.378906 0.102539 0.0390625 0.0527344
0 0.412109 0.335449 0.03125 0.0458984
0 0.389648 0.156738 0.0390625 0.0478516
0 0.574219 0.571289 0.0390625 0.0449219
0 0.155762 0.542969 0.0400391 0.0566406
0 0.423828 0.0898438 0.03125 0.0566406
0 0.239746 0.245605 0.0302734 0.0634766
0 0.412598 0.603516 0.0283203 0.0605469
0 0.381348 0.298828 0.0263672 0.0585938
0 0.37793 0.336914 0.0371094 0.046875
0 0.469727 0.0512695 0.0332031 0.0576172
0 0.537109 0.691895 0.0273438 0.0732422
0 0.511719 0.557617 0.0273438 0.0683594
0 0.383789 0.544922 0.0332031 0.0585938
0 0.296875 0.193848 0.0371094 0.0400391
0 0.424316 0.312988 0.0400391 0.0400391
0 0.480469 0.0673828 0.0273438 0.0585938
0 0.355957 0.242188 0.0263672 0.0664062
0 0.441895 0.646484 0.0419922 0.0390625
0 0.425781 0.397461 0.03125 0.0566406
0 0.445801 0.34375 0.0380859 0.0449219
0 0.362305 0.0307617 0.0253906 0.0615234
0 0.53418 0.639648 0.0449219 0.0527344
0 0.33252 0.304199 0.0361328 0.0595703
0 0.376953 0.399902 0.0273438 0.0615234
0 0.800293 0.499512 0.0419922 0.0458984
0 0.517578 0.131836 0.0351562 0.0566406
0 0.424805 0.0366211 0.0410156 0.0419922
0 0.348633 0.464844 0.0273438 0.0722656
0 0.527344 0.245117 0.0273438 0.0722656
0 0.314453 0.692383 0.0351562 0.0605469
0 0.618164 0.285156 0.0371094 0.0664062
0 0.460938 0.696289 0.0429688 0.0449219
0 0.826172 0.301758 0.0390625 0.0644531
0 0.554199 0.0771484 0.0341797 0.0703125
0 0.347656 0.0610352 0.0292969 0.0771484
0 0.480469 0.415527 0.03125 0.0615234
0 0.211914 0.308105 0.0429688 0.0439453
0 0.553223 0.498047 0.0322266 0.0625
0 0.318848 0.37207 0.0361328 0.0527344
0 0.313477 0.0834961 0.03125 0.0712891
0 0.576172 0.480957 0.0292969 0.0732422
0 0.369141 0.479492 0.0351562 0.0488281
0 0.50293 0.283203 0.0292969 0.0625
0 0.430176 0.481445 0.0419922 0.0488281
0 0.223633 0.353516 0.0410156 0.0449219
0 0.653809 0.560547 0.0341797 0.0546875
0 0.379883 0.216309 0.0332031 0.0615234
0 0.49707 0.633789 0.0292969 0.0761719
0 0.569336 0.275391 0.0332031 0.0742188
0 0.192871 0.251465 0.0380859 0.0595703
0 0.262207 0.469727 0.0302734 0.0644531
