0 0.643066 0.543945 0.0185547 0.0546875
0 0.527344 0.77832 0.0273438 0.03125
0 0.49707 0.119141 0.0253906 0.0078125
0 0.618164 0.550781 0.0234375 0.0195312
0 0.634766 0.543457 0.0234375 0.0537109
0 0.724609 0.707031 0.0390625 0.0429688
0 0.865234 0.711426 0.0273438 0.0302734
0 0.65918 0.143555 0.00976562 0.0234375
0 0.253906 0.345703 0.0273438 0.0351562
0 0.37793 0.364258 0.0214844 0.0371094
0 0.756836 0.134277 0.0332031 0.0126953
0 0.561523 0.53418 0.0273438 0.0527344
0 0.521973 0.44873 0.0419922 0.0419922
0 0.708008 0.350098 0.0175781 0.0205078
0 0.549805 0.443848 0.0253906 0.0419922
0 0.353027 0.540527 0.0419922 0.0537109
0 0.739746 0.246094 0.0205078 0.0195312
0 0.302246 0.480469 0.0322266 0.046875
