0 0.594727 0.326172 0.0136719 0.0371094
0 0.514648 0.989746 0.0253906 0.0205078
0 0.514648 0.308105 0.0214844 0.0341797
0 0.741211 0.308594 0.015625 0.0234375
0 0.365723 0.842773 0.0244141 0.0292969
0 0.818359 0.581055 0.0234375 0.0292969
0 0.524414 0.330566 0.0175781 0.0400391
0 0.623047 0.37793 0.0175781 0.0332031
0 0.464844 0.401855 0.0175781 0.0458984
0 0.333008 0.675781 0.0253906 0.0195312
0 0.563965 0.54248 0.0146484 0.0556641
0 0.62793 0.879883 0.0332031 0.0273438
0 0.447754 0.285156 0.0224609 0.015625
0 0.511719 0.777832 0.0351562 0.0205078
0 0.353027 0.637695 0.0126953 0.0410156
0 0.705078 0.116699 0.0195312 0.0263672
0 0.376953 0.477539 0.0175781 0.0371094
0 0.567383 0.177734 0.0253906 0.0332031
0 0.429199 0.574219 0.0166016 0.0429688
0 0.685547 0.393066 0.0273438 0.0302734
0 0.601562 0.894531 0.0351562 0.0214844
0 0.664551 0.375977 0.0244141 0.0253906
0 0.480957 0.579102 0.0302734 0.0371094
0 0.575195 0.876953 0.0332031 0.0234375
0 0.553223 0.684082 0.0185547 0.0341797
0 0.692383 0.703125 0.0292969 0.0273438
0 0.625488 0.751953 0.0244141 0.0390625
0 0.576172 0.411621 0.03125 0.0205078
0 0.445312 0.785156 0.015625 0.0351562
0 0.541992 0.936523 0.0292969 0.0214844
0 0.336914 0.701172 0.0136719 0.0410156
0 0.57373 0.357422 0.0185547 0.0390625
0 0.479492 0.782227 0.0253906 0.0175781
0 0.325195 0.858398 0.0292969 0.0292969
0 0.428711 0.746094 0.0253906 0.0273438
0 0.496094 0.604492 0.0253906 0.0253906
0 0.624023 0.598633 0.0175781 0.046875
0 0.628906 0.714844 0.015625 0.0488281
0 0.416504 0.478516 0.0146484 0.0410156
0 0.5625 0.276367 0.015625 0.0527344
0 0.467285 0.758789 0.0263672 0.0292969
0 0.388672 0.597656 0.0214844 0.0429688
0 0.616211 0.70752 0.0175781 0.0361328
0 0.677734 0.637695 0.0234375 0.0410156
0 0.668945 0.19043 0.0351562 0.0253906
0 0.729492 0.341797 0.0175781 0.046875
0 0.618652 0.417969 0.0283203 0.0449219
0 0.56543 0.69043 0.015625 0.0351562
0 0.612305 0.616211 0.0253906 0.0371094
0 0.600586 0.56543 0.0214844 0.0253906
0 0.797852 0.701172 0.0371094 0.0273438
0 0.65918 0.527832 0.0292969 0.0263672
0 0.611328 0.584961 0.015625 0.0410156
0 0.391602 0.541504 0.0136719 0.0458984
0 0.50293 0.25 0.0253906 0.0273438
0 0.462891 0.847656 0.03125 0.0273438
0 0.77832 0.192871 0.0332031 0.0205078
0 0.38623 0.802734 0.0107422 0.0390625
0 0.503906 0.364258 0.0214844 0.0371094
0 0.732422 0.381348 0.0175781 0.0439453
0 0.568359 0.756836 0.03125 0.0214844
0 0.571289 0.857422 0.0332031 0.0195312
0 0.514648 0.612305 0.015625 0.0449219
0 0.697266 0.169922 0.015625 0.0488281
0 0.68457 0.332031 0.0253906 0.0332031
0 0.503418 0.640625 0.0126953 0.0410156
0 0.503906 0.339355 0.0273438 0.0380859
0 0.579102 0.314941 0.0214844 0.0224609
0 0.53418 0.958008 0.0332031 0.0292969
0 0.501465 0.462402 0.0126953 0.0478516
0 0.461426 0.706543 0.0263672 0.0380859
0 0.66748 0.79541 0.0322266 0.0283203
0 0.64209 0.400879 0.0283203 0.0166016
0 0.471191 0.818359 0.0205078 0.0253906
0 0.541016 0.664062 0.0195312 0.03125
0 0.723633 0.56543 0.0117188 0.0332031
0 0.527344 0.751953 0.0273438 0.0195312
0 0.35791 0.542969 0.0361328 0.0234375
0 0.555664 0.373047 0.0292969 0.0429688
0 0.599121 0.873047 0.0244141 0.0234375
0 0.592773 0.662109 0.0117188 0.03125
0 0.650879 0.205078 0.0205078 0.03125
0 0.427734 0.487305 0.0195312 0.0410156
0 0.59375 0.777344 0.0351562 0.0351562
0 0.666992 0.396484 0.0214844 0.0292969
0 0.491211 0.831543 0.0195312 0.0341797
0 0.706055 0.434082 0.0351562 0.0263672
0 0.689453 0.366211 0.03125 0.0292969
0 0.496094 0.763672 0.0195312 0.0351562
0 0.489258 0.711914 0.0253906 0.0273438
0 0.307129 0.638672 0.0146484 0.03125
0 0.475586 0.663086 0.0292969 0.0175781
0 0.482422 0.873535 0.0195312 0.0419922
0 0.736816 0.419434 0.0185547 0.0595703
0 0.523926 0.80957 0.0283203 0.0136719
0 0.373535 0.615234 0.0146484 0.0351562
0 0.541504 0.608398 0.0380859 0.0253906
0 0.661133 0.286133 0.0332031 0.0195312
0 0.380371 0.638672 0.0107422 0.0332031
0 0.450195 0.322754 0.0195312 0.0458984
0 0.652344 0.753906 0.0351562 0.046875
0 0.39502 0.818848 0.0205078 0.0419922
0 0.494141 0.650391 0.015625 0.0390625
0 0.404297 0.693359 0.0351562 0.0234375
0 0.424805 0.6875 0.0234375 0.0351562
0 0.625488 0.804199 0.0341797 0.0283203
0 0.350586 0.707031 0.015625 0.0488281
0 0.415527 0.564453 0.0263672 0.0429688
0 0.390137 0.887695 0.0146484 0.0566406
0 0.62207 0.677734 0.0371094 0.0351562
0 0.386719 0.442383 0.0234375 0.0332031
0 0.512695 0.861328 0.0390625 0.03125
0 0.386719 0.661133 0.0234375 0.0292969
0 0.378906 0.707031 0.0195312 0.046875
0 0.354004 0.904297 0.0244141 0.03125
0 0.537109 0.243652 0.0351562 0.0166016
0 0.407227 0.557617 0.0175781 0.0371094
0 0.588379 0.288574 0.0185547 0.0361328
0 0.390625 0.325195 0.015625 0.0527344
0 0.720703 0.285156 0.0214844 0.0390625
0 0.422852 0.85498 0.0332031 0.0205078
0 0.639648 0.456543 0.0195312 0.0400391
0 0.530273 0.623047 0.0253906 0.015625
0 0.662109 0.362305 0.0234375 0.0332031
0 0.565918 0.929688 0.0283203 0.0273438
0 0.725586 0.508301 0.0195312 0.0439453
0 0.48291 0.504883 0.0224609 0.0410156
0 0.583496 0.935547 0.0302734 0.0195312
0 0.696289 0.243652 0.0136719 0.0400391
0 0.436523 0.724609 0.0234375 0.0195312
0 0.480957 0.75293 0.0146484 0.0351562
0 0.362305 0.654297 0.0136719 0.0429688
0 0.630371 0.270996 0.0185547 0.0478516
0 0.650391 0.654297 0.03125 0.0234375
0 0.669434 0.75293 0.0205078 0.0371094
0 0.45459 0.912598 0.0205078 0.0361328
0 0.655273 0.822266 0.0253906 0.03125
0 0.374023 0.376953 0.0351562 0.0234375
0 0.712402 0.227051 0.0361328 0.0244141
0 0.60498 0.347656 0.0146484 0.0507812
0 0.46875 0.675781 0.0351562 0.0195312
0 0.598145 0.820312 0.0263672 0.03125
0 0.332031 0.727539 0.0253906 0.0390625
0 0.658203 0.493164 0.015625 0.0449219
0 0.621582 0.27832 0.0224609 0.0410156
0 0.762695 0.44873 0.0136719 0.0322266
0 0.611816 0.84375 0.0205078 0.0390625
0 0.666016 0.686523 0.015625 0.0507812
0 0.708984 0.40625 0.0273438 0.0410156
0 0.783691 0.712891 0.0185547 0.0507812
0 0.51416 0.523438 0.0341797 0.0234375
0 0.343262 0.483398 0.0244141 0.0214844
0 0.366211 0.447266 0.0136719 0.0488281
0 0.330078 0.436523 0.0332031 0.0273438
0 0.340332 0.793945 0.0205078 0.0390625
0 0.604004 0.902344 0.0322266 0.0234375
0 0.331055 0.65332 0.0332031 0.0332031
0 0.634766 0.503906 0.0195312 0.0507812
0 0.541016 0.22168 0.03125 0.0292969
0 0.405273 0.324707 0.015625 0.0341797
0 0.442871 0.567383 0.0126953 0.0488281
0 0.457031 0.59082 0.0195312 0.0390625
0 0.548828 0.156738 0.0234375 0.0341797
0 0.543945 0.826172 0.015625 0.046875
0 0.467773 0.633789 0.03125 0.0195312
0 0.509766 0.848633 0.0390625 0.0214844
0 0.586426 0.433594 0.0341797 0.0195312
0 0.379883 0.783203 0.0273438 0.0195312
0 0.50293 0.837402 0.0292969 0.0224609
0 0.68457 0.486328 0.0136719 0.0507812
0 0.53418 0.394043 0.0175781 0.0380859
0 0.689453 0.142578 0.0175781 0.0507812
0 0.708008 0.34082 0.0175781 0.0410156
0 0.621094 0.473145 0.0195312 0.0400391
0 0.767578 0.243164 0.0429688 0.0214844
0 0.554688 0.710938 0.0390625 0.03125
0 0.433594 0.761719 0.0351562 0.0195312
0 0.460449 0.733398 0.0283203 0.0371094
0 0.536621 0.0727539 0.0341797 0.0478516
0 0.352539 0.498535 0.0253906 0.0224609
0 0.415527 0.825195 0.0283203 0.0253906
0 0.580078 0.797852 0.0195312 0.0390625
0 0.314941 0.621094 0.0224609 0.0390625
0 0.443848 0.301758 0.0263672 0.0273438
0 0.607422 0.546875 0.03125 0.0390625
0 0.492188 0.283203 0.0253906 0.0429688
0 0.636719 0.251465 0.0195312 0.0439453
0 0.764648 0.355469 0.0214844 0.0507812
0 0.396973 0.46582 0.0283203 0.0410156
0 0.509766 0.79541 0.0410156 0.0185547
0 0.659668 0.61084 0.0166016 0.0576172
0 0.411621 0.587891 0.0205078 0.0234375
0 0.738281 0.466797 0.0234375 0.0507812
0 0.516602 0.701172 0.0234375 0.0429688
0 0.440918 0.827148 0.0224609 0.0253906
0 0.55957 0.90918 0.0273438 0.0292969
0 0.375977 0.771484 0.03125 0.0195312
0 0.756348 0.386719 0.0224609 0.0449219
0 0.605469 0.228516 0.0195312 0.0488281
0 0.637695 0.221191 0.0195312 0.0458984
0 0.341797 0.46582 0.0273438 0.0253906
0 0.486328 0.933594 0.03125 0.0292969
0 0.490723 0.38916 0.0126953 0.0458984
0 0.390625 0.407715 0.0234375 0.0478516
0 0.476562 0.265137 0.0351562 0.0302734
0 0.731934 0.28418 0.0185547 0.0449219
0 0.379395 0.825684 0.0166016 0.0537109
0 0.461914 0.490234 0.0175781 0.0507812
0 0.723145 0.199707 0.0205078 0.0556641
0 0.597656 0.752441 0.0351562 0.0205078
0 0.360352 0.805664 0.03125 0.0332031
0 0.716797 0.452637 0.0234375 0.0380859
0 0.334473 0.751953 0.0283203 0.0371094
0 0.606445 0.672852 0.0292969 0.0253906
0 0.416016 0.635742 0.015625 0.0410156
0 0.340332 0.645508 0.0244141 0.0351562
0 0.51416 0.480469 0.0185547 0.0390625
0 0.489258 0.740234 0.0253906 0.0273438
0 0.672852 0.418457 0.0292969 0.0205078
0 0.340332 0.45459 0.0263672 0.0302734
0 0.745117 0.214844 0.0214844 0.0371094
0 0.341797 0.982422 0.0234375 0.0351562
0 0.395508 0.740234 0.015625 0.046875
0 0.588379 0.347656 0.0166016 0.0507812
0 0.284668 0.570312 0.0322266 0.0390625
0 0.424805 0.888672 0.0332031 0.0234375
0 0.430664 0.410156 0.0214844 0.0390625
0 0.459473 0.78125 0.0224609 0.0234375
0 0.589355 0.395996 0.0185547 0.0400391
0 0.52832 0.921387 0.0332031 0.0185547
0 0.560547 0.325195 0.0234375 0.015625
0 0.458008 0.856445 0.0332031 0.0371094
0 0.75293 0.479004 0.0175781 0.0458984
0 0.586914 0.544434 0.0175781 0.0498047
0 0.306152 0.59668 0.0205078 0.03125
0 0.416992 0.785156 0.0253906 0.0351562
0 0.402344 0.231445 0.0351562 0.0625
0 0.407715 0.907227 0.0224609 0.0488281
0 0.767578 0.785645 0.046875 0.0244141
0 0.587891 0.598145 0.015625 0.0458984
0 0.73584 0.0205078 0.0185547 0.0410156
0 0.480469 0.321777 0.0351562 0.0224609
0 0.410156 0.524414 0.0273438 0.0390625
0 0.53418 0.644531 0.0214844 0.0429688
0 0.643066 0.375977 0.0185547 0.0410156
0 0.545898 0.768066 0.0175781 0.0439453
0 0.739258 0.251953 0.0253906 0.0429688
0 0.513672 0.220215 0.0273438 0.0458984
0 0.520996 0.268066 0.0263672 0.0439453
0 0.341797 0.871094 0.0390625 0.03125
0 0.649414 0.555664 0.0371094 0.0234375
0 0.541016 0.322266 0.015625 0.0429688
0 0.75293 0.0512695 0.0234375 0.0498047
0 0.748047 0.106445 0.0351562 0.0410156
0 0.77002 0.113281 0.0166016 0.0566406
0 0.446777 0.422852 0.0166016 0.0527344
0 0.770508 0.515625 0.0214844 0.046875
0 0.630859 0.321289 0.015625 0.0371094
0 0.496582 0.676758 0.0419922 0.0332031
0 0.446777 0.625488 0.0361328 0.0302734
0 0.345215 0.575195 0.0166016 0.0449219
0 0.371582 0.742188 0.0341797 0.0273438
0 0.661621 0.467773 0.0263672 0.0449219
0 0.699219 0.521484 0.0351562 0.046875
0 0.423828 0.713379 0.0332031 0.0166016
0 0.569336 0.496582 0.0332031 0.0302734
0 0.712891 0.0986328 0.03125 0.0371094
0 0.370117 0.394531 0.0371094 0.0195312
0 0.691406 0.299805 0.0234375 0.0390625
0 0.519043 0.181641 0.0380859 0.0390625
0 0.676758 0.55957 0.0136719 0.0527344
0 0.54541 0.199707 0.0361328 0.0302734
0 0.665039 0.173828 0.0371094 0.03125
0 0.31543 0.738281 0.0175781 0.0449219
0 0.336914 0.529297 0.0253906 0.03125
0 0.291992 0.720703 0.0371094 0.0351562
0 0.273926 0.646484 0.0322266 0.0429688
0 0.286133 0.598633 0.0292969 0.0410156
0 0.345215 0.40918 0.0283203 0.0449219
0 0.54834 0.888672 0.0263672 0.0429688
