0 0.490234 0.44043 0.0273438 0.0292969
0 0.529297 0.38916 0.03125 0.0419922
0 0.489258 0.408691 0.0292969 0.0361328
0 0.445312 0.679688 0.0292969 0.0273438
0 0.376465 0.697266 0.0322266 0.0253906
0 0.432129 0.189453 0.0322266 0.0273438
0 0.307129 0.479004 0.0341797 0.0380859
0 0.450684 0.447266 0.0205078 0.0429688
0 0.485352 0.671875 0.0292969 0.0429688
0 0.600586 0.435547 0.0253906 0.0820312
0 0.552246 0.375977 0.0341797 0.0449219
0 0.457031 0.401855 0.03125 0.0419922
0 0.583008 0.513672 0.0292969 0.0625
0 0.557617 0.461914 0.0351562 0.0234375
0 0.643555 0.449219 0.0449219 0.0332031
0 0.321289 0.239258 0.0332031 0.0449219
0 0.507812 0.693359 0.0214844 0.0585938
0 0.615234 0.53125 0.0585938 0.0351562
0 0.489258 0.458984 0.0390625 0.0351562
0 0.427734 0.442871 0.0332031 0.0419922
0 0.427246 0.412598 0.0302734 0.0244141
0 0.376953 0.631836 0.03125 0.0429688
0 0.338379 0.303711 0.0244141 0.0683594
0 0.453125 0.387695 0.03125 0.0292969
0 0.553711 0.683594 0.0410156 0.0507812
0 0.540527 0.526367 0.0205078 0.0722656
0 0.470215 0.367188 0.0341797 0.0234375
0 0.556641 0.648438 0.0429688 0.0429688
0 0.344727 0.477539 0.0371094 0.0292969
0 0.662598 0.490723 0.0361328 0.0478516
0 0.55127 0.418945 0.0380859 0.0371094
0 0.663086 0.4375 0.0449219 0.0273438
0 0.56543 0.388672 0.0371094 0.03125
