0 0.475098 0.508301 0.0263672 0.0205078
0 0.507812 0.473145 0.0195312 0.0224609
0 0.296875 0.428711 0.0410156 0.0136719
0 0.291992 0.467285 0.0195312 0.0205078
0 0.370117 0.480957 0.0214844 0.0302734
0 0.643555 0.306641 0.0292969 0.0332031
0 0.416504 0.501953 0.0361328 0.015625
0 0.48584 0.506348 0.0400391 0.0244141
0 0.288574 0.444336 0.0244141 0.0253906
0 0.637695 0.491211 0.0234375 0.0332031
0 0.407227 0.463379 0.0410156 0.0146484
0 0.551758 0.467773 0.0214844 0.0332031
0 0.429199 0.602539 0.0361328 0.0214844
0 0.428223 0.486816 0.0341797 0.0166016
0 0.424805 0.510254 0.0253906 0.0263672
0 0.483887 0.588867 0.0302734 0.0292969
0 0.473633 0.441406 0.0371094 0.0234375
0 0.525391 0.425781 0.0234375 0.0253906
0 0.459473 0.506836 0.0205078 0.0253906
0 0.286621 0.412598 0.0302734 0.0283203
0 0.453613 0.486816 0.0244141 0.0283203
0 0.400391 0.404297 0.0351562 0.0351562
0 0.353516 0.375977 0.0390625 0.0214844
0 0.543457 0.425781 0.0263672 0.0292969
0 0.373535 0.512207 0.0302734 0.0244141
0 0.574707 0.410156 0.0341797 0.0214844
0 0.355469 0.478516 0.0273438 0.0253906
0 0.456055 0.578613 0.0390625 0.0185547
0 0.44873 0.522461 0.0224609 0.0273438
0 0.541016 0.555664 0.03125 0.0253906
0 0.564453 0.583496 0.03125 0.0263672
0 0.52832 0.400879 0.0332031 0.0244141
