0 0.45459 0.427734 0.0166016 0.0214844
0 0.61084 0.53125 0.0126953 0.015625
0 0.415527 0.46582 0.0224609 0.015625
0 0.576172 0.549805 0.0195312 0.00976562
0 0.484863 0.571289 0.0166016 0.0175781
0 0.364746 0.509766 0.0185547 0.015625
0 0.513672 0.619629 0.0292969 0.0126953
0 0.447266 0.508789 0.03125 0.00976562
0 0.502441 0.481934 0.0263672 0.0126953
0 0.453613 0.442871 0.0166016 0.0185547
0 0.349609 0.564453 0.0351562 0.0136719
0 0.538574 0.529297 0.0166016 0.0234375
0 0.438477 0.452637 0.0351562 0.0107422
0 0.370117 0.490234 0.0292969 0.00976562
0 0.541016 0.397949 0.0117188 0.0224609
0 0.547363 0.443359 0.0224609 0.0117188
0 0.445312 0.494629 0.03125 0.0107422
0 0.572266 0.416504 0.0117188 0.0224609
0 0.446289 0.423828 0.0136719 0.0195312
0 0.546875 0.454102 0.0195312 0.0175781
0 0.359375 0.478027 0.0136719 0.0205078
0 0.588867 0.472656 0.0214844 0.0195312
0 0.468262 0.50293 0.0302734 0.0136719
0 0.543945 0.380859 0.0136719 0.0195312
0 0.515625 0.553711 0.0371094 0.00976562
0 0.554199 0.524414 0.0166016 0.0175781
0 0.377441 0.503418 0.0263672 0.0146484
0 0.520508 0.409668 0.0253906 0.0107422
0 0.524902 0.612305 0.0341797 0.0136719
0 0.645508 0.42627 0.0136719 0.0185547
0 0.523438 0.469727 0.015625 0.0195312
0 0.48877 0.514648 0.0263672 0.0136719
0 0.602051 0.414551 0.0205078 0.0166016
0 0.44043 0.549316 0.0234375 0.0166016
0 0.501953 0.472656 0.0273438 0.0117188
0 0.432617 0.466797 0.0136719 0.0195312
0 0.578125 0.430176 0.0117188 0.0205078
0 0.455078 0.478516 0.03125 0.00976562
0 0.567871 0.515625 0.0244141 0.0117188
0 0.352051 0.461426 0.0205078 0.0185547
0 0.369141 0.449707 0.0136719 0.0224609
0 0.536133 0.382324 0.0214844 0.0166016
0 0.376465 0.431152 0.0322266 0.0107422
0 0.417969 0.55127 0.0234375 0.0166016
0 0.472168 0.416504 0.0185547 0.0185547
0 0.498535 0.608398 0.0244141 0.015625
0 0.599121 0.530273 0.0302734 0.015625
0 0.42041 0.55957 0.0205078 0.0175781
0 0.503906 0.350098 0.015625 0.0224609
0 0.533691 0.354492 0.0146484 0.0195312
0 0.474121 0.46875 0.0283203 0.00976562
0 0.508789 0.45459 0.0136719 0.0224609
0 0.463867 0.557617 0.03125 0.00976562
0 0.654297 0.490723 0.015625 0.0224609
0 0.474121 0.619141 0.0185547 0.0234375
0 0.443848 0.404785 0.0244141 0.0185547
0 0.412598 0.471191 0.0244141 0.0185547
0 0.424316 0.516602 0.0341797 0.00976562
0 0.466797 0.519531 0.0292969 0.0117188
0 0.463867 0.412598 0.0175781 0.0185547
0 0.596191 0.368164 0.0263672 0.0117188
0 0.561523 0.539551 0.0273438 0.0126953
0 0.482422 0.36377 0.0175781 0.0185547
0 0.349609 0.518555 0.03125 0.00976562
0 0.516602 0.390137 0.0253906 0.0126953
0 0.474609 0.567871 0.0195312 0.0166016
0 0.560547 0.410645 0.015625 0.0185547
0 0.583984 0.447266 0.03125 0.00976562
0 0.347656 0.499512 0.0117188 0.0224609
0 0.696289 0.465332 0.0136719 0.0205078
0 0.498047 0.624023 0.0273438 0.0136719
0 0.666992 0.416992 0.0136719 0.0214844
0 0.619141 0.408691 0.015625 0.0244141
0 0.557129 0.387695 0.0146484 0.0195312
0 0.472656 0.359863 0.0214844 0.0146484
0 0.497559 0.29834 0.0302734 0.0107422
0 0.620117 0.521973 0.0273438 0.0146484
0 0.59375 0.51416 0.0175781 0.0185547
0 0.577637 0.529785 0.0166016 0.0185547
0 0.583984 0.390137 0.0136719 0.0205078
0 0.529297 0.395996 0.015625 0.0166016
0 0.522461 0.53418 0.0253906 0.0136719
0 0.383789 0.41748 0.0136719 0.0205078
0 0.636719 0.533203 0.0292969 0.0117188
0 0.35791 0.443359 0.0205078 0.0117188
0 0.533203 0.521484 0.0195312 0.0195312
0 0.581055 0.363281 0.0253906 0.015625
0 0.688477 0.423828 0.0175781 0.0195312
0 0.424805 0.42041 0.0214844 0.0146484
0 0.42627 0.489258 0.0166016 0.0175781
0 0.53418 0.436523 0.0253906 0.0136719
0 0.677246 0.469727 0.0244141 0.015625
0 0.408691 0.579102 0.0166016 0.0195312
0 0.338867 0.537109 0.0253906 0.015625
0 0.647461 0.516602 0.0136719 0.0195312
0 0.398926 0.552734 0.0185547 0.0195312
0 0.461914 0.59668 0.0292969 0.0136719
0 0.53125 0.582031 0.0234375 0.0195312
0 0.659668 0.463379 0.0185547 0.0224609
0 0.533203 0.496094 0.0195312 0.0195312
0 0.597656 0.431152 0.0214844 0.0185547
0 0.49707 0.396973 0.0214844 0.0166016
0 0.380859 0.575195 0.0253906 0.0175781
0 0.410645 0.408691 0.0205078 0.0185547
