0 0.478516 0.384766 0.03125 0.015625
0 0.688477 0.262207 0.0175781 0.0185547
0 0.481445 0.404297 0.0234375 0.0175781
0 0.44043 0.560547 0.0273438 0.0703125
0 0.401367 0.404785 0.0410156 0.0283203
0 0.334473 0.43457 0.0263672 0.0332031
0 0.650879 0.199707 0.0283203 0.0126953
0 0.765625 0.759766 0.0234375 0.0585938
0 0.414551 0.689453 0.0107422 0.0429688
0 0.434082 0.406738 0.0244141 0.0224609
0 0.470215 0.393066 0.0263672 0.0205078
0 0.430176 0.904785 0.0322266 0.0400391
0 0.643555 0.408203 0.0292969 0.0195312
0 0.323242 0.311035 0.0371094 0.0361328
0 0.425293 0.577148 0.0166016 0.0449219
0 0.473145 0.378418 0.0361328 0.0126953
0 0.572754 0.374512 0.0185547 0.0400391
0 0.34082 0.511719 0.0253906 0.0527344
0 0.322266 0.459961 0.015625 0.0488281
0 0.646484 0.42041 0.03125 0.0205078
0 0.453125 0.400879 0.015625 0.0439453
0 0.50293 0.399902 0.0292969 0.0205078
0 0.439453 0.716797 0.0253906 0.0546875
0 0.327148 0.255371 0.0214844 0.0400391
0 0.779785 0.416504 0.0185547 0.0322266
0 0.348633 0.36084 0.0292969 0.0419922
0 0.481445 0.594727 0.0214844 0.0566406
0 0.683105 0.565918 0.0380859 0.0361328
0 0.354492 0.623535 0.0292969 0.0458984
0 0.172852 0.244141 0.0273438 0.0273438
0 0.501953 0.264648 0.0136719 0.0371094
0 0.38916 0.630371 0.0322266 0.0244141
0 0.388672 0.551758 0.0234375 0.0429688
