0 0.518555 0.433594 0.03125 0.03125
0 0.443359 0.536133 0.0488281 0.0390625
0 0.552734 0.559082 0.0429688 0.0556641
0 0.370605 0.598145 0.0498047 0.0537109
0 0.4375 0.521484 0.0429688 0.046875
0 0.537109 0.417969 0.0507812 0.0234375
0 0.615234 0.679688 0.0390625 0.0605469
0 0.54248 0.679688 0.0556641 0.0351562
0 0.572266 0.666504 0.0605469 0.0439453
0 0.446289 0.500977 0.0546875 0.0253906
0 0.494629 0.65625 0.0498047 0.0351562
0 0.517578 0.521973 0.0390625 0.0712891
0 0.572266 0.496094 0.0351562 0.0664062
0 0.502441 0.616211 0.0556641 0.0253906
0 0.52832 0.391602 0.0566406 0.0410156
0 0.395508 0.569336 0.0390625 0.0527344
0 0.336914 0.53418 0.0429688 0.0664062
0 0.475586 0.556152 0.0390625 0.0634766
