0 0.509766 0.445801 0.0488281 0.0341797
0 0.498047 0.29834 0.0351562 0.0341797
0 0.462402 0.450195 0.0263672 0.0683594
0 0.541992 0.493652 0.0253906 0.0419922
0 0.549805 0.477051 0.0234375 0.0693359
0 0.557129 0.354004 0.0263672 0.0654297
0 0.506348 0.365723 0.0283203 0.0576172
0 0.53418 0.479004 0.0175781 0.0576172
0 0.504883 0.454102 0.0351562 0.0253906
0 0.696289 0.561035 0.0175781 0.0498047
0 0.460938 0.385742 0.0234375 0.0820312
0 0.706055 0.574707 0.0253906 0.0712891
0 0.474121 0.563477 0.0361328 0.0546875
0 0.476562 0.385742 0.0195312 0.0683594
0 0.496582 0.371094 0.0302734 0.0625
0 0.537598 0.581543 0.0224609 0.0517578
0 0.445312 0.427734 0.0195312 0.0566406
0 0.550781 0.295898 0.0488281 0.0273438
0 0.568359 0.325684 0.0273438 0.0712891
0 0.479492 0.438477 0.0195312 0.0527344
0 0.457031 0.274902 0.0546875 0.0283203
0 0.522949 0.619141 0.0322266 0.0371094
0 0.517578 0.550293 0.0273438 0.0576172
0 0.426758 0.464844 0.0273438 0.0644531
0 0.493164 0.508301 0.0332031 0.0751953
0 0.496582 0.584961 0.0146484 0.0527344
0 0.515625 0.430176 0.0527344 0.0302734
0 0.469238 0.314453 0.0341797 0.0566406
0 0.566895 0.478516 0.0224609 0.0742188
0 0.517578 0.514648 0.0292969 0.0566406
0 0.441406 0.492188 0.0175781 0.0703125
0 0.543945 0.40332 0.0410156 0.0488281
0 0.342285 0.405762 0.0458984 0.0615234
0 0.46582 0.522949 0.0332031 0.0361328
0 0.505371 0.563965 0.0263672 0.0478516
0 0.53418 0.350098 0.0292969 0.0791016
0 0.70459 0.657227 0.0205078 0.0683594
0 0.602539 0.316895 0.0429688 0.0439453
0 0.556152 0.433594 0.0419922 0.0234375
0 0.664551 0.515625 0.0419922 0.046875
0 0.503906 0.326172 0.0390625 0.0546875
0 0.52832 0.270996 0.0625 0.0263672
0 0.548828 0.549805 0.0429688 0.0292969
0 0.522461 0.466309 0.0253906 0.0478516
0 0.474609 0.483887 0.0410156 0.0478516
0 0.486328 0.664062 0.015625 0.0546875
0 0.65332 0.490234 0.03125 0.0566406
0 0.416992 0.535156 0.0273438 0.0703125
0 0.615234 0.623535 0.0507812 0.0458984
0 0.362305 0.363281 0.0527344 0.0253906
0 0.720703 0.548828 0.0390625 0.0507812
0 0.359375 0.525391 0.0332031 0.0605469
0 0.638672 0.542969 0.0273438 0.0546875
0 0.419434 0.410645 0.0478516 0.0615234
0 0.512207 0.678711 0.0419922 0.0527344
0 0.582031 0.580078 0.03125 0.0527344
0 0.408203 0.370117 0.0585938 0.0488281
