0 0.345215 0.387695 0.0166016 0.0546875
0 0.27002 0.494629 0.0205078 0.0498047
0 0.412598 0.364258 0.0205078 0.0605469
0 0.446289 0.251465 0.0292969 0.0517578
0 0.455566 0.269043 0.0205078 0.0595703
0 0.330566 0.586914 0.0380859 0.0371094
0 0.273438 0.686523 0.0195312 0.0683594
0 0.446289 0.439453 0.0332031 0.0429688
0 0.375 0.664551 0.0195312 0.0595703
0 0.355957 0.527344 0.0205078 0.0546875
0 0.398926 0.366211 0.0244141 0.0546875
0 0.470703 0.154785 0.0273438 0.0576172
0 0.391602 0.431641 0.0195312 0.0546875
0 0.423828 0.384277 0.03125 0.0341797
0 0.294434 0.283203 0.0263672 0.0566406
0 0.448242 0.456055 0.0351562 0.0371094
0 0.383789 0.695312 0.0175781 0.0507812
0 0.411133 0.327637 0.0292969 0.0361328
0 0.396484 0.670898 0.0273438 0.0292969
0 0.404785 0.679688 0.0322266 0.0351562
0 0.654297 0.320801 0.03125 0.0751953
0 0.377441 0.584961 0.0263672 0.0332031
0 0.283691 0.22168 0.0283203 0.0292969
0 0.372559 0.427246 0.0263672 0.0380859
0 0.285156 0.485352 0.03125 0.0292969
0 0.363281 0.540039 0.0195312 0.0566406
0 0.625488 0.488281 0.0205078 0.0664062
0 0.352539 0.746094 0.0234375 0.0703125
0 0.21582 0.552734 0.0195312 0.0546875
0 0.305176 0.551758 0.0224609 0.0566406
0 0.548828 0.438477 0.03125 0.0488281
0 0.262695 0.390625 0.0234375 0.0488281
0 0.292969 0.507812 0.03125 0.0351562
0 0.568359 0.722656 0.0273438 0.0625
0 0.247559 0.397461 0.0185547 0.0625
0 0.334961 0.466797 0.0351562 0.0429688
0 0.395508 0.569336 0.03125 0.0410156
0 0.273926 0.754883 0.0341797 0.0371094
0 0.461914 0.597168 0.0332031 0.0380859
0 0.342285 0.322754 0.0224609 0.0595703
0 0.404785 0.642578 0.0263672 0.046875
0 0.260742 0.583008 0.0234375 0.0566406
0 0.516602 0.282227 0.0292969 0.0449219
0 0.39209 0.154785 0.0302734 0.0341797
0 0.356934 0.369629 0.0185547 0.0537109
0 0.3125 0.693359 0.0273438 0.0546875
0 0.315918 0.381836 0.0341797 0.0292969
0 0.504883 0.94043 0.0214844 0.0625
0 0.247559 0.786133 0.0322266 0.0390625
0 0.386719 0.542969 0.0273438 0.0371094
0 0.373047 0.396484 0.03125 0.0292969
0 0.544922 0.618652 0.0351562 0.0439453
0 0.469727 0.388184 0.0273438 0.0634766
0 0.510254 0.431152 0.0380859 0.0380859
0 0.590332 0.661133 0.0380859 0.0371094
0 0.597168 0.824219 0.0224609 0.0703125
0 0.299316 0.362793 0.0205078 0.0634766
0 0.322266 0.527832 0.03125 0.0400391
0 0.33252 0.449707 0.0263672 0.0458984
0 0.376953 0.333984 0.03125 0.0351562
0 0.233887 0.52002 0.0185547 0.0595703
0 0.549316 0.699219 0.0302734 0.046875
0 0.370117 0.628418 0.0214844 0.0556641
0 0.548828 0.654297 0.03125 0.0429688
0 0.491211 0.733887 0.0351562 0.0419922
0 0.510742 0.621094 0.0332031 0.0410156
0 0.248535 0.566406 0.0263672 0.0585938
0 0.431152 0.755859 0.0341797 0.0390625
0 0.316406 0.619141 0.0332031 0.0351562
0 0.480469 0.825195 0.0253906 0.0625
0 0.563965 0.450195 0.0283203 0.0566406
0 0.409668 0.123047 0.0302734 0.03125
0 0.402832 0.464844 0.0244141 0.0625
0 0.610352 0.57373 0.0371094 0.0654297
0 0.402832 0.753418 0.0244141 0.0576172
0 0.44043 0.711914 0.0332031 0.0332031
0 0.444824 0.65918 0.0283203 0.0488281
0 0.316895 0.799316 0.0263672 0.0576172
0 0.246094 0.46582 0.0273438 0.0527344
0 0.581543 0.374512 0.0361328 0.0439453
0 0.526367 0.38623 0.0371094 0.0400391
0 0.583008 0.800781 0.0292969 0.0585938
0 0.442871 0.376953 0.0302734 0.0546875
