0 0.558594 0.394531 0.0351562 0.0253906
0 0.661133 0.601562 0.0292969 0.0234375
0 0.644531 0.614258 0.0507812 0.0175781
0 0.551758 0.371094 0.0429688 0.0175781
0 0.340332 0.598145 0.0419922 0.0244141
0 0.544922 0.379883 0.0507812 0.0136719
0 0.628906 0.558594 0.0429688 0.015625
0 0.638672 0.581055 0.0351562 0.0253906
0 0.275391 0.616211 0.0273438 0.0234375
0 0.449707 0.48291 0.0498047 0.0166016
0 0.69043 0.480469 0.0332031 0.0234375
0 0.626953 0.615234 0.0546875 0.0175781
0 0.566895 0.367188 0.0400391 0.0195312
0 0.34375 0.550781 0.0371094 0.0195312
0 0.431641 0.530273 0.0429688 0.0195312
0 0.726074 0.469238 0.0673828 0.0224609
0 0.64209 0.425293 0.0380859 0.0185547
0 0.65332 0.47998 0.0527344 0.0126953
0 0.65918 0.494141 0.0488281 0.015625
0 0.478516 0.475098 0.0449219 0.0146484
0 0.615234 0.575684 0.0527344 0.0166016
0 0.504395 0.380859 0.0498047 0.0175781
0 0.735352 0.493164 0.0253906 0.0292969
0 0.587891 0.417969 0.0449219 0.015625
0 0.632812 0.442383 0.0429688 0.0136719
0 0.369629 0.603516 0.0341797 0.0273438
0 0.493164 0.409668 0.0371094 0.0205078
0 0.364746 0.548828 0.0341797 0.0234375
0 0.382812 0.62793 0.0371094 0.0234375
0 0.633789 0.599121 0.0488281 0.0166016
0 0.553223 0.408691 0.0400391 0.0244141
0 0.541992 0.545898 0.0234375 0.0292969
0 0.527344 0.400391 0.0273438 0.0273438
0 0.444824 0.534668 0.0361328 0.0224609
0 0.505859 0.40332 0.0371094 0.0234375
0 0.663574 0.455566 0.0478516 0.0166016
0 0.379883 0.537109 0.0253906 0.0273438
0 0.259277 0.634766 0.0556641 0.015625
0 0.577148 0.393555 0.03125 0.0292969
0 0.258301 0.614258 0.0322266 0.0292969
0 0.663086 0.416504 0.0332031 0.0224609
0 0.359375 0.52832 0.03125 0.0253906
0 0.542969 0.510254 0.0390625 0.0224609
0 0.21875 0.57373 0.0507812 0.0185547
0 0.543945 0.427246 0.0488281 0.0146484
0 0.654297 0.508301 0.0546875 0.0166016
0 0.29834 0.470215 0.0498047 0.0166016
0 0.20752 0.586914 0.0537109 0.0175781
0 0.692383 0.512695 0.0332031 0.0253906
0 0.557617 0.352051 0.0488281 0.0185547
0 0.432617 0.470703 0.0546875 0.015625
0 0.281738 0.493164 0.0576172 0.0175781
0 0.242188 0.597656 0.0429688 0.0253906
0 0.510742 0.421875 0.0351562 0.0214844
0 0.460449 0.377441 0.0537109 0.0185547
0 0.648438 0.55957 0.03125 0.0253906
0 0.318359 0.508301 0.0507812 0.0205078
0 0.62793 0.541016 0.0488281 0.0175781
0 0.351074 0.470215 0.0341797 0.0244141
0 0.571777 0.64209 0.0517578 0.0166016
0 0.599609 0.59082 0.046875 0.0175781
0 0.545898 0.485352 0.0292969 0.0292969
0 0.645508 0.466797 0.0488281 0.015625
0 0.288086 0.53418 0.0449219 0.0214844
0 0.666016 0.686523 0.0351562 0.03125
0 0.516602 0.590332 0.0292969 0.0263672
0 0.279297 0.459473 0.0546875 0.0166016
0 0.283691 0.574219 0.0498047 0.0195312
0 0.714844 0.50293 0.0390625 0.0214844
0 0.518555 0.545898 0.0292969 0.0292969
0 0.542969 0.700684 0.0507812 0.0244141
0 0.333496 0.614258 0.0322266 0.0253906
0 0.28418 0.601562 0.0449219 0.0234375
0 0.706543 0.596191 0.0341797 0.0302734
0 0.587891 0.447266 0.0507812 0.015625
0 0.426758 0.598145 0.0371094 0.0244141
0 0.511719 0.484863 0.0371094 0.0263672
0 0.476562 0.353027 0.0507812 0.0224609
0 0.575195 0.480469 0.0488281 0.0175781
0 0.589844 0.496094 0.046875 0.0214844
0 0.271484 0.557129 0.0390625 0.0224609
0 0.359863 0.488281 0.0419922 0.0234375
0 0.5 0.510742 0.0488281 0.0214844
0 0.68457 0.566406 0.0332031 0.0273438
0 0.564941 0.529297 0.0322266 0.0273438
0 0.64502 0.654297 0.0439453 0.0273438
0 0.550781 0.59082 0.0429688 0.0214844
