0 0.602539 0.640625 0.0410156 0.0507812
0 0.625 0.149902 0.0625 0.0751953
0 0.796875 0.566895 0.0546875 0.0341797
0 0.25293 0.577148 0.0449219 0.0976562
0 0.982422 0.547852 0.0351562 0.0820312
0 0.88916 0.80957 0.0576172 0.0449219
0 0.632324 0.725586 0.0478516 0.0839844
0 0.367188 0.619141 0.0410156 0.03125
0 0.801758 0.64209 0.0644531 0.0869141
0 0.791992 0.148438 0.0605469 0.09375
0 0.530762 0.516602 0.0380859 0.0683594
0 0.545898 0.568848 0.046875 0.0595703
1 0.500488 0.367676 0.0927734 0.176758
1 0.916016 0.625977 0.142578 0.162109
0 0.773438 0.523926 0.0566406 0.0615234
