1 0.473145 0.589844 0.165039 0.0644531
1 0.708984 0.585938 0.128906 0.0625
1 0.651367 0.59375 0.0996094 0.078125
1 0.0302734 0.579102 0.0585938 0.0957031
1 0.396973 0.637695 0.172852 0.0683594
1 0.551758 0.580078 0.146484 0.0507812
1 0.241211 0.560059 0.154297 0.0810547
1 0.280273 0.691406 0.152344 0.078125
1 0.349609 0.575195 0.132812 0.0722656
1 0.739746 0.549805 0.176758 0.0800781
1 0.793945 0.646484 0.150391 0.0742188
1 0.393066 0.442383 0.145508 0.0761719
1 0.557617 0.527832 0.181641 0.0810547
1 0.324219 0.504883 0.134766 0.0800781
1 0.263184 0.444336 0.157227 0.0664062
1 0.637695 0.458984 0.208984 0.0859375
