0 0.322754 0.132812 0.0615234 0.0195312
0 0.267578 0.119141 0.0195312 0.0390625
0 0.0961914 0.259277 0.0185547 0.0322266
0 0.0112305 0.331543 0.0224609 0.0400391
0 0.53125 0.283203 0.0410156 0.0644531
0 0.340332 0.0849609 0.0419922 0.0507812
0 0.0429688 0.209473 0.0546875 0.0263672
0 0.109375 0.122559 0.0351562 0.0458984
0 0.3125 0.180664 0.0625 0.0351562
0 0.430664 0.187988 0.0605469 0.0263672
0 0.530273 0.427246 0.0507812 0.0595703
0 0.173828 0.119629 0.03125 0.0419922
0 0.467773 0.326172 0.0410156 0.0546875
0 0.189453 0.308105 0.0449219 0.0478516
0 0.376465 0.320801 0.0478516 0.0537109
0 0.260254 0.249512 0.0673828 0.0283203
0 0.273926 0.0229492 0.0595703 0.0302734
0 0.243164 0.0419922 0.0507812 0.0371094
0 0.132812 0.0639648 0.0351562 0.0361328
0 0.0996094 0.361816 0.0605469 0.0419922
0 0.540527 0.198242 0.0439453 0.0332031
0 0.605469 0.278809 0.0390625 0.0498047
0 0.635742 0.34668 0.0410156 0.0507812
0 0.541992 0.0678711 0.0566406 0.0498047
