0 0.681152 0.505371 0.0302734 0.0322266
0 0.575684 0.519531 0.0126953 0.0390625
0 0.541016 0.37207 0.0195312 0.0332031
0 0.507812 0.480469 0.0175781 0.046875
0 0.472656 0.660156 0.0390625 0.0253906
0 0.474121 0.39209 0.0185547 0.0439453
0 0.884766 0.72998 0.0234375 0.0224609
0 0.55957 0.53418 0.0273438 0.0214844
0 0.519043 0.499512 0.0126953 0.0361328
0 0.529785 0.60791 0.0439453 0.0224609
0 0.421875 0.350586 0.0292969 0.0253906
0 0.504395 0.615234 0.0419922 0.015625
0 0.494629 0.553711 0.0185547 0.0410156
0 0.5625 0.448242 0.015625 0.046875
0 0.542969 0.661621 0.0273438 0.0244141
0 0.443359 0.371582 0.03125 0.0263672
0 0.541016 0.354004 0.0273438 0.0263672
0 0.509277 0.577148 0.0263672 0.0410156
0 0.482422 0.628906 0.0273438 0.0332031
0 0.498535 0.72168 0.0263672 0.0429688
0 0.463379 0.575684 0.0166016 0.0419922
0 0.498535 0.641602 0.0166016 0.0371094
0 0.475586 0.708984 0.0292969 0.0234375
0 0.571289 0.482422 0.0292969 0.03125
0 0.540039 0.539062 0.0214844 0.0429688
0 0.494141 0.316895 0.03125 0.0224609
0 0.579102 0.576172 0.0371094 0.0273438
0 0.512695 0.380859 0.0175781 0.0507812
0 0.462891 0.689453 0.0332031 0.0234375
0 0.54541 0.463867 0.0283203 0.0449219
0 0.561523 0.607422 0.0175781 0.0390625
0 0.459961 0.319336 0.0332031 0.0390625
0 0.464844 0.426758 0.0195312 0.0527344
0 0.61377 0.519531 0.0205078 0.0429688
0 0.598633 0.509766 0.0136719 0.0527344
0 0.530762 0.677734 0.0302734 0.0351562
0 0.54834 0.443359 0.0166016 0.0410156
0 0.439453 0.341797 0.0273438 0.0429688
0 0.497559 0.683105 0.0224609 0.0439453
0 0.477051 0.65332 0.0400391 0.0175781
0 0.478516 0.552734 0.0175781 0.046875
0 0.467285 0.669922 0.0361328 0.0195312
0 0.513672 0.731445 0.0234375 0.0488281
0 0.516113 0.535156 0.0283203 0.0390625
0 0.535156 0.340332 0.03125 0.0283203
0 0.532227 0.635742 0.0292969 0.0410156
0 0.518555 0.632812 0.0292969 0.0351562
0 0.490234 0.400879 0.0195312 0.0556641
0 0.490723 0.48877 0.0302734 0.0341797
0 0.464844 0.626953 0.0351562 0.0390625
0 0.484863 0.59082 0.0302734 0.0292969
0 0.517578 0.441895 0.0332031 0.0478516
0 0.459473 0.345703 0.0361328 0.03125
0 0.527832 0.581543 0.0322266 0.0302734
0 0.550781 0.40332 0.0390625 0.0273438
0 0.585938 0.461426 0.0332031 0.0341797
0 0.554688 0.556641 0.0390625 0.0253906
0 0.48584 0.505371 0.0302734 0.0400391
0 0.533691 0.318359 0.0341797 0.0253906
0 0.494141 0.346191 0.03125 0.0419922
0 0.569824 0.323242 0.0361328 0.0292969
0 0.527344 0.395508 0.015625 0.0449219
0 0.458984 0.382324 0.0332031 0.0439453
0 0.411133 0.374512 0.03125 0.0283203
