0 0.194336 0.155273 0.0625 0.0429688
0 0.230469 0.81543 0.0859375 0.0878906
0 0.537109 0.914551 0.0625 0.15332
0 0.437012 0.62207 0.0498047 0.216797
0 0.22998 0.864746 0.0888672 0.176758
0 0.42627 0.460449 0.0576172 0.12793
0 0.185547 0.414551 0.0488281 0.145508
0 0.383789 0.365723 0.0371094 0.145508
0 0.38916 0.849609 0.0517578 0.175781
0 0.441406 0.401367 0.0625 0.150391
0 0.55957 0.410156 0.0878906 0.0859375
0 0.230469 0.0444336 0.046875 0.0869141
0 0.592773 0.36084 0.0839844 0.147461
0 0.356934 0.431641 0.0478516 0.134766
