0 0.00683594 0.606445 0.0136719 0.0605469
0 0.416016 0.414062 0.0351562 0.0390625
0 0.428711 0.431641 0.0273438 0.046875
0 0.461426 0.709961 0.0224609 0.0683594
0 0.424805 0.541016 0.0507812 0.0546875
0 0.483398 0.701172 0.0292969 0.0664062
0 0.470703 0.755859 0.0429688 0.0507812
0 0.537109 0.916016 0.0351562 0.105469
0 0.62793 0.652344 0.0410156 0.115234
0 0.213867 0.466797 0.0527344 0.03125
0 0.388672 0.47168 0.0234375 0.0703125
0 0.456055 0.616211 0.0449219 0.0449219
0 0.572754 0.779297 0.0615234 0.0273438
0 0.396484 0.716797 0.0585938 0.0292969
0 0.51123 0.852539 0.0517578 0.0488281
