0 0.381348 0.304688 0.0791016 0.0625
0 0.382812 0.566406 0.0273438 0.0878906
0 0.223633 0.499512 0.0683594 0.0888672
0 0.765625 0.0390625 0.107422 0.078125
0 0.574219 0.174805 0.107422 0.126953
0 0.695312 0.133301 0.103516 0.0869141
0 0.306152 0.360352 0.0478516 0.123047
0 0.785645 0.48584 0.0966797 0.0830078
0 0.453613 0.566895 0.0498047 0.124023
0 0.256836 0.742188 0.0878906 0.134766
0 0.870605 0.341309 0.0888672 0.15918
0 0.489746 0.712402 0.0693359 0.0966797
0 0.189453 0.42627 0.0390625 0.120117
0 0.868652 0.151367 0.0615234 0.216797
0 0.790527 0.946777 0.110352 0.106445
0 0.8125 0.558105 0.0683594 0.145508
0 0.266602 0.971191 0.0820312 0.0576172
0 0.53125 0.813477 0.0859375 0.132812
0 0.965332 0.726074 0.0634766 0.131836
0 0.660645 0.460938 0.0556641 0.169922
0 0.230469 0.598145 0.0761719 0.0732422
0 0.935547 0.150879 0.0605469 0.170898
