0 0.806641 0.591309 0.0371094 0.0361328
0 0.519043 0.436523 0.0283203 0.0605469
0 0.65918 0.410645 0.0429688 0.0380859
0 0.673828 0.435547 0.0292969 0.0605469
0 0.218262 0.385742 0.0322266 0.0566406
0 0.364746 0.337891 0.0478516 0.0292969
0 0.507324 0.768066 0.0380859 0.0458984
0 0.532715 0.540527 0.0439453 0.0400391
0 0.57373 0.383789 0.0419922 0.0507812
0 0.30127 0.820312 0.0419922 0.0449219
0 0.51709 0.525391 0.0478516 0.0449219
0 0.430176 0.606445 0.0517578 0.0449219
0 0.374023 0.393555 0.046875 0.0410156
0 0.533691 0.20752 0.0517578 0.0419922
0 0.708984 0.76709 0.0488281 0.0615234
0 0.44043 0.217773 0.0527344 0.0390625
0 0.429688 0.249512 0.046875 0.0517578
0 0.521484 0.38916 0.0371094 0.0576172
0 0.595703 0.84668 0.0332031 0.0429688
0 0.418945 0.46582 0.0507812 0.0410156
0 0.51709 0.904297 0.0283203 0.0664062
0 0.686523 0.560059 0.0429688 0.0576172
0 0.35791 0.318359 0.0517578 0.0429688
0 0.492188 0.58252 0.0410156 0.0498047
0 0.545898 0.29248 0.0390625 0.0556641
0 0.394531 0.601074 0.0410156 0.0439453
0 0.592773 0.89209 0.0390625 0.0615234
0 0.223633 0.258301 0.0527344 0.0517578
0 0.299316 0.605469 0.0400391 0.0429688
0 0.385254 0.711426 0.0478516 0.0419922
0 0.261719 0.736328 0.0273438 0.0605469
0 0.232422 0.679688 0.0449219 0.0429688
0 0.424316 0.737305 0.0361328 0.0507812
0 0.671387 0.79541 0.0576172 0.0419922
0 0.776855 0.588867 0.0498047 0.0605469
0 0.495605 0.449219 0.0419922 0.0507812
0 0.579102 0.262695 0.046875 0.0546875
0 0.270996 0.560547 0.0400391 0.0507812
0 0.651855 0.704102 0.0322266 0.0625
0 0.524902 0.76709 0.0302734 0.0517578
0 0.671387 0.393066 0.0380859 0.0458984
0 0.55957 0.759766 0.0332031 0.0664062
0 0.641113 0.630859 0.0263672 0.0585938
0 0.231445 0.701172 0.0449219 0.0332031
0 0.759766 0.274902 0.0410156 0.0595703
0 0.275879 0.793945 0.0283203 0.0585938
0 0.513184 0.796387 0.0380859 0.0478516
0 0.732422 0.399902 0.0351562 0.0537109
0 0.56543 0.831543 0.0410156 0.0537109
0 0.316895 0.567383 0.0419922 0.0449219
