0 0.331543 0.492676 0.0166016 0.0126953
0 0.337891 0.474121 0.0136719 0.0146484
0 0.470703 0.481934 0.00976562 0.0185547
0 0.564453 0.422852 0.015625 0.0117188
0 0.333984 0.669434 0.0195312 0.0224609
0 0.315918 0.402344 0.0166016 0.0117188
0 0.496094 0.471191 0.0078125 0.0224609
0 0.491211 0.540039 0.0136719 0.0136719
0 0.470215 0.661133 0.0146484 0.015625
0 0.302246 0.56543 0.00878906 0.0214844
0 0.32373 0.479492 0.0107422 0.0214844
0 0.338867 0.487793 0.0175781 0.0146484
0 0.440918 0.562988 0.00878906 0.0166016
0 0.393555 0.519531 0.0175781 0.00976562
0 0.514648 0.599609 0.0117188 0.0117188
0 0.510742 0.458008 0.00976562 0.0214844
0 0.486328 0.418945 0.015625 0.0117188
0 0.479004 0.665039 0.0146484 0.0175781
0 0.466309 0.482422 0.00878906 0.0195312
0 0.359375 0.644043 0.0195312 0.0107422
0 0.455078 0.641602 0.015625 0.00976562
0 0.363281 0.567383 0.0117188 0.0214844
0 0.465332 0.55127 0.0107422 0.0185547
0 0.282227 0.536133 0.0117188 0.0214844
0 0.343262 0.416504 0.0146484 0.0126953
0 0.495605 0.447266 0.00878906 0.0214844
0 0.505859 0.417969 0.015625 0.015625
0 0.391602 0.716797 0.015625 0.0136719
0 0.503906 0.648926 0.0136719 0.0224609
0 0.550781 0.573242 0.015625 0.00976562
0 0.496582 0.614258 0.00878906 0.0214844
0 0.443359 0.712402 0.0175781 0.0146484
0 0.371582 0.519531 0.0166016 0.0117188
0 0.523926 0.632324 0.0107422 0.0205078
0 0.28418 0.547852 0.0117188 0.0175781
0 0.481445 0.632812 0.0136719 0.0136719
0 0.467773 0.432129 0.00976562 0.0205078
0 0.293457 0.510254 0.0126953 0.0166016
0 0.509277 0.404297 0.0126953 0.0136719
0 0.547852 0.439453 0.0175781 0.0117188
0 0.463867 0.582031 0.00976562 0.0234375
0 0.484375 0.402832 0.0117188 0.0205078
0 0.449707 0.560547 0.00878906 0.0214844
0 0.472168 0.430176 0.0107422 0.0205078
0 0.285156 0.519531 0.0175781 0.0195312
0 0.496094 0.574219 0.015625 0.015625
0 0.35498 0.665527 0.00878906 0.0263672
0 0.42627 0.638184 0.0107422 0.0224609
0 0.535156 0.451172 0.015625 0.0117188
0 0.519043 0.633789 0.0107422 0.0214844
0 0.375488 0.404297 0.0126953 0.0195312
0 0.545898 0.431641 0.0175781 0.0117188
0 0.533203 0.475586 0.015625 0.015625
0 0.438477 0.674805 0.00976562 0.0253906
0 0.377441 0.676758 0.00878906 0.0253906
0 0.334961 0.572266 0.0136719 0.015625
0 0.344238 0.675293 0.0126953 0.0205078
0 0.379395 0.490234 0.00878906 0.0234375
0 0.365723 0.408203 0.0107422 0.015625
0 0.523438 0.481934 0.0117188 0.0146484
0 0.618164 0.549805 0.0175781 0.00976562
0 0.522461 0.651367 0.00976562 0.0214844
0 0.322266 0.57959 0.015625 0.0126953
0 0.473633 0.566406 0.0175781 0.015625
0 0.457031 0.53418 0.0136719 0.0136719
0 0.338379 0.383301 0.0146484 0.0166016
0 0.274414 0.5625 0.015625 0.015625
0 0.314453 0.514648 0.0175781 0.0136719
0 0.298828 0.481934 0.0136719 0.0263672
0 0.466309 0.666016 0.0107422 0.015625
0 0.467285 0.448242 0.0126953 0.0175781
0 0.474609 0.410156 0.0078125 0.0234375
0 0.337402 0.557129 0.0166016 0.0126953
0 0.333008 0.521973 0.0175781 0.0126953
0 0.34668 0.493652 0.0136719 0.0205078
0 0.505859 0.439453 0.0117188 0.0195312
0 0.339844 0.550781 0.015625 0.0136719
0 0.518066 0.612793 0.0185547 0.0146484
0 0.376465 0.358887 0.0166016 0.0146484
0 0.290039 0.521484 0.0117188 0.0195312
0 0.482422 0.483887 0.015625 0.0126953
0 0.422852 0.699219 0.0175781 0.0136719
0 0.472168 0.580078 0.0126953 0.0195312
0 0.402832 0.6875 0.0146484 0.0117188
0 0.507324 0.676758 0.00878906 0.0253906
0 0.302246 0.463379 0.0107422 0.0244141
0 0.522461 0.446777 0.015625 0.0126953
0 0.44043 0.524902 0.015625 0.0126953
0 0.371582 0.543457 0.0146484 0.0205078
0 0.477539 0.535645 0.0175781 0.0166016
0 0.514648 0.673828 0.00976562 0.0234375
0 0.308594 0.491211 0.0117188 0.0175781
0 0.358887 0.572266 0.0126953 0.0214844
0 0.494141 0.628906 0.015625 0.00976562
0 0.473633 0.497559 0.00976562 0.0185547
0 0.514648 0.707031 0.0136719 0.0117188
0 0.495117 0.431152 0.0136719 0.0126953
0 0.481934 0.505371 0.0107422 0.0244141
0 0.49707 0.399902 0.0078125 0.0224609
0 0.387695 0.708496 0.0175781 0.0126953
0 0.460938 0.480469 0.0078125 0.0195312
0 0.447754 0.535156 0.0126953 0.015625
0 0.304688 0.537109 0.0078125 0.0234375
0 0.355469 0.543945 0.0117188 0.0175781
0 0.439941 0.698242 0.0126953 0.0195312
0 0.479492 0.471191 0.0175781 0.0126953
0 0.32373 0.397949 0.0126953 0.0166016
0 0.355957 0.378906 0.0126953 0.0175781
0 0.357422 0.39502 0.0175781 0.0126953
0 0.508789 0.644531 0.0117188 0.0195312
0 0.451172 0.459961 0.0078125 0.0253906
0 0.475098 0.641113 0.0146484 0.0126953
0 0.467285 0.463379 0.0185547 0.0126953
0 0.567383 0.601562 0.0117188 0.0214844
0 0.341797 0.533691 0.0195312 0.0126953
0 0.496094 0.649414 0.0078125 0.0253906
0 0.55127 0.421875 0.0185547 0.0117188
0 0.496094 0.566406 0.015625 0.015625
0 0.435059 0.640625 0.0126953 0.0195312
0 0.40625 0.674805 0.0117188 0.0175781
0 0.568359 0.457031 0.015625 0.0195312
0 0.329102 0.541016 0.00976562 0.0234375
0 0.394531 0.676758 0.0117188 0.0175781
0 0.333984 0.399902 0.0078125 0.0224609
0 0.282715 0.494141 0.0185547 0.0195312
0 0.447754 0.650391 0.0205078 0.0117188
0 0.383301 0.436523 0.0107422 0.0175781
0 0.474121 0.597656 0.0107422 0.0195312
0 0.294434 0.543945 0.0126953 0.0195312
0 0.53418 0.462891 0.0175781 0.00976562
0 0.270508 0.50293 0.00976562 0.0253906
0 0.322754 0.695312 0.0107422 0.0195312
0 0.508789 0.582031 0.00976562 0.0234375
0 0.354004 0.594727 0.0185547 0.0175781
0 0.365234 0.422852 0.0136719 0.0175781
0 0.430176 0.663086 0.0107422 0.0253906
0 0.561523 0.439941 0.00976562 0.0185547
0 0.365723 0.661133 0.0146484 0.0175781
0 0.510742 0.420898 0.0136719 0.015625
0 0.361816 0.733398 0.0224609 0.0136719
0 0.463379 0.677734 0.00683594 0.0195312
0 0.388672 0.648926 0.0136719 0.0244141
0 0.380859 0.695312 0.015625 0.015625
0 0.477539 0.618164 0.0175781 0.0136719
0 0.386719 0.53418 0.00976562 0.0234375
0 0.816406 0.561523 0.0195312 0.0136719
0 0.365234 0.475586 0.0195312 0.0136719
0 0.549316 0.473145 0.0146484 0.0146484
0 0.313965 0.570312 0.0146484 0.015625
0 0.291992 0.464844 0.00976562 0.0273438
0 0.503906 0.39209 0.0136719 0.0166016
0 0.407715 0.660156 0.0166016 0.015625
0 0.516602 0.731445 0.0136719 0.0136719
0 0.496094 0.588867 0.015625 0.015625
0 0.410156 0.644531 0.0195312 0.015625
0 0.416992 0.538086 0.0136719 0.0136719
0 0.270508 0.527344 0.0078125 0.0234375
0 0.423828 0.548828 0.0117188 0.0175781
0 0.397949 0.698242 0.0146484 0.0136719
0 0.413086 0.520508 0.0175781 0.0175781
0 0.373047 0.724609 0.0175781 0.0117188
0 0.457031 0.514648 0.0136719 0.0195312
0 0.583008 0.466797 0.00976562 0.0234375
0 0.279785 0.516602 0.0107422 0.0253906
0 0.478516 0.834961 0.0195312 0.0175781
0 0.619629 0.570312 0.0185547 0.0175781
0 0.361328 0.359375 0.0136719 0.0195312
0 0.569336 0.733398 0.0175781 0.0175781
0 0.430664 0.53418 0.015625 0.0175781
0 0.464844 0.699219 0.015625 0.0195312
0 0.513672 0.695801 0.015625 0.0166016
0 0.548828 0.774902 0.0078125 0.0263672
0 0.318359 0.532715 0.0136719 0.0224609
0 0.510742 0.719238 0.0175781 0.0146484
0 0.506836 0.740234 0.0175781 0.015625
0 0.51416 0.379883 0.0166016 0.0136719
0 0.374512 0.30957 0.0205078 0.0136719
0 0.375 0.333496 0.00976562 0.0205078
0 0.483887 0.720703 0.0166016 0.0195312
