1 0.539062 0.859375 0.0996094 0.0703125
0 0.615234 0.582031 0.0566406 0.142578
1 0.661621 0.711426 0.104492 0.0810547
0 0.558594 0.294434 0.0488281 0.131836
1 0.519531 0.263184 0.0527344 0.104492
0 0.42041 0.256348 0.0791016 0.110352
1 0.50293 0.472168 0.0722656 0.139648
0 0.665039 0.503418 0.0898438 0.0830078
0 0.540527 0.78418 0.0966797 0.109375
0 0.551758 0.152832 0.101562 0.0927734
0 0.480469 0.203613 0.0527344 0.131836
0 0.708496 0.482422 0.102539 0.0820312
1 0.395508 0.473633 0.0800781 0.09375
0 0.465332 0.742188 0.0595703 0.0371094
0 0.668457 0.0517578 0.0615234 0.101562
1 0.462891 0.142578 0.0644531 0.117188
1 0.55957 0.536621 0.0625 0.120117
1 0.416016 0.578125 0.0371094 0.113281
0 0.518555 0.262695 0.0507812 0.101562
0 0.614746 0.0595703 0.0576172 0.0488281
1 0.70752 0.481934 0.106445 0.0830078
1 0.55127 0.152832 0.102539 0.0947266
1 0.518066 0.624023 0.0732422 0.0859375
1 0.645508 0.430664 0.0898438 0.0546875
1 0.560547 0.470215 0.0859375 0.0947266
1 0.495605 0.558594 0.0361328 0.119141
0 0.414551 0.578613 0.0361328 0.108398
1 0.665039 0.501953 0.0898438 0.0839844
0 0.462891 0.142578 0.0644531 0.119141
0 0.645996 0.431152 0.0908203 0.0537109
1 0.567871 0.407715 0.0595703 0.0888672
1 0.616211 0.58252 0.0605469 0.145508
1 0.559082 0.294922 0.0498047 0.126953
1 0.480469 0.201172 0.0546875 0.132812
0 0.539551 0.859375 0.0966797 0.0703125
1 0.632324 0.350586 0.0830078 0.103516
1 0.46875 0.789062 0.0839844 0.078125
0 0.493652 0.678223 0.0693359 0.100586
1 0.433594 0.448242 0.0761719 0.0566406
0 0.430664 0.352051 0.0507812 0.102539
1 0.419434 0.256836 0.0771484 0.111328
0 0.541504 0.09375 0.0947266 0.0800781
1 0.566895 0.666016 0.0888672 0.138672
1 0.496582 0.37207 0.0615234 0.113281
1 0.671875 0.335938 0.0917969 0.0957031
0 0.527344 0.0463867 0.0605469 0.0810547
1 0.638672 0.26416 0.113281 0.0810547
1 0.457031 0.368652 0.0390625 0.124023
1 0.586914 0.450684 0.0703125 0.104492
0 0.477539 0.852539 0.0332031 0.109375
1 0.652344 0.645508 0.0761719 0.117188
1 0.540527 0.783691 0.0986328 0.110352
0 0.659668 0.206543 0.0947266 0.0595703
1 0.608398 0.369141 0.0566406 0.107422
0 0.388672 0.543945 0.0449219 0.128906
0 0.662598 0.712891 0.102539 0.0800781
1 0.745605 0.31543 0.0615234 0.134766
0 0.371582 0.438965 0.0830078 0.0869141
