0 0.48291 0.462891 0.0283203 0.0234375
0 0.53418 0.439941 0.0351562 0.0224609
0 0.480469 0.433105 0.015625 0.0361328
0 0.462891 0.606934 0.015625 0.0380859
0 0.560547 0.399414 0.0351562 0.0273438
0 0.442871 0.510742 0.0341797 0.0410156
0 0.620117 0.404297 0.0234375 0.0175781
0 0.480469 0.470215 0.0273438 0.0224609
0 0.470703 0.585938 0.0214844 0.0273438
0 0.654785 0.557617 0.0126953 0.0410156
0 0.470703 0.37793 0.0234375 0.0273438
0 0.451172 0.50293 0.0351562 0.0273438
0 0.401855 0.425781 0.0283203 0.0175781
0 0.531738 0.432617 0.0322266 0.0117188
0 0.473633 0.690918 0.0175781 0.0322266
0 0.444336 0.455566 0.0214844 0.0146484
0 0.417969 0.618652 0.0175781 0.0341797
0 0.494629 0.49707 0.0361328 0.0253906
0 0.592285 0.557617 0.0302734 0.015625
0 0.413086 0.462891 0.03125 0.0292969
0 0.596191 0.415527 0.0205078 0.0302734
0 0.429199 0.538086 0.0322266 0.015625
0 0.507324 0.646484 0.0302734 0.0214844
0 0.456055 0.420898 0.015625 0.0449219
0 0.490723 0.63916 0.0107422 0.0400391
0 0.485352 0.456543 0.0332031 0.0126953
0 0.467285 0.663574 0.0126953 0.0419922
0 0.512695 0.473633 0.0292969 0.0449219
0 0.472656 0.617676 0.0292969 0.0458984
0 0.500977 0.531738 0.0371094 0.0302734
0 0.53125 0.518555 0.0273438 0.0410156
0 0.492188 0.48291 0.0273438 0.0302734
0 0.489258 0.424316 0.03125 0.0419922
0 0.489258 0.400879 0.03125 0.0146484
0 0.402344 0.438477 0.0292969 0.0214844
0 0.466797 0.441406 0.0234375 0.0449219
0 0.457031 0.671387 0.0175781 0.0458984
0 0.441895 0.587402 0.0166016 0.0419922
0 0.46582 0.388672 0.0214844 0.0390625
0 0.575195 0.489746 0.0253906 0.0322266
0 0.476562 0.654297 0.015625 0.0429688
0 0.397461 0.565918 0.0273438 0.0341797
0 0.500977 0.441406 0.0351562 0.015625
0 0.57666 0.527832 0.0322266 0.0146484
0 0.665039 0.580566 0.0292969 0.0244141
0 0.461426 0.71875 0.0185547 0.0332031
0 0.38623 0.572266 0.0244141 0.0429688
0 0.450684 0.68457 0.0224609 0.0390625
0 0.413086 0.592285 0.0332031 0.0283203
0 0.424805 0.437988 0.0292969 0.0166016
0 0.531738 0.647949 0.0302734 0.0166016
0 0.45166 0.623535 0.0205078 0.0439453
0 0.551758 0.524414 0.0429688 0.0371094
0 0.442383 0.412109 0.0292969 0.0273438
0 0.41748 0.478027 0.0341797 0.0341797
0 0.536621 0.475098 0.0224609 0.0322266
0 0.410645 0.564453 0.0283203 0.0371094
0 0.443848 0.70459 0.0283203 0.0498047
0 0.408203 0.623535 0.0234375 0.0458984
0 0.579102 0.542969 0.0429688 0.0175781
0 0.42627 0.557129 0.0302734 0.0341797
0 0.53125 0.754395 0.03125 0.0244141
0 0.563965 0.428223 0.0341797 0.0185547
0 0.530762 0.42041 0.0419922 0.0205078
0 0.607422 0.544922 0.0214844 0.0351562
0 0.521973 0.622559 0.0185547 0.0400391
0 0.518555 0.40332 0.0332031 0.0234375
0 0.524414 0.725098 0.0292969 0.0517578
0 0.626953 0.55957 0.0371094 0.0195312
0 0.478516 0.745117 0.0292969 0.0429688
0 0.560059 0.451172 0.0283203 0.03125
0 0.483887 0.581543 0.0302734 0.0361328
0 0.458008 0.476562 0.03125 0.0351562
0 0.44043 0.631348 0.0175781 0.0439453
0 0.375977 0.445801 0.0332031 0.0263672
0 0.45752 0.555176 0.0361328 0.0224609
0 0.544434 0.460938 0.0322266 0.0175781
0 0.557617 0.679199 0.0195312 0.0439453
0 0.444824 0.393555 0.0302734 0.0253906
0 0.387695 0.469238 0.0253906 0.0439453
0 0.686523 0.561035 0.0195312 0.0400391
0 0.51709 0.579102 0.0361328 0.0292969
0 0.482422 0.717773 0.0214844 0.0351562
0 0.415527 0.292969 0.0166016 0.0488281
0 0.425781 0.721191 0.0292969 0.0498047
0 0.573242 0.672363 0.0351562 0.0283203
0 0.405273 0.410645 0.0390625 0.0166016
0 0.533203 0.684082 0.0351562 0.0263672
0 0.378418 0.585938 0.0263672 0.0371094
0 0.488281 0.682617 0.0175781 0.0390625
0 0.602539 0.606934 0.0332031 0.0283203
0 0.551758 0.773926 0.0371094 0.0283203
0 0.480957 0.553223 0.0263672 0.0458984
0 0.384277 0.529785 0.0185547 0.0419922
0 0.503418 0.617676 0.0283203 0.0380859
0 0.585938 0.443359 0.0253906 0.0351562
0 0.507324 0.722168 0.0302734 0.0322266
0 0.565918 0.740234 0.0244141 0.0449219
0 0.508789 0.761719 0.03125 0.0351562
