0 0.412109 0.729004 0.0292969 0.0458984
0 0.387207 0.49707 0.0244141 0.0957031
0 0.336426 0.919922 0.0400391 0.0839844
0 0.465332 0.503906 0.0244141 0.0371094
0 0.450195 0.691895 0.0585938 0.0478516
0 0.753418 0.534668 0.0205078 0.0693359
0 0.533203 0.610352 0.03125 0.0742188
0 0.270996 0.605469 0.0712891 0.0605469
0 0.604492 0.478027 0.0742188 0.0673828
0 0.403809 0.680176 0.0478516 0.0634766
0 0.33252 0.623535 0.0634766 0.0576172
0 0.540039 0.554688 0.0195312 0.0761719
0 0.45752 0.660645 0.0712891 0.0439453
0 0.29541 0.980957 0.0244141 0.0380859
0 0.328613 0.846191 0.0244141 0.0751953
0 0.395508 0.336914 0.046875 0.0742188
0 0.573242 0.42041 0.03125 0.0849609
0 0.507812 0.609863 0.0410156 0.0615234
0 0.42334 0.619141 0.0576172 0.0371094
0 0.558594 0.553711 0.0292969 0.078125
0 0.470703 0.578125 0.0410156 0.0507812
0 0.438965 0.55957 0.0537109 0.0371094
0 0.54834 0.85498 0.0595703 0.0341797
0 0.47998 0.173828 0.0576172 0.0351562
0 0.401855 0.219727 0.0419922 0.0605469
0 0.738281 0.453125 0.0605469 0.0371094
0 0.542969 0.637695 0.0410156 0.0625
0 0.57959 0.547852 0.0244141 0.0761719
0 0.483398 0.455566 0.0273438 0.0849609
0 0.58252 0.597656 0.0615234 0.0292969
0 0.452637 0.480469 0.0341797 0.0722656
0 0.544922 0.303711 0.0625 0.0429688
0 0.564941 0.500488 0.0556641 0.0380859
0 0.567383 0.676758 0.0585938 0.0351562
0 0.606445 0.104492 0.0253906 0.0859375
0 0.456543 0.378418 0.0224609 0.0771484
0 0.494141 0.395996 0.0546875 0.0419922
0 0.443359 0.45166 0.03125 0.0771484
0 0.714355 0.48877 0.0361328 0.0712891
0 0.606445 0.647949 0.0273438 0.0849609
