0 0.375 0.518066 0.0273438 0.0400391
0 0.289551 0.540527 0.0517578 0.0263672
0 0.598633 0.790039 0.0566406 0.03125
0 0.687988 0.824219 0.0615234 0.0234375
0 0.490234 0.55957 0.0351562 0.0566406
0 0.826172 0.720215 0.0625 0.0361328
0 0.652832 0.760742 0.0322266 0.0390625
0 0.594238 0.777344 0.0498047 0.0292969
0 0.334473 0.805664 0.0361328 0.0429688
0 0.60498 0.563477 0.0556641 0.0332031
0 0.390625 0.475098 0.0351562 0.0439453
0 0.397461 0.609375 0.0527344 0.0273438
0 0.48291 0.770996 0.0576172 0.0341797
0 0.439453 0.647949 0.0507812 0.0380859
0 0.160645 0.943359 0.0517578 0.0351562
0 0.20166 0.732422 0.0673828 0.0371094
0 0.416016 0.716309 0.0390625 0.0458984
0 0.57373 0.57959 0.0576172 0.0263672
0 0.422852 0.745605 0.0664062 0.0283203
0 0.21582 0.482422 0.0605469 0.0429688
0 0.487793 0.523926 0.0595703 0.0302734
0 0.928711 0.672363 0.0625 0.0283203
0 0.256836 0.746094 0.0371094 0.046875
0 0.500977 0.745117 0.0390625 0.0390625
0 0.504395 0.63916 0.0341797 0.0439453
0 0.73291 0.742676 0.0556641 0.0244141
0 0.806152 0.73877 0.0361328 0.0419922
0 0.692383 0.486328 0.0390625 0.0410156
0 0.516602 0.59082 0.03125 0.0390625
0 0.366211 0.638672 0.0527344 0.03125
0 0.462891 0.46582 0.046875 0.0429688
0 0.483887 0.711914 0.0439453 0.0351562
0 0.713379 0.399414 0.0732422 0.03125
0 0.473633 0.683594 0.0449219 0.0332031
0 0.755859 0.795898 0.0527344 0.0390625
