0 0.478516 0.744141 0.0195312 0.0234375
0 0.32373 0.666504 0.0185547 0.0185547
0 0.529785 0.466797 0.0126953 0.0273438
0 0.441406 0.598633 0.015625 0.0292969
0 0.368652 0.490723 0.0126953 0.0302734
0 0.398438 0.458984 0.0175781 0.0195312
0 0.466797 0.753906 0.0136719 0.03125
0 0.39209 0.480469 0.0146484 0.0234375
0 0.535645 0.746582 0.0166016 0.0205078
0 0.543457 0.728516 0.0107422 0.0332031
0 0.486328 0.387695 0.0117188 0.0332031
0 0.533203 0.404785 0.015625 0.0224609
0 0.557617 0.503418 0.0175781 0.0205078
0 0.326172 0.498047 0.015625 0.03125
0 0.30127 0.724121 0.0185547 0.0205078
0 0.291992 0.661133 0.0175781 0.0214844
0 0.415039 0.5625 0.0175781 0.015625
0 0.386719 0.472168 0.015625 0.0283203
0 0.36084 0.481445 0.0126953 0.0292969
0 0.532227 0.754395 0.0136719 0.0302734
0 0.30127 0.629883 0.0107422 0.0332031
0 0.564453 0.547852 0.0117188 0.0273438
0 0.535645 0.466309 0.0166016 0.0244141
0 0.342773 0.530273 0.0136719 0.0292969
0 0.455078 0.72998 0.0195312 0.0244141
0 0.514648 0.726562 0.0117188 0.03125
0 0.527344 0.724609 0.0195312 0.0234375
0 0.316406 0.651855 0.0136719 0.0283203
0 0.567383 0.561035 0.0175781 0.0361328
0 0.394043 0.41748 0.0166016 0.0283203
0 0.393066 0.493652 0.0126953 0.0283203
0 0.308594 0.671387 0.0175781 0.0185547
0 0.558105 0.481934 0.0166016 0.0224609
0 0.518555 0.523438 0.0175781 0.0214844
0 0.520508 0.606445 0.0117188 0.0332031
0 0.578613 0.481445 0.0126953 0.0253906
0 0.399414 0.537109 0.0117188 0.03125
0 0.597656 0.539062 0.0136719 0.0390625
0 0.477539 0.8125 0.0175781 0.0234375
0 0.418457 0.449707 0.0185547 0.0185547
0 0.558594 0.669434 0.0117188 0.0361328
0 0.306641 0.614258 0.00976562 0.0332031
0 0.54248 0.772461 0.0107422 0.0332031
0 0.466797 0.708984 0.015625 0.0273438
0 0.544922 0.612305 0.015625 0.0292969
0 0.354492 0.481445 0.0195312 0.0253906
0 0.285156 0.684082 0.0117188 0.0341797
0 0.526367 0.611328 0.0136719 0.03125
0 0.56543 0.78125 0.0214844 0.015625
0 0.310547 0.637207 0.0117188 0.0400391
0 0.517578 0.474609 0.0117188 0.0371094
0 0.291992 0.696289 0.00976562 0.0332031
0 0.308594 0.741211 0.0195312 0.0195312
0 0.515625 0.549805 0.0117188 0.0371094
0 0.532715 0.727539 0.0126953 0.0292969
0 0.453613 0.708008 0.0185547 0.0253906
0 0.461426 0.769043 0.0166016 0.0322266
0 0.538086 0.567383 0.0136719 0.0332031
0 0.431641 0.449219 0.0175781 0.0214844
0 0.344727 0.603516 0.0136719 0.0351562
0 0.293457 0.761719 0.0166016 0.0351562
0 0.52002 0.773438 0.0166016 0.0253906
0 0.554199 0.541992 0.0126953 0.0292969
0 0.526367 0.585938 0.0136719 0.03125
0 0.520508 0.761719 0.0175781 0.0195312
0 0.493164 0.523438 0.0175781 0.0234375
0 0.390625 0.777344 0.0136719 0.0351562
0 0.574219 0.473145 0.0117188 0.0322266
0 0.541016 0.669922 0.0136719 0.03125
0 0.519531 0.369629 0.0214844 0.0244141
0 0.524414 0.630859 0.0214844 0.0195312
0 0.318359 0.728516 0.015625 0.0234375
0 0.53418 0.610352 0.0117188 0.0332031
0 0.446289 0.428223 0.0175781 0.0263672
0 0.398926 0.780273 0.0126953 0.0371094
0 0.506836 0.754883 0.00976562 0.0292969
0 0.341797 0.623047 0.0195312 0.0234375
0 0.519043 0.705078 0.0166016 0.0234375
0 0.479492 0.395996 0.0136719 0.0341797
0 0.529297 0.693359 0.0195312 0.0175781
0 0.472168 0.749023 0.0146484 0.0292969
0 0.339355 0.601074 0.0166016 0.0361328
0 0.547852 0.770508 0.0136719 0.03125
0 0.326172 0.80957 0.0175781 0.0292969
0 0.540039 0.312012 0.0253906 0.0224609
0 0.5625 0.56543 0.0117188 0.0332031
0 0.484863 0.45166 0.0166016 0.0244141
0 0.314453 0.550293 0.0234375 0.0224609
0 0.390625 0.452148 0.0195312 0.0234375
0 0.526367 0.519531 0.0214844 0.0195312
0 0.549805 0.558594 0.0136719 0.0351562
0 0.307129 0.567383 0.0146484 0.0371094
0 0.567871 0.487305 0.0107422 0.0371094
0 0.535156 0.537109 0.015625 0.0273438
0 0.56543 0.764648 0.015625 0.0351562
0 0.520996 0.641602 0.0185547 0.0175781
0 0.52002 0.582031 0.0107422 0.0351562
0 0.393066 0.543945 0.0185547 0.0292969
0 0.475098 0.544922 0.0224609 0.0195312
0 0.361328 0.497559 0.015625 0.0283203
0 0.291016 0.735352 0.015625 0.0253906
0 0.305176 0.730469 0.0205078 0.0234375
0 0.470703 0.512695 0.0195312 0.0214844
0 0.554688 0.683105 0.0117188 0.0322266
0 0.4375 0.458496 0.0195312 0.0185547
0 0.368164 0.811523 0.0136719 0.0371094
0 0.527344 0.678711 0.015625 0.0253906
0 0.451172 0.76416 0.0175781 0.0263672
0 0.456543 0.392578 0.0146484 0.0390625
0 0.391113 0.40918 0.0126953 0.0351562
0 0.355469 0.594727 0.0136719 0.0371094
0 0.282227 0.713867 0.0136719 0.0332031
0 0.481934 0.527344 0.0126953 0.0351562
0 0.40918 0.507324 0.015625 0.0283203
0 0.399414 0.290039 0.0195312 0.0371094
0 0.32666 0.657715 0.0166016 0.0302734
0 0.422852 0.483398 0.0195312 0.0234375
0 0.566406 0.681641 0.0117188 0.0390625
0 0.323242 0.513672 0.0136719 0.0390625
0 0.300293 0.603027 0.0126953 0.0341797
0 0.408203 0.55127 0.0117188 0.0322266
0 0.376465 0.288574 0.0166016 0.0400391
0 0.469238 0.415527 0.0126953 0.0419922
0 0.480957 0.731445 0.0205078 0.0175781
0 0.586426 0.467285 0.0146484 0.0380859
0 0.465332 0.500977 0.0166016 0.0175781
0 0.55127 0.45752 0.0185547 0.0224609
0 0.440918 0.746582 0.0126953 0.0361328
0 0.399902 0.47168 0.0166016 0.0175781
0 0.548828 0.473145 0.0195312 0.0185547
0 0.509277 0.612793 0.0224609 0.0185547
0 0.551758 0.606445 0.0136719 0.0332031
0 0.312988 0.797852 0.0166016 0.0273438
0 0.544922 0.498047 0.0117188 0.03125
0 0.483398 0.691895 0.0195312 0.0302734
0 0.53418 0.483887 0.015625 0.0322266
0 0.550293 0.729492 0.0126953 0.0332031
0 0.461426 0.53418 0.0224609 0.0195312
0 0.474609 0.797852 0.0234375 0.0214844
0 0.314453 0.779785 0.0195312 0.0185547
0 0.378906 0.495117 0.0175781 0.0273438
0 0.412109 0.77002 0.0175781 0.0224609
0 0.305664 0.700195 0.0195312 0.0214844
0 0.334473 0.641602 0.0185547 0.0253906
0 0.333496 0.681641 0.0205078 0.0175781
0 0.573242 0.55957 0.0136719 0.0371094
0 0.483887 0.356934 0.0126953 0.0400391
0 0.417969 0.438477 0.0195312 0.0214844
0 0.524414 0.552734 0.0136719 0.0273438
0 0.428711 0.820312 0.0195312 0.0234375
0 0.496582 0.625488 0.0126953 0.0361328
0 0.39502 0.521484 0.0166016 0.0273438
0 0.530273 0.659668 0.0117188 0.0380859
0 0.352539 0.803711 0.0214844 0.0214844
0 0.330078 0.788574 0.0195312 0.0244141
0 0.518555 0.498535 0.0214844 0.0205078
0 0.533203 0.78125 0.015625 0.03125
0 0.277344 0.735352 0.0195312 0.0273438
0 0.455078 0.748047 0.0195312 0.0195312
0 0.534668 0.353027 0.0146484 0.0380859
0 0.578125 0.620117 0.0117188 0.0371094
0 0.542969 0.587891 0.00976562 0.0351562
0 0.374023 0.474609 0.0195312 0.0234375
0 0.573242 0.729004 0.00976562 0.0361328
0 0.511719 0.443848 0.0234375 0.0244141
0 0.491699 0.783203 0.0126953 0.0351562
0 0.29541 0.579102 0.0126953 0.0410156
0 0.270508 0.668945 0.0136719 0.0371094
0 0.338867 0.561523 0.0136719 0.0332031
0 0.527344 0.712402 0.0195312 0.0205078
0 0.437012 0.404297 0.0126953 0.0351562
0 0.432617 0.738281 0.0136719 0.0351562
0 0.426758 0.693359 0.0175781 0.0253906
0 0.602539 0.541016 0.0117188 0.0390625
0 0.564453 0.458984 0.0195312 0.0253906
0 0.45459 0.451172 0.0166016 0.0214844
0 0.387695 0.313477 0.0117188 0.0371094
0 0.518555 0.743652 0.0175781 0.0302734
0 0.407227 0.483398 0.0175781 0.0234375
0 0.50293 0.597168 0.0175781 0.0224609
0 0.339355 0.492188 0.0166016 0.0351562
0 0.424805 0.787109 0.0175781 0.0351562
0 0.362305 0.345703 0.0253906 0.0351562
0 0.440918 0.832031 0.0126953 0.0390625
0 0.617676 0.625977 0.0146484 0.0371094
0 0.37793 0.416992 0.0136719 0.0371094
0 0.460938 0.311523 0.015625 0.0351562
0 0.412598 0.783203 0.0185547 0.0195312
0 0.59082 0.613281 0.0214844 0.0195312
0 0.348633 0.674316 0.0234375 0.0205078
0 0.478516 0.432129 0.0117188 0.0322266
0 0.294434 0.644531 0.0205078 0.0234375
0 0.46582 0.685547 0.0214844 0.0195312
0 0.501465 0.513672 0.0146484 0.03125
0 0.410156 0.526855 0.0234375 0.0205078
0 0.548828 0.520508 0.015625 0.03125
0 0.612793 0.469727 0.0244141 0.0234375
0 0.603516 0.503418 0.0195312 0.0244141
0 0.516602 0.847656 0.0136719 0.0390625
0 0.494629 0.74707 0.0146484 0.0371094
0 0.584961 0.702148 0.0136719 0.0371094
0 0.341797 0.827637 0.015625 0.0341797
0 0.34082 0.515625 0.0214844 0.0195312
0 0.438965 0.516602 0.0185547 0.0253906
0 0.578125 0.498047 0.0195312 0.0253906
0 0.42041 0.464355 0.0205078 0.0244141
0 0.558594 0.429688 0.0195312 0.0234375
0 0.430664 0.533691 0.0175781 0.0244141
0 0.508789 0.628906 0.015625 0.03125
0 0.415527 0.754883 0.0205078 0.0175781
0 0.419922 0.703125 0.015625 0.03125
0 0.496582 0.356934 0.0185547 0.0244141
0 0.495117 0.394043 0.0175781 0.0302734
0 0.568848 0.601562 0.0126953 0.0371094
0 0.450195 0.37207 0.0214844 0.0253906
0 0.430176 0.378418 0.0224609 0.0302734
0 0.52832 0.409668 0.0175781 0.0283203
0 0.419434 0.415527 0.0205078 0.0185547
0 0.562012 0.646484 0.0224609 0.0273438
0 0.357422 0.569824 0.0195312 0.0283203
0 0.513672 0.344727 0.0234375 0.0214844
0 0.37793 0.668945 0.0214844 0.0214844
0 0.503906 0.709961 0.015625 0.0351562
0 0.39209 0.745117 0.0185547 0.0292969
0 0.35791 0.728516 0.0205078 0.0273438
0 0.555664 0.750977 0.0195312 0.0214844
0 0.424316 0.626953 0.0185547 0.0273438
0 0.404297 0.58252 0.015625 0.0341797
0 0.541504 0.817383 0.0205078 0.0273438
0 0.307129 0.767578 0.0146484 0.0332031
0 0.49707 0.666016 0.0136719 0.0371094
0 0.401367 0.814941 0.0214844 0.0224609
0 0.446777 0.590332 0.0205078 0.0302734
0 0.541504 0.442383 0.0146484 0.03125
0 0.57373 0.415527 0.0205078 0.0244141
0 0.589844 0.553711 0.0195312 0.0253906
0 0.493652 0.544922 0.0205078 0.0234375
0 0.62207 0.50293 0.0214844 0.0253906
0 0.58252 0.527344 0.0146484 0.0351562
0 0.558105 0.333496 0.0205078 0.0244141
0 0.545898 0.798828 0.0195312 0.0195312
0 0.59375 0.630371 0.0195312 0.0283203
0 0.36377 0.702637 0.0224609 0.0244141
0 0.38623 0.725098 0.0224609 0.0263672
0 0.44873 0.79248 0.0205078 0.0263672
