0 0.0537109 0.895508 0.0273438 0.0195312
0 0.133301 0.639648 0.0185547 0.0585938
0 0.111816 0.686035 0.0244141 0.0419922
0 0.354004 0.77832 0.0205078 0.0390625
0 0.395508 0.865723 0.0234375 0.0419922
0 0.348633 0.772461 0.0234375 0.0390625
0 0.334473 0.77002 0.0244141 0.0361328
0 0.402344 0.857422 0.0195312 0.0449219
0 0.0927734 0.90625 0.0292969 0.0234375
0 0.314453 0.730469 0.0273438 0.0214844
0 0.137695 0.593262 0.0253906 0.0400391
0 0.48877 0.973633 0.0322266 0.0195312
0 0.45752 0.980469 0.0322266 0.0195312
0 0.5625 0.549316 0.0253906 0.0205078
0 0.51416 0.792969 0.0263672 0.0332031
0 0.0800781 0.940918 0.0234375 0.0498047
0 0.643066 0.536621 0.0224609 0.0400391
0 0.287109 0.715332 0.0351562 0.0361328
0 0.169922 0.514648 0.03125 0.0351562
0 0.312012 0.752441 0.0341797 0.0322266
