0 0.707031 0.396484 0.0527344 0.0332031
0 0.627441 0.496094 0.0595703 0.0351562
0 0.687988 0.385742 0.0537109 0.0273438
0 0.646973 0.523438 0.0322266 0.03125
0 0.523438 0.522461 0.0390625 0.0410156
0 0.366699 0.393555 0.0498047 0.0253906
0 0.589355 0.478516 0.0361328 0.0371094
0 0.392578 0.57373 0.0371094 0.0302734
0 0.869141 0.619141 0.046875 0.0273438
0 0.16748 0.355469 0.0517578 0.0253906
0 0.575195 0.233398 0.03125 0.0410156
0 0.595703 0.663086 0.03125 0.0351562
0 0.521973 0.602051 0.0341797 0.0361328
0 0.422363 0.38623 0.0517578 0.0244141
0 0.832031 0.407715 0.0625 0.0361328
0 0.512695 0.317871 0.03125 0.0400391
0 0.487793 0.581543 0.0400391 0.0380859
0 0.541992 0.431152 0.0332031 0.0361328
0 0.66748 0.26416 0.0400391 0.0400391
0 0.222656 0.35498 0.0351562 0.0380859
0 0.282227 0.516602 0.0332031 0.0390625
0 0.492676 0.246582 0.0458984 0.0322266
0 0.361816 0.569336 0.0361328 0.0332031
0 0.882324 0.411133 0.0478516 0.0410156
0 0.36377 0.430176 0.0361328 0.0302734
0 0.309082 0.432129 0.0419922 0.0400391
0 0.240234 0.362793 0.0390625 0.0361328
0 0.614258 0.349121 0.0488281 0.0283203
0 0.452148 0.472656 0.0429688 0.03125
0 0.882812 0.349121 0.0566406 0.0341797
0 0.439941 0.59668 0.0400391 0.03125
0 0.572754 0.329102 0.0458984 0.0292969
0 0.293457 0.556152 0.0380859 0.0283203
0 0.444336 0.305176 0.0507812 0.0341797
0 0.210938 0.574219 0.0390625 0.0371094
0 0.264648 0.568359 0.0410156 0.03125
0 0.337402 0.534668 0.0439453 0.0283203
0 0.245605 0.504883 0.0439453 0.0332031
