0 0.29541 0.50293 0.0244141 0.0410156
1 0.310547 0.484863 0.0839844 0.104492
0 0.583008 0.62207 0.0175781 0.0429688
0 0.598633 0.603027 0.0214844 0.0322266
0 0.623535 0.566895 0.0283203 0.0400391
0 0.366699 0.521973 0.0361328 0.0205078
0 0.598633 0.585449 0.0234375 0.0380859
0 0.641602 0.686523 0.0410156 0.0351562
0 0.586914 0.473633 0.0253906 0.0351562
0 0.409668 0.622559 0.0302734 0.0341797
0 0.609863 0.492676 0.0419922 0.0361328
0 0.430176 0.61377 0.0341797 0.0224609
0 0.496582 0.664062 0.0380859 0.015625
0 0.585449 0.657227 0.0244141 0.0527344
0 0.593262 0.708008 0.0205078 0.0507812
0 0.609375 0.707031 0.0273438 0.0449219
0 0.599609 0.518066 0.0214844 0.0517578
0 0.44873 0.628418 0.0400391 0.0283203
0 0.260742 0.508789 0.0449219 0.0371094
0 0.733398 0.689941 0.0351562 0.0185547
0 0.371094 0.597656 0.015625 0.0449219
0 0.512207 0.487305 0.0283203 0.0527344
0 0.388672 0.587402 0.0175781 0.0517578
0 0.707031 0.686523 0.03125 0.03125
0 0.225586 0.415039 0.0253906 0.0488281
0 0.357422 0.575195 0.015625 0.0507812
0 0.514648 0.655273 0.0488281 0.0234375
0 0.615234 0.539062 0.0371094 0.0371094
0 0.262207 0.43457 0.0322266 0.0488281
0 0.621094 0.648438 0.0234375 0.0449219
