0 0.697266 0.67627 0.0214844 0.0556641
0 0.475098 0.563965 0.0380859 0.0341797
0 0.677734 0.668457 0.0273438 0.0615234
0 0.689453 0.606445 0.0449219 0.0449219
0 0.679688 0.73877 0.0273438 0.0537109
0 0.485352 0.436523 0.0136719 0.0722656
0 0.679688 0.583984 0.0429688 0.0371094
0 0.646973 0.664062 0.0478516 0.0488281
0 0.689453 0.509766 0.0488281 0.0273438
0 0.52832 0.712402 0.0195312 0.0712891
0 0.468262 0.666016 0.0224609 0.0527344
0 0.557617 0.481934 0.0253906 0.0576172
0 0.460449 0.57373 0.0361328 0.0498047
0 0.714355 0.558594 0.0244141 0.0605469
0 0.708984 0.62207 0.0410156 0.0546875
0 0.567383 0.463867 0.0253906 0.0742188
0 0.661133 0.542969 0.0546875 0.0429688
0 0.640137 0.714844 0.0517578 0.0253906
0 0.490234 0.534668 0.0488281 0.0322266
0 0.460938 0.493652 0.0527344 0.0517578
0 0.446777 0.727051 0.0244141 0.0537109
0 0.492676 0.757812 0.0302734 0.0683594
0 0.555664 0.708984 0.0371094 0.0488281
0 0.497559 0.603516 0.0341797 0.0585938
0 0.496094 0.385742 0.0332031 0.0585938
