0 0.367188 0.366211 0.0507812 0.144531
0 0.983887 0.949707 0.0322266 0.100586
0 0.657227 0.168945 0.101562 0.0761719
0 0.387695 0.327148 0.0996094 0.181641
0 0.887207 0.643066 0.151367 0.0986328
0 0.728516 0.712891 0.0996094 0.207031
0 0.0654297 0.685547 0.09375 0.167969
0 0.391113 0.675293 0.0517578 0.161133
0 0.552734 0.100586 0.0664062 0.130859
0 0.160156 0.339355 0.113281 0.0771484
0 0.489746 0.594727 0.0576172 0.154297
0 0.662109 0.242676 0.0957031 0.112305
0 0.410645 0.475098 0.0537109 0.233398
0 0.513672 0.182617 0.0566406 0.167969
0 0.193848 0.270508 0.102539 0.0859375
0 0.806641 0.608887 0.0976562 0.0830078
0 0.106934 0.424316 0.0751953 0.116211
0 0.580566 0.152832 0.0830078 0.163086
