0 0.587402 0.445801 0.0615234 0.0263672
0 0.45459 0.634277 0.0712891 0.0302734
0 0.51123 0.587891 0.0361328 0.0273438
0 0.557617 0.454102 0.0546875 0.0332031
0 0.169922 0.470703 0.0585938 0.0410156
0 0.506836 0.659668 0.0546875 0.0302734
0 0.596191 0.513184 0.0517578 0.0419922
0 0.382812 0.662598 0.046875 0.0361328
0 0.746582 0.583984 0.0439453 0.03125
0 0.0908203 0.440918 0.0546875 0.0263672
0 0.496094 0.492188 0.0742188 0.0175781
0 0.193848 0.498047 0.0498047 0.0292969
0 0.768555 0.509277 0.0429688 0.0244141
0 0.652832 0.608398 0.0888672 0.0214844
0 0.460938 0.518066 0.0351562 0.0361328
0 0.484863 0.74707 0.0849609 0.0195312
0 0.452148 0.424316 0.0546875 0.0185547
0 0.979004 0.0141602 0.0419922 0.0283203
0 0.422363 0.67627 0.0673828 0.0341797
0 0.732422 0.492676 0.0644531 0.0341797
0 0.453613 0.708984 0.0595703 0.03125
0 0.283203 0.495605 0.078125 0.0244141
0 0.565918 0.717285 0.0322266 0.0419922
0 0.12793 0.443848 0.0546875 0.0419922
0 0.318848 0.480957 0.0400391 0.0361328
0 0.408691 0.409668 0.0615234 0.0166016
0 0.389648 0.425781 0.0722656 0.0195312
0 0.511719 0.727051 0.0800781 0.0185547
0 0.546387 0.418945 0.0537109 0.0332031
0 0.271973 0.656738 0.0556641 0.0380859
0 0.128906 0.495117 0.0917969 0.0195312
0 0.47998 0.394531 0.0400391 0.046875
0 0.321777 0.549805 0.0712891 0.0371094
0 0.446777 0.582031 0.0537109 0.0332031
0 0.665039 0.483398 0.0585938 0.0332031
0 0.413086 0.51709 0.0410156 0.0380859
0 0.679688 0.530762 0.0761719 0.0283203
0 0.579102 0.764648 0.0859375 0.015625
0 0.142578 0.51709 0.0429688 0.0419922
0 0.574219 0.631836 0.0390625 0.0390625
0 0.535156 0.608398 0.0644531 0.0175781
0 0.283691 0.624512 0.0517578 0.0361328
0 0.404297 0.571289 0.0566406 0.0332031
0 0.237305 0.657227 0.046875 0.0390625
0 0.432617 0.548828 0.0566406 0.0371094
0 0.643555 0.833496 0.0976562 0.0341797
0 0.411133 0.45459 0.0429688 0.0380859
0 0.378906 0.637207 0.0683594 0.0224609
0 0.208496 0.439941 0.0458984 0.0341797
0 0.464844 0.677734 0.046875 0.0371094
0 0.350586 0.49707 0.0546875 0.0429688
0 0.537109 0.751953 0.0703125 0.03125
0 0.524902 0.508789 0.0927734 0.0195312
0 0.169434 0.555176 0.0751953 0.0302734
0 0.322266 0.453613 0.0507812 0.0283203
0 0.677734 0.575195 0.0507812 0.0429688
0 0.199707 0.574707 0.0927734 0.0185547
0 0.243164 0.499023 0.0644531 0.0390625
0 0.373047 0.702637 0.0546875 0.0302734
0 0.595215 0.580078 0.0654297 0.0332031
0 0.120117 0.550781 0.0449219 0.0410156
0 0.329102 0.69043 0.0800781 0.0234375
0 0.524414 0.841309 0.0898438 0.0185547
0 0.316406 0.431641 0.0761719 0.0234375
0 0.359863 0.59375 0.0400391 0.0429688
0 0.163086 0.589355 0.0800781 0.0302734
