0 0.668457 0.507324 0.0498047 0.0322266
0 0.663574 0.529297 0.0341797 0.0195312
0 0.479004 0.640137 0.0263672 0.0380859
0 0.40332 0.0966797 0.0390625 0.0371094
0 0.557617 0.550293 0.0371094 0.0244141
0 0.484863 0.535156 0.0283203 0.0507812
0 0.573242 0.599121 0.0195312 0.0400391
0 0.51416 0.605469 0.0185547 0.046875
0 0.580566 0.51123 0.0322266 0.0400391
0 0.591797 0.634766 0.0292969 0.0429688
0 0.570312 0.689453 0.0566406 0.0292969
0 0.588379 0.557617 0.0400391 0.0625
0 0.535645 0.582031 0.0439453 0.0332031
0 0.55957 0.478516 0.0546875 0.0253906
0 0.524414 0.643066 0.0136719 0.0615234
0 0.399902 0.59668 0.0732422 0.0371094
0 0.58252 0.706543 0.0380859 0.0322266
0 0.522949 0.498047 0.0517578 0.0234375
0 0.526367 0.475098 0.0527344 0.0263672
0 0.474121 0.486328 0.0361328 0.0527344
0 0.59668 0.494629 0.0527344 0.0361328
0 0.542969 0.456055 0.0351562 0.0273438
0 0.65918 0.575684 0.0507812 0.0244141
0 0.48584 0.669434 0.0361328 0.0498047
0 0.478516 0.0761719 0.0253906 0.0605469
0 0.678711 0.593262 0.0546875 0.0283203
0 0.491699 0.46875 0.0244141 0.0585938
0 0.464355 0.520996 0.0283203 0.0263672
0 0.216309 0.165039 0.0341797 0.0566406
0 0.480469 0.554199 0.0449219 0.0478516
0 0.532715 0.703125 0.0458984 0.0292969
0 0.400391 0.149902 0.0292969 0.0537109
0 0.508789 0.686523 0.0253906 0.0742188
0 0.522949 0.537109 0.0498047 0.0429688
0 0.601074 0.660156 0.0556641 0.0292969
0 0.488281 0.601562 0.0253906 0.0507812
0 0.528809 0.0732422 0.0380859 0.0429688
0 0.543945 0.506836 0.0449219 0.0351562
0 0.488281 0.705078 0.0253906 0.0761719
0 0.556641 0.620117 0.0273438 0.046875
0 0.279785 0.312988 0.0244141 0.0595703
0 0.370117 0.541016 0.0527344 0.0605469
0 0.625977 0.590332 0.03125 0.0634766
0 0.53125 0.734863 0.0585938 0.0419922
0 0.681641 0.483398 0.0546875 0.0234375
0 0.549805 0.642578 0.0410156 0.046875
0 0.439941 0.575684 0.0302734 0.0576172
0 0.448242 0.59375 0.0390625 0.0703125
0 0.355469 0.498047 0.046875 0.0292969
0 0.463867 0.642578 0.0273438 0.0664062
0 0.71582 0.50293 0.03125 0.0410156
0 0.59375 0.609863 0.0527344 0.0361328
0 0.529785 0.162109 0.0419922 0.0507812
0 0.316406 0.0239258 0.0429688 0.0478516
0 0.694824 0.555176 0.0595703 0.0400391
0 0.620605 0.525391 0.0576172 0.0332031
0 0.556152 0.433105 0.0439453 0.0615234
0 0.512207 0.788574 0.0634766 0.0732422
0 0.686523 0.516113 0.0507812 0.0361328
0 0.463867 0.724121 0.03125 0.0634766
0 0.63916 0.549316 0.0556641 0.0263672
0 0.536621 0.676758 0.0400391 0.0351562
0 0.490234 0.44043 0.046875 0.0332031
0 0.674316 0.447266 0.0517578 0.03125
0 0.620117 0.689453 0.0507812 0.0410156
0 0.625 0.631836 0.0507812 0.0371094
0 0.714355 0.46582 0.0556641 0.0351562
0 0.522461 0.430176 0.0253906 0.0498047
