0 0.298828 0.553711 0.0117188 0.0253906
0 0.390137 0.589844 0.0185547 0.0214844
0 0.406738 0.408203 0.0244141 0.0195312
0 0.363281 0.448242 0.0234375 0.015625
0 0.249512 0.516602 0.0166016 0.0175781
0 0.362793 0.55957 0.0185547 0.0136719
0 0.30957 0.59668 0.00976562 0.0273438
0 0.406738 0.648438 0.0185547 0.00976562
0 0.452148 0.532227 0.0078125 0.0214844
0 0.446777 0.521973 0.0166016 0.0185547
0 0.443359 0.697266 0.0253906 0.0136719
0 0.394531 0.522461 0.0175781 0.015625
0 0.362305 0.590332 0.0136719 0.0263672
0 0.403809 0.426758 0.0224609 0.0117188
0 0.430664 0.654785 0.015625 0.0224609
0 0.445312 0.544434 0.00976562 0.0224609
0 0.418945 0.535645 0.015625 0.0263672
0 0.426758 0.550293 0.0175781 0.0126953
0 0.431152 0.478516 0.0185547 0.0136719
0 0.382812 0.573242 0.0234375 0.0117188
0 0.421875 0.64209 0.00976562 0.0283203
0 0.294922 0.559082 0.015625 0.0185547
0 0.412598 0.442871 0.0166016 0.0185547
0 0.418945 0.61084 0.0195312 0.0166016
0 0.44873 0.680664 0.0166016 0.0273438
0 0.52832 0.533691 0.0117188 0.0322266
0 0.307129 0.57666 0.0107422 0.0322266
0 0.436523 0.60791 0.0195312 0.0146484
0 0.499023 0.529297 0.0195312 0.0175781
0 0.345215 0.646973 0.0185547 0.0185547
0 0.322266 0.585938 0.0214844 0.0175781
0 0.380859 0.581055 0.0195312 0.0136719
0 0.354004 0.44873 0.0224609 0.0185547
0 0.490723 0.628418 0.0205078 0.0146484
0 0.437012 0.680664 0.0146484 0.0234375
0 0.406738 0.604004 0.00878906 0.0244141
0 0.45459 0.608887 0.0205078 0.0166016
0 0.356934 0.580566 0.0107422 0.0283203
0 0.411621 0.677734 0.0185547 0.0273438
0 0.52002 0.588379 0.0224609 0.0146484
0 0.478516 0.458984 0.0117188 0.0253906
0 0.401367 0.404297 0.0214844 0.015625
0 0.515625 0.600586 0.0234375 0.0136719
0 0.405273 0.638184 0.0214844 0.0146484
0 0.412109 0.487305 0.0175781 0.0214844
0 0.442383 0.633789 0.0175781 0.0214844
0 0.381836 0.55957 0.0175781 0.0214844
0 0.401367 0.562988 0.0214844 0.0146484
0 0.42627 0.493164 0.0107422 0.0273438
0 0.438477 0.563965 0.015625 0.0205078
0 0.514648 0.623535 0.0136719 0.0302734
0 0.505371 0.61377 0.0107422 0.0244141
0 0.563477 0.564941 0.0136719 0.0322266
0 0.378906 0.54834 0.0195312 0.0205078
0 0.416992 0.461914 0.0195312 0.0195312
0 0.313477 0.670898 0.0214844 0.0234375
0 0.50293 0.513184 0.0117188 0.0263672
0 0.333496 0.460938 0.0107422 0.0292969
0 0.466797 0.422363 0.0175781 0.0185547
0 0.504395 0.694824 0.0126953 0.0283203
0 0.463867 0.694336 0.0214844 0.0234375
0 0.478516 0.638672 0.0234375 0.0214844
0 0.47168 0.533691 0.015625 0.0244141
0 0.356445 0.527344 0.0234375 0.0214844
0 0.484863 0.571289 0.0126953 0.0292969
0 0.418457 0.686035 0.0126953 0.0263672
0 0.459473 0.681641 0.0126953 0.0253906
0 0.510254 0.492676 0.0146484 0.0263672
0 0.520508 0.574219 0.0195312 0.0195312
0 0.42627 0.441406 0.0224609 0.0214844
0 0.383789 0.512207 0.0117188 0.0322266
0 0.371094 0.644531 0.0175781 0.0214844
0 0.535645 0.599609 0.0205078 0.0175781
0 0.378418 0.486816 0.0244141 0.0263672
0 0.35791 0.47168 0.0244141 0.0214844
0 0.443359 0.449707 0.0117188 0.0283203
0 0.356934 0.48291 0.0205078 0.0224609
0 0.482422 0.612305 0.0195312 0.015625
0 0.447266 0.426758 0.0195312 0.0214844
0 0.46582 0.544922 0.0195312 0.0175781
0 0.411133 0.706543 0.0214844 0.0166016
0 0.383301 0.398438 0.0185547 0.0136719
0 0.501465 0.433594 0.0185547 0.0234375
0 0.365723 0.723145 0.0126953 0.0244141
0 0.467773 0.493652 0.0175781 0.0244141
0 0.397949 0.451172 0.0166016 0.0195312
0 0.47168 0.608398 0.0195312 0.0214844
0 0.414062 0.411133 0.0195312 0.0214844
0 0.42041 0.390625 0.0146484 0.0214844
0 0.305176 0.61377 0.0205078 0.0205078
0 0.478027 0.425293 0.0107422 0.0302734
