0 0.43457 0.753906 0.0214844 0.0566406
0 0.412109 0.693848 0.0214844 0.0458984
0 0.423828 0.777344 0.0273438 0.0449219
0 0.410645 0.55957 0.0341797 0.0742188
0 0.394043 0.65625 0.0205078 0.0566406
0 0.444824 0.359863 0.0615234 0.0439453
0 0.387207 0.294922 0.0302734 0.0820312
0 0.460449 0.862793 0.0380859 0.0810547
0 0.524414 0.77832 0.0488281 0.0429688
0 0.481934 0.744629 0.0517578 0.0517578
0 0.537109 0.73584 0.0292969 0.0634766
0 0.272949 0.55957 0.0439453 0.0390625
0 0.398926 0.612793 0.0458984 0.0302734
0 0.471191 0.700195 0.0341797 0.0507812
