0 0.617676 0.57959 0.0224609 0.0126953
0 0.304688 0.648926 0.0195312 0.0146484
0 0.383789 0.67627 0.00976562 0.0205078
0 0.416016 0.581055 0.0136719 0.0234375
0 0.450684 0.397949 0.0126953 0.0205078
0 0.152344 0.423828 0.0234375 0.0195312
0 0.393555 0.569336 0.00976562 0.0195312
0 0.206055 0.568359 0.0175781 0.0234375
0 0.456543 0.498535 0.0166016 0.0166016
0 0.430176 0.663574 0.0166016 0.0283203
0 0.506836 0.54248 0.0214844 0.0146484
0 0.421387 0.358398 0.0185547 0.0136719
0 0.178711 0.524414 0.0195312 0.0117188
0 0.61084 0.551758 0.0107422 0.0214844
0 0.625 0.553223 0.0214844 0.0107422
0 0.380859 0.76416 0.0214844 0.0146484
0 0.355957 0.5625 0.0224609 0.0175781
0 0.157227 0.387695 0.0234375 0.0214844
0 0.374023 0.543945 0.0136719 0.0117188
0 0.363281 0.530273 0.015625 0.0175781
0 0.431641 0.438477 0.015625 0.015625
0 0.449219 0.470703 0.0175781 0.015625
0 0.388672 0.583008 0.0195312 0.0136719
0 0.556152 0.536621 0.0166016 0.00878906
0 0.402832 0.473633 0.0185547 0.00976562
0 0.464844 0.456543 0.0214844 0.0107422
0 0.0996094 0.424316 0.0234375 0.0205078
0 0.197754 0.575195 0.0107422 0.0273438
0 0.293457 0.391602 0.0185547 0.0292969
0 0.36084 0.498535 0.0166016 0.0244141
0 0.121094 0.404785 0.0117188 0.0283203
0 0.227051 0.445801 0.0166016 0.0107422
0 0.509766 0.40918 0.0136719 0.0253906
0 0.579102 0.493652 0.0175781 0.0107422
0 0.505859 0.556152 0.0234375 0.0126953
0 0.38916 0.425293 0.0224609 0.0126953
0 0.219727 0.356445 0.0136719 0.00976562
0 0.308594 0.661621 0.0117188 0.0166016
0 0.416016 0.73584 0.0078125 0.0283203
0 0.400879 0.562012 0.0146484 0.0126953
0 0.167969 0.452148 0.015625 0.0253906
0 0.166504 0.314453 0.0146484 0.0234375
0 0.31543 0.780762 0.0214844 0.0126953
0 0.285156 0.394531 0.0175781 0.0273438
0 0.245117 0.447266 0.0117188 0.0332031
0 0.161621 0.498047 0.0224609 0.0136719
0 0.40332 0.652832 0.0195312 0.0185547
0 0.210938 0.603516 0.0195312 0.0214844
0 0.54834 0.602051 0.0126953 0.0224609
0 0.457031 0.463379 0.0195312 0.0107422
0 0.218262 0.510742 0.0146484 0.0273438
0 0.619629 0.572754 0.0205078 0.0205078
0 0.602051 0.539062 0.00683594 0.0253906
0 0.162598 0.48584 0.0224609 0.0185547
0 0.41748 0.419434 0.0224609 0.0126953
0 0.315918 0.40625 0.0244141 0.015625
0 0.429199 0.724609 0.0107422 0.0253906
0 0.22998 0.589355 0.0205078 0.0205078
0 0.188965 0.336914 0.0146484 0.0273438
0 0.452148 0.487793 0.0175781 0.0107422
0 0.391602 0.663086 0.015625 0.0175781
0 0.398438 0.633789 0.00976562 0.0234375
0 0.148926 0.615234 0.0146484 0.0214844
0 0.419434 0.336426 0.0185547 0.0185547
0 0.174316 0.44043 0.0185547 0.0195312
0 0.218262 0.286133 0.0283203 0.0175781
0 0.384766 0.652832 0.0117188 0.0263672
0 0.578125 0.552734 0.0117188 0.0253906
0 0.117188 0.413086 0.0117188 0.03125
0 0.461914 0.404785 0.0136719 0.0302734
0 0.219727 0.530762 0.0175781 0.0244141
0 0.349609 0.589844 0.015625 0.0273438
0 0.148438 0.402832 0.0234375 0.0205078
0 0.53125 0.424805 0.00976562 0.0234375
0 0.324707 0.764648 0.00878906 0.0195312
0 0.612305 0.520508 0.0136719 0.0292969
0 0.162109 0.508789 0.015625 0.0136719
0 0.157227 0.464355 0.0175781 0.0224609
0 0.602539 0.556152 0.0195312 0.0126953
0 0.296387 0.421387 0.0146484 0.0302734
0 0.175781 0.589844 0.0195312 0.015625
0 0.541992 0.53418 0.0214844 0.015625
0 0.60498 0.719238 0.0107422 0.0341797
0 0.183105 0.548828 0.0166016 0.0117188
0 0.348145 0.531738 0.0205078 0.0126953
0 0.386719 0.465332 0.0195312 0.0166016
0 0.3125 0.396484 0.0214844 0.0234375
0 0.345215 0.541992 0.0185547 0.0214844
0 0.440918 0.652344 0.0107422 0.0332031
0 0.175293 0.340332 0.0185547 0.0107422
0 0.374512 0.321289 0.0224609 0.0195312
0 0.605957 0.526367 0.0146484 0.0214844
0 0.322754 0.791992 0.0224609 0.015625
0 0.595703 0.501953 0.00976562 0.0292969
0 0.393555 0.591797 0.015625 0.0195312
0 0.369141 0.559082 0.00976562 0.0205078
0 0.508789 0.579102 0.0136719 0.03125
0 0.234375 0.59668 0.0234375 0.0214844
0 0.157715 0.342773 0.0146484 0.03125
0 0.125488 0.630859 0.0244141 0.0175781
0 0.427734 0.477051 0.0214844 0.0185547
0 0.408203 0.362793 0.0253906 0.0107422
0 0.259766 0.40918 0.0195312 0.0136719
0 0.276367 0.339844 0.0214844 0.0214844
0 0.191895 0.543457 0.0126953 0.0244141
0 0.537109 0.483398 0.0214844 0.015625
0 0.562012 0.555176 0.0205078 0.00878906
0 0.396484 0.756836 0.015625 0.0273438
0 0.467285 0.497559 0.0185547 0.0224609
0 0.333984 0.76709 0.0117188 0.0244141
0 0.500977 0.477051 0.0214844 0.0146484
0 0.196777 0.418945 0.0205078 0.0292969
0 0.196289 0.523926 0.0253906 0.0185547
0 0.340332 0.772949 0.0126953 0.0322266
0 0.403809 0.593262 0.0107422 0.0302734
0 0.172852 0.536133 0.0292969 0.0136719
0 0.162109 0.32373 0.0234375 0.0263672
0 0.473145 0.589355 0.0244141 0.0126953
0 0.573242 0.523438 0.0175781 0.0273438
0 0.585449 0.707031 0.0283203 0.0195312
0 0.41748 0.562012 0.00878906 0.0283203
0 0.315918 0.634766 0.0107422 0.0332031
0 0.594238 0.532715 0.0107422 0.0322266
0 0.380859 0.310059 0.0234375 0.0107422
0 0.43457 0.545898 0.0214844 0.0136719
0 0.326172 0.535645 0.0195312 0.0146484
0 0.15918 0.585938 0.0175781 0.0214844
0 0.380371 0.481445 0.0126953 0.0234375
0 0.180664 0.469238 0.0117188 0.0322266
0 0.34668 0.503418 0.0117188 0.0380859
0 0.097168 0.40918 0.0283203 0.0117188
0 0.419922 0.373047 0.015625 0.0214844
0 0.454102 0.203125 0.0117188 0.0292969
0 0.211426 0.585449 0.0224609 0.0146484
0 0.330566 0.521973 0.0205078 0.0146484
0 0.356445 0.484863 0.0078125 0.0322266
0 0.191406 0.439941 0.0214844 0.0205078
0 0.422852 0.345215 0.0195312 0.0185547
0 0.4375 0.472168 0.0195312 0.0185547
0 0.388184 0.613281 0.0185547 0.0175781
0 0.365723 0.654297 0.0224609 0.0136719
0 0.410156 0.397949 0.0136719 0.0263672
0 0.380859 0.755859 0.0214844 0.0175781
0 0.131348 0.405273 0.0205078 0.0292969
0 0.444336 0.377441 0.015625 0.0263672
0 0.521484 0.543945 0.0195312 0.0175781
0 0.0966797 0.398926 0.03125 0.0126953
0 0.429688 0.38916 0.0214844 0.0205078
0 0.35498 0.720703 0.0107422 0.0332031
0 0.209961 0.424805 0.0214844 0.0136719
0 0.603027 0.576172 0.0205078 0.0117188
0 0.436523 0.34082 0.0136719 0.0292969
0 0.402344 0.464844 0.0195312 0.0136719
0 0.361816 0.600098 0.0166016 0.0205078
0 0.487793 0.568359 0.0205078 0.0234375
0 0.310059 0.519531 0.0244141 0.0117188
0 0.468262 0.476562 0.0185547 0.015625
0 0.191895 0.501953 0.0244141 0.0117188
0 0.593262 0.569336 0.0166016 0.0195312
0 0.123535 0.617188 0.0244141 0.0136719
0 0.195801 0.594727 0.0146484 0.0214844
0 0.577148 0.580566 0.0214844 0.0224609
0 0.19873 0.490234 0.0244141 0.0136719
0 0.425781 0.497559 0.015625 0.0224609
0 0.183594 0.570801 0.0195312 0.0244141
0 0.154297 0.363281 0.03125 0.0136719
0 0.371094 0.578613 0.0214844 0.0166016
0 0.49707 0.577637 0.00976562 0.0322266
0 0.197754 0.297852 0.0126953 0.0371094
0 0.481445 0.466797 0.015625 0.0253906
0 0.210938 0.548828 0.0273438 0.0136719
0 0.280762 0.69043 0.0205078 0.0117188
0 0.387695 0.487305 0.015625 0.0273438
0 0.368652 0.670898 0.0185547 0.0195312
0 0.363281 0.625977 0.0175781 0.0234375
0 0.172852 0.381348 0.0234375 0.0205078
0 0.173828 0.500488 0.0117188 0.0302734
0 0.560547 0.65918 0.0195312 0.0136719
0 0.435059 0.407227 0.0166016 0.0234375
0 0.15625 0.574707 0.0214844 0.0244141
0 0.421387 0.710449 0.0166016 0.0224609
0 0.396973 0.394043 0.0107422 0.0263672
0 0.225098 0.275391 0.0244141 0.015625
0 0.243652 0.276367 0.0126953 0.0332031
0 0.523926 0.495605 0.0263672 0.0126953
0 0.151855 0.484375 0.0205078 0.0234375
0 0.391602 0.295898 0.0234375 0.015625
0 0.345703 0.71875 0.015625 0.0332031
0 0.408691 0.745605 0.0107422 0.0322266
0 0.218262 0.631348 0.0224609 0.0126953
0 0.435547 0.683594 0.0175781 0.0175781
0 0.173828 0.412598 0.0117188 0.0322266
0 0.383789 0.773926 0.0234375 0.0107422
0 0.219727 0.569336 0.0253906 0.0195312
0 0.473145 0.180176 0.0146484 0.0244141
0 0.40332 0.488281 0.0214844 0.0273438
0 0.308594 0.772461 0.0214844 0.0273438
0 0.27002 0.45752 0.0126953 0.0322266
0 0.308594 0.711426 0.0234375 0.0126953
0 0.349609 0.783691 0.0234375 0.0185547
0 0.384277 0.628418 0.0205078 0.0224609
0 0.14502 0.591309 0.0185547 0.0341797
0 0.357422 0.300781 0.0234375 0.015625
0 0.298828 0.731445 0.0175781 0.03125
0 0.36377 0.703125 0.0224609 0.0234375
