0 0.652344 0.779785 0.0390625 0.0458984
0 0.555664 0.86377 0.0273438 0.0380859
0 0.411621 0.601562 0.0341797 0.0234375
0 0.505859 0.814941 0.0234375 0.0498047
0 0.236328 0.512695 0.0449219 0.0253906
0 0.308105 0.748047 0.0263672 0.0214844
0 0.33252 0.674805 0.0205078 0.0527344
0 0.486816 0.871094 0.0341797 0.0585938
0 0.703125 0.356934 0.0292969 0.0361328
0 0.307129 0.792969 0.0419922 0.0429688
0 0.583984 0.822266 0.0410156 0.0410156
0 0.282715 0.486816 0.0361328 0.0517578
0 0.30127 0.307617 0.0517578 0.0449219
0 0.212891 0.379883 0.0234375 0.046875
0 0.752441 0.704102 0.0517578 0.0332031
0 0.203125 0.697754 0.03125 0.0576172
0 0.117676 0.441406 0.0166016 0.0566406
0 0.39209 0.816895 0.0283203 0.0283203
0 0.380859 0.44043 0.0390625 0.0351562
0 0.42334 0.321289 0.0341797 0.0351562
0 0.638672 0.192383 0.0234375 0.0527344
0 0.420898 0.825195 0.0214844 0.0449219
0 0.270996 0.600586 0.0322266 0.0332031
0 0.408691 0.292969 0.0439453 0.03125
