0 0.560059 0.987305 0.0185547 0.0253906
0 0.486816 0.75 0.0263672 0.03125
0 0.460938 0.552734 0.03125 0.0351562
0 0.508301 0.564941 0.0244141 0.0400391
0 0.661133 0.931152 0.0292969 0.0322266
0 0.498535 0.62207 0.0224609 0.0449219
0 0.581055 0.982422 0.0292969 0.0351562
0 0.388184 0.625977 0.0400391 0.0253906
0 0.586914 0.989258 0.0253906 0.0214844
0 0.558594 0.932129 0.0234375 0.0458984
0 0.576172 0.894531 0.015625 0.0351562
0 0.568359 0.708008 0.0195312 0.0488281
0 0.65332 0.948242 0.0332031 0.0253906
0 0.475586 0.297852 0.0410156 0.046875
0 0.478516 0.606445 0.03125 0.0390625
0 0.457031 0.911133 0.0332031 0.0292969
0 0.42334 0.423828 0.0263672 0.0351562
0 0.537109 0.950195 0.015625 0.0527344
0 0.490234 0.527344 0.0195312 0.0664062
0 0.53418 0.851562 0.0410156 0.0253906
0 0.458984 0.646484 0.0234375 0.0585938
0 0.552734 0.743164 0.0234375 0.0410156
0 0.348145 0.516602 0.0341797 0.0253906
0 0.497559 0.431152 0.0185547 0.0576172
0 0.555664 0.586914 0.0371094 0.0253906
0 0.453613 0.487305 0.0244141 0.0332031
0 0.927246 0.320801 0.0361328 0.0224609
0 0.766602 0.273438 0.0410156 0.0351562
0 0.48877 0.298828 0.0322266 0.0410156
0 0.458984 0.67627 0.0371094 0.0244141
0 0.475098 0.520996 0.0126953 0.0478516
0 0.621582 0.592773 0.0302734 0.0410156
0 0.646973 0.825195 0.0205078 0.0410156
0 0.543457 0.875977 0.0419922 0.0253906
0 0.662598 0.772461 0.0263672 0.0488281
0 0.595215 0.599609 0.0185547 0.0410156
0 0.407227 0.537109 0.0292969 0.0390625
0 0.362305 0.504883 0.0253906 0.0234375
0 0.250977 0.544922 0.0429688 0.03125
0 0.388184 0.962891 0.0224609 0.0625
0 0.56543 0.859375 0.0214844 0.0351562
0 0.220215 0.533691 0.0302734 0.0419922
0 0.812988 0.451172 0.0537109 0.046875
0 0.45166 0.614746 0.0166016 0.0478516
0 0.418945 0.600586 0.0332031 0.0273438
0 0.498535 0.798828 0.0361328 0.0625
0 0.403809 0.424316 0.0205078 0.0615234
0 0.232422 0.511719 0.0195312 0.0546875
0 0.863281 0.290039 0.0429688 0.0605469
0 0.466797 0.457031 0.0390625 0.0351562
0 0.523926 0.615723 0.0224609 0.0380859
0 0.509766 0.583496 0.0234375 0.0439453
0 0.548828 0.0112305 0.0195312 0.0224609
0 0.632812 0.538574 0.0410156 0.0322266
0 0.412598 0.638184 0.0146484 0.0537109
0 0.569336 0.750488 0.0332031 0.0400391
0 0.422363 0.53418 0.0166016 0.0527344
0 0.385254 0.510742 0.0341797 0.0332031
0 0.620117 0.880371 0.0371094 0.0244141
0 0.535156 0.723633 0.0429688 0.03125
0 0.312988 0.811523 0.0380859 0.0449219
0 0.575195 0.613281 0.0410156 0.0390625
0 0.438477 0.68457 0.0195312 0.0605469
0 0.446289 0.313965 0.0214844 0.0712891
0 0.449707 0.563965 0.0380859 0.0361328
0 0.185547 0.239258 0.0351562 0.046875
0 0.387695 0.426758 0.0214844 0.0644531
0 0.658203 0.430176 0.03125 0.0458984
0 0.373047 0.475098 0.0175781 0.0458984
0 0.431152 0.620117 0.0205078 0.0488281
0 0.579102 0.716797 0.0410156 0.0234375
0 0.442871 0.586914 0.0419922 0.0175781
0 0.423828 0.666504 0.0429688 0.0439453
0 0.658203 0.482422 0.0390625 0.0273438
0 0.719727 0.50293 0.0410156 0.0332031
0 0.662109 0.829102 0.0273438 0.0527344
0 0.472168 0.696289 0.0224609 0.0410156
0 0.78418 0.40332 0.0449219 0.0371094
0 0.479492 0.325684 0.0351562 0.0322266
0 0.748535 0.78125 0.0205078 0.0761719
0 0.818359 0.550293 0.046875 0.0263672
0 0.458496 0.527832 0.0263672 0.0576172
0 0.65625 0.216309 0.0371094 0.0537109
0 0.568359 0.793945 0.0390625 0.0332031
0 0.481934 0.470215 0.0478516 0.0205078
0 0.833008 0.625 0.046875 0.0253906
0 0.948242 0.202148 0.0351562 0.0449219
0 0.629395 0.520508 0.0419922 0.0214844
0 0.671387 0.540039 0.0185547 0.0546875
0 0.613281 0.703125 0.0292969 0.0390625
0 0.788086 0.571289 0.0175781 0.0644531
0 0.866211 0.454102 0.0605469 0.0566406
0 0.961914 0.16748 0.0351562 0.0283203
0 0.626953 0.627441 0.0429688 0.0244141
0 0.681641 0.797852 0.03125 0.0253906
0 0.828125 0.0112305 0.0351562 0.0224609
0 0.657715 0.530273 0.0166016 0.0507812
0 0.376465 0.607422 0.0361328 0.0195312
0 0.447754 0.392578 0.0380859 0.0253906
0 0.677734 0.974609 0.0390625 0.0507812
0 0.348145 0.699219 0.0205078 0.0488281
0 0.676758 0.29834 0.0449219 0.0361328
0 0.305664 0.78418 0.0371094 0.0214844
0 0.42334 0.930664 0.0380859 0.0253906
0 0.164551 0.43457 0.0322266 0.0449219
0 0.518555 0.660156 0.0410156 0.03125
0 0.814453 0.367188 0.03125 0.0585938
0 0.75293 0.501953 0.0371094 0.0390625
0 0.677734 0.769531 0.0234375 0.046875
0 0.532227 0.539551 0.0214844 0.0634766
0 0.691406 0.647461 0.0390625 0.0253906
0 0.824219 0.661133 0.0390625 0.0234375
0 0.602051 0.916992 0.0302734 0.0332031
0 0.484375 0.643066 0.0253906 0.0498047
0 0.633301 0.486328 0.0244141 0.0546875
0 0.826172 0.838867 0.0292969 0.0527344
0 0.769531 0.719727 0.0253906 0.0722656
0 0.260254 0.524902 0.0322266 0.0361328
0 0.536133 0.574219 0.0332031 0.0585938
0 0.469727 0.365723 0.0214844 0.0595703
0 0.645508 0.879883 0.0371094 0.0410156
0 0.954102 0.0112305 0.0410156 0.0224609
0 0.688477 0.444824 0.0605469 0.0361328
0 0.611328 0.563477 0.03125 0.0507812
0 0.800781 0.652344 0.0214844 0.0527344
0 0.523926 0.442871 0.0361328 0.0439453
0 0.764648 0.632812 0.0292969 0.0546875
0 0.762207 0.422363 0.0205078 0.0498047
0 0.655762 0.666992 0.0361328 0.0488281
0 0.616211 0.450195 0.0214844 0.0644531
0 0.416504 0.724609 0.0380859 0.0234375
0 0.800781 0.687988 0.0429688 0.0283203
0 0.622559 0.822754 0.0400391 0.0478516
0 0.775391 0.253418 0.0429688 0.0341797
0 0.32959 0.47998 0.0322266 0.0537109
0 0.260742 0.325195 0.0429688 0.0371094
0 0.553711 0.453125 0.0273438 0.0546875
0 0.428223 0.449707 0.0341797 0.0205078
0 0.646484 0.711914 0.03125 0.0488281
0 0.46875 0.426758 0.0351562 0.0410156
0 0.880859 0.0644531 0.0273438 0.0566406
0 0.359375 0.414551 0.03125 0.0322266
0 0.963867 0.14209 0.046875 0.0244141
0 0.672852 0.724609 0.0332031 0.0488281
0 0.455078 0.719727 0.0292969 0.0488281
0 0.722656 0.797363 0.0390625 0.0283203
0 0.568359 0.536133 0.0351562 0.0507812
0 0.512695 0.395996 0.0273438 0.0419922
0 0.550293 0.644531 0.0322266 0.0585938
0 0.509277 0.519531 0.0205078 0.0507812
0 0.494141 0.680664 0.0351562 0.0410156
0 0.653809 0.261719 0.0361328 0.0390625
0 0.529297 0.474121 0.0234375 0.0537109
0 0.836914 0.416992 0.0410156 0.0488281
0 0.414551 0.484863 0.0302734 0.0517578
0 0.338379 0.272949 0.0302734 0.0576172
0 0.277344 0.191406 0.0234375 0.0605469
0 0.793457 0.620117 0.0439453 0.0332031
0 0.964355 0.0820312 0.0400391 0.0371094
0 0.895508 0.352539 0.0410156 0.0390625
0 0.572266 0.571289 0.03125 0.0507812
0 0.333008 0.63916 0.0371094 0.0380859
0 0.595703 0.318848 0.0273438 0.0556641
0 0.774902 0.550781 0.0146484 0.0527344
0 0.418457 0.396973 0.0361328 0.0380859
