0 0.388184 0.896484 0.0322266 0.0429688
0 0.333496 0.449707 0.0380859 0.0126953
0 0.443359 0.822266 0.0273438 0.0410156
0 0.330566 0.479492 0.0263672 0.0234375
0 0.317871 0.36084 0.0419922 0.0263672
0 0.575195 0.49707 0.0292969 0.0429688
0 0.445312 0.869141 0.0429688 0.0351562
0 0.218262 0.682129 0.0244141 0.0322266
0 0.476562 0.662109 0.0585938 0.0253906
0 0.561035 0.37207 0.0205078 0.0644531
0 0.497559 0.646973 0.0458984 0.0244141
0 0.294434 0.382812 0.0263672 0.0488281
0 0.293457 0.70459 0.0458984 0.0341797
0 0.597168 0.396484 0.0341797 0.0566406
0 0.591797 0.496582 0.0371094 0.0400391
0 0.402832 0.872559 0.0419922 0.0263672
0 0.71582 0.421387 0.046875 0.0283203
0 0.249023 0.599121 0.0332031 0.0439453
0 0.656738 0.355469 0.0166016 0.0449219
0 0.580566 0.54248 0.0205078 0.0498047
0 0.407227 0.584961 0.03125 0.0410156
0 0.708008 0.445801 0.0390625 0.0322266
0 0.375 0.839355 0.0214844 0.0595703
0 0.269043 0.646484 0.0244141 0.0527344
0 0.560547 0.523438 0.0195312 0.0566406
0 0.603516 0.360352 0.0214844 0.0488281
0 0.395996 0.925781 0.0400391 0.0292969
0 0.452637 0.806641 0.0263672 0.0449219
0 0.407715 0.505859 0.0166016 0.0625
0 0.513672 0.541016 0.0390625 0.0332031
0 0.500977 0.530273 0.0292969 0.0371094
0 0.230469 0.62207 0.015625 0.0566406
0 0.322754 0.762695 0.0322266 0.0429688
0 0.397461 0.805176 0.03125 0.0498047
0 0.34668 0.43457 0.0371094 0.0253906
0 0.510742 0.667969 0.0449219 0.0253906
0 0.333496 0.351562 0.0439453 0.0253906
0 0.67334 0.362305 0.0244141 0.0625
0 0.300293 0.623535 0.0439453 0.0302734
0 0.378418 0.650391 0.0380859 0.0292969
0 0.57373 0.379395 0.0205078 0.0556641
0 0.329102 0.514648 0.0410156 0.03125
0 0.243164 0.669434 0.0449219 0.0361328
0 0.469727 0.92627 0.0371094 0.0400391
0 0.64502 0.533691 0.0341797 0.0419922
0 0.421387 0.824707 0.0205078 0.0615234
0 0.324707 0.733887 0.0341797 0.0205078
0 0.433594 0.408691 0.0195312 0.0576172
0 0.517578 0.394043 0.0253906 0.0419922
0 0.673828 0.31543 0.0429688 0.0214844
0 0.364258 0.616211 0.0371094 0.0429688
0 0.484375 0.873535 0.0429688 0.0302734
0 0.30957 0.476562 0.0214844 0.0507812
0 0.651367 0.695801 0.0429688 0.0224609
0 0.306641 0.651367 0.0449219 0.0253906
0 0.649414 0.38623 0.0351562 0.0498047
0 0.615234 0.588379 0.0390625 0.0400391
0 0.366699 0.787598 0.0380859 0.0302734
0 0.326172 0.385742 0.0390625 0.0292969
0 0.558105 0.326172 0.0283203 0.0429688
0 0.685059 0.39502 0.0380859 0.0517578
0 0.269043 0.580078 0.0263672 0.0527344
0 0.585938 0.672363 0.0214844 0.0458984
0 0.383301 0.294922 0.0400391 0.0195312
0 0.408203 0.766602 0.0390625 0.0234375
0 0.319824 0.429199 0.0322266 0.0517578
0 0.637695 0.67334 0.0429688 0.0302734
0 0.257324 0.395996 0.0224609 0.0576172
0 0.648438 0.623535 0.0410156 0.0205078
0 0.313477 0.679688 0.0410156 0.0332031
0 0.304688 0.589844 0.046875 0.0292969
0 0.438477 0.783203 0.0292969 0.0527344
0 0.367676 0.72168 0.0439453 0.0234375
0 0.404297 0.641113 0.0214844 0.0595703
0 0.65918 0.483887 0.0253906 0.0400391
0 0.295898 0.197754 0.0234375 0.0576172
0 0.35498 0.407227 0.0380859 0.0332031
0 0.649414 0.446289 0.0410156 0.0332031
0 0.430664 0.506836 0.0234375 0.0566406
0 0.313965 0.268555 0.0322266 0.0488281
0 0.29834 0.785645 0.0244141 0.0458984
0 0.448242 0.585449 0.0371094 0.0380859
0 0.275879 0.460449 0.0244141 0.0517578
0 0.401367 0.408691 0.0332031 0.0380859
0 0.579102 0.63623 0.0332031 0.0498047
0 0.437988 0.642578 0.0302734 0.0546875
0 0.387207 0.542969 0.0224609 0.0527344
