0 0.855469 0.629883 0.0488281 0.0527344
0 0.665039 0.412109 0.03125 0.0351562
0 0.775391 0.714844 0.0410156 0.03125
0 0.684082 0.6875 0.0380859 0.03125
0 0.773438 0.541992 0.0332031 0.0234375
0 0.939941 0.558594 0.0224609 0.0761719
0 0.782715 0.583984 0.0224609 0.046875
0 0.77002 0.741211 0.0478516 0.0429688
0 0.935547 0.689941 0.0371094 0.0302734
0 0.980469 0.835449 0.0214844 0.0595703
0 0.98584 0.766113 0.0283203 0.0537109
0 0.724609 0.850098 0.0253906 0.0634766
0 0.958008 0.861816 0.0195312 0.0556641
0 0.444824 0.527344 0.0517578 0.0253906
0 0.615723 0.768066 0.0302734 0.0556641
0 0.32373 0.47168 0.0439453 0.0546875
0 0.481445 0.5 0.0371094 0.0527344
0 0.929688 0.818848 0.0292969 0.0556641
