0 0.542969 0.550781 0.0351562 0.0527344
0 0.419434 0.473145 0.0419922 0.0400391
0 0.59668 0.555664 0.0488281 0.0292969
0 0.522461 0.546875 0.0292969 0.0703125
0 0.357422 0.495605 0.0273438 0.0478516
0 0.563477 0.498047 0.0253906 0.0703125
0 0.365723 0.503906 0.0263672 0.0625
0 0.432129 0.467285 0.0517578 0.0361328
0 0.376465 0.470703 0.0439453 0.0273438
0 0.497559 0.597656 0.0263672 0.0585938
0 0.520996 0.676758 0.0478516 0.0507812
0 0.50293 0.549316 0.0214844 0.0634766
0 0.412109 0.564453 0.0234375 0.0625
0 0.546875 0.521484 0.0214844 0.0585938
0 0.587891 0.574219 0.0585938 0.0546875
0 0.552734 0.555176 0.03125 0.0341797
0 0.561523 0.404297 0.0410156 0.0351562
0 0.428223 0.55957 0.0205078 0.0722656
0 0.420898 0.5 0.0410156 0.0351562
0 0.413574 0.527832 0.0302734 0.0419922
0 0.469238 0.515137 0.0498047 0.0400391
0 0.383301 0.543457 0.0380859 0.0615234
0 0.438477 0.509277 0.0214844 0.0576172
0 0.571289 0.446289 0.0390625 0.0527344
0 0.455078 0.537109 0.046875 0.0273438
0 0.54248 0.379883 0.0419922 0.0332031
0 0.547852 0.425781 0.046875 0.0390625
0 0.399414 0.458008 0.0429688 0.0253906
0 0.583984 0.45166 0.0292969 0.0615234
0 0.450195 0.668457 0.0449219 0.0537109
0 0.328613 0.470215 0.0439453 0.0517578
0 0.581543 0.498047 0.0419922 0.0605469
0 0.526855 0.588379 0.0380859 0.0302734
0 0.549316 0.451172 0.0400391 0.0585938
0 0.482422 0.599121 0.0234375 0.0673828
0 0.518066 0.495117 0.0380859 0.0605469
0 0.361328 0.577148 0.0390625 0.0664062
0 0.439941 0.400879 0.0537109 0.0458984
0 0.53418 0.625977 0.0332031 0.0683594
0 0.521973 0.389648 0.0498047 0.0390625
0 0.682617 0.891602 0.0644531 0.0566406
0 0.533203 0.54541 0.0214844 0.0693359
0 0.480469 0.669922 0.0351562 0.0664062
0 0.582031 0.530762 0.0273438 0.0517578
0 0.523438 0.41748 0.0507812 0.0341797
0 0.394531 0.575195 0.0234375 0.0644531
0 0.431152 0.436035 0.0498047 0.0419922
0 0.472656 0.704102 0.046875 0.0449219
0 0.504883 0.616699 0.0410156 0.0419922
0 0.616211 0.529785 0.0371094 0.0732422
0 0.741211 0.551758 0.0566406 0.0722656
0 0.344727 0.525391 0.0527344 0.0390625
0 0.506348 0.700195 0.0341797 0.0644531
0 0.467773 0.556641 0.0332031 0.0507812
0 0.392578 0.504883 0.0390625 0.0390625
0 0.486328 0.973633 0.0507812 0.0449219
0 0.321777 0.490723 0.0400391 0.0458984
0 0.755859 0.288574 0.0488281 0.0673828
0 0.385742 0.441406 0.0488281 0.0273438
0 0.453125 0.588379 0.0351562 0.0615234
0 0.522461 0.191895 0.0371094 0.0732422
0 0.464355 0.487305 0.0419922 0.0371094
0 0.598633 0.880859 0.0527344 0.0507812
0 0.477539 0.839844 0.0371094 0.0742188
0 0.535156 0.8125 0.0429688 0.0585938
0 0.491211 0.382324 0.0449219 0.0517578
0 0.463867 0.380371 0.0449219 0.0732422
0 0.501953 0.933594 0.0507812 0.0664062
