0 0.579102 0.398438 0.0136719 0.03125
0 0.538086 0.700684 0.0136719 0.0302734
0 0.575684 0.706055 0.0205078 0.0273438
0 0.719727 0.0297852 0.015625 0.0576172
0 0.691895 0.443848 0.00878906 0.0283203
0 0.607422 0.666016 0.0234375 0.0214844
0 0.547852 0.793945 0.0136719 0.0351562
0 0.72168 0.48877 0.0117188 0.0302734
0 0.567871 0.731934 0.0166016 0.0322266
0 0.507812 0.680176 0.0117188 0.0322266
0 0.574219 0.672363 0.0136719 0.0380859
0 0.476562 0.692383 0.0195312 0.0234375
0 0.452148 0.54834 0.0214844 0.0224609
0 0.721191 0.529785 0.0185547 0.0185547
0 0.63623 0.445801 0.0205078 0.0166016
0 0.513672 0.441406 0.015625 0.0136719
0 0.704102 0.55957 0.0117188 0.0253906
0 0.689941 0.606934 0.0205078 0.0185547
0 0.626953 0.610352 0.0117188 0.0351562
0 0.490723 0.476074 0.0126953 0.0380859
0 0.52832 0.502441 0.0175781 0.0322266
0 0.695312 0.424805 0.0195312 0.0195312
0 0.654297 0.585938 0.0195312 0.03125
0 0.476074 0.592285 0.0146484 0.0400391
0 0.473633 0.494141 0.0136719 0.0351562
0 0.700684 0.516602 0.0166016 0.0195312
0 0.689941 0.329102 0.0166016 0.0175781
0 0.532715 0.422852 0.0185547 0.0175781
0 0.691406 0.571289 0.015625 0.0214844
0 0.617676 0.313965 0.0185547 0.0341797
0 0.629395 0.416992 0.0224609 0.0175781
0 0.533203 0.438477 0.0175781 0.0195312
0 0.648926 0.705566 0.0146484 0.0341797
0 0.662598 0.629883 0.0224609 0.0195312
0 0.667969 0.492676 0.0195312 0.0146484
0 0.61084 0.405273 0.0107422 0.0292969
0 0.551758 0.691406 0.015625 0.0273438
0 0.702637 0.597656 0.0166016 0.0273438
0 0.488281 0.591309 0.00976562 0.0400391
0 0.73584 0.452637 0.0205078 0.0166016
0 0.53418 0.75 0.015625 0.0253906
0 0.490723 0.768066 0.0146484 0.0419922
0 0.5 0.453613 0.0195312 0.0185547
0 0.595703 0.814453 0.0117188 0.0390625
0 0.592773 0.418945 0.015625 0.0175781
0 0.513672 0.717773 0.0117188 0.0273438
0 0.413086 0.654297 0.0175781 0.046875
0 0.573242 0.288086 0.015625 0.0292969
0 0.705566 0.538574 0.00878906 0.0361328
0 0.710938 0.492188 0.0136719 0.0273438
0 0.705078 0.437988 0.0195312 0.0205078
0 0.458496 0.718262 0.0126953 0.0419922
0 0.517578 0.479492 0.0175781 0.0195312
0 0.746094 0.521973 0.0117188 0.0322266
0 0.482422 0.596191 0.00976562 0.0439453
0 0.615234 0.378906 0.0078125 0.0292969
0 0.743164 0.42334 0.0234375 0.0185547
0 0.586426 0.751465 0.0126953 0.0400391
0 0.480469 0.561035 0.0117188 0.0283203
0 0.498047 0.511719 0.0136719 0.0214844
0 0.463867 0.615723 0.0195312 0.0283203
0 0.463379 0.637207 0.0185547 0.0263672
0 0.553223 0.72998 0.0146484 0.0283203
0 0.458984 0.585449 0.0175781 0.0302734
0 0.660156 0.460938 0.015625 0.03125
0 0.697754 0.480957 0.0126953 0.0205078
0 0.479492 0.450684 0.0136719 0.0341797
0 0.49707 0.586426 0.0175781 0.0400391
0 0.710938 0.389648 0.0175781 0.0292969
0 0.751953 0.481934 0.0214844 0.0205078
0 0.504395 0.634277 0.0244141 0.0283203
0 0.603027 0.369141 0.00878906 0.0273438
0 0.541016 0.716309 0.0195312 0.0185547
0 0.609375 0.316406 0.0136719 0.0332031
0 0.628906 0.589355 0.0117188 0.0380859
0 0.600098 0.32373 0.00878906 0.0341797
0 0.545898 0.661133 0.0195312 0.0234375
0 0.723633 0.404297 0.0195312 0.0234375
0 0.475098 0.441895 0.0185547 0.0341797
0 0.614258 0.641602 0.0175781 0.0273438
0 0.683594 0.506836 0.0117188 0.0195312
0 0.477051 0.760742 0.0146484 0.0273438
0 0.730469 0.43457 0.00976562 0.0351562
0 0.524414 0.718262 0.0136719 0.0380859
0 0.518555 0.424805 0.0117188 0.0351562
0 0.5 0.745605 0.0175781 0.0341797
0 0.473633 0.701172 0.0214844 0.0332031
0 0.679688 0.446777 0.0136719 0.0263672
0 0.530762 0.680664 0.0107422 0.0390625
0 0.488281 0.716797 0.0175781 0.0234375
0 0.695801 0.459473 0.0185547 0.0302734
0 0.477051 0.776855 0.0205078 0.0283203
0 0.562988 0.683594 0.0107422 0.0332031
0 0.675293 0.512695 0.0126953 0.0234375
0 0.717285 0.37793 0.0185547 0.03125
0 0.61084 0.372559 0.0107422 0.0361328
0 0.717285 0.503906 0.00878906 0.03125
0 0.638672 0.669922 0.0136719 0.0351562
0 0.54248 0.623047 0.0244141 0.0253906
0 0.474121 0.633789 0.0224609 0.0214844
0 0.662598 0.521484 0.0107422 0.0351562
0 0.503906 0.537109 0.0214844 0.0175781
0 0.468262 0.544922 0.0224609 0.0273438
0 0.531738 0.45166 0.0205078 0.0166016
0 0.730957 0.486816 0.0126953 0.0322266
0 0.572754 0.37207 0.0107422 0.0292969
0 0.640137 0.586914 0.0146484 0.03125
0 0.630859 0.649414 0.0117188 0.03125
0 0.585938 0.815918 0.015625 0.0361328
0 0.720215 0.425781 0.0166016 0.0273438
0 0.484375 0.462402 0.0136719 0.0322266
0 0.464844 0.56543 0.0234375 0.0234375
0 0.486816 0.391113 0.0244141 0.0263672
0 0.437988 0.626465 0.0205078 0.0263672
0 0.537109 0.762207 0.0195312 0.0224609
0 0.513672 0.54248 0.0214844 0.0205078
0 0.46582 0.726074 0.00976562 0.0400391
0 0.538086 0.487305 0.015625 0.0292969
0 0.682617 0.334961 0.0117188 0.0332031
0 0.595703 0.659668 0.0195312 0.0224609
0 0.709473 0.373047 0.0185547 0.0332031
0 0.503906 0.559082 0.0234375 0.0244141
0 0.542969 0.561523 0.0175781 0.0292969
0 0.516602 0.455566 0.0195312 0.0244141
0 0.500488 0.481934 0.0146484 0.0302734
0 0.677734 0.632812 0.015625 0.0351562
0 0.584961 0.693359 0.0214844 0.0175781
0 0.635254 0.560547 0.0126953 0.0273438
0 0.522461 0.858398 0.0136719 0.03125
0 0.71582 0.466797 0.0117188 0.0195312
0 0.521484 0.518555 0.0117188 0.0390625
0 0.720703 0.547363 0.015625 0.0224609
0 0.666504 0.424805 0.0205078 0.0234375
0 0.599121 0.471191 0.0126953 0.0322266
0 0.544922 0.683594 0.00976562 0.0332031
0 0.720215 0.393066 0.0185547 0.0224609
0 0.648926 0.527344 0.0205078 0.03125
0 0.604004 0.777832 0.0126953 0.0380859
0 0.591797 0.408691 0.015625 0.0185547
0 0.714844 0.57666 0.00976562 0.0361328
0 0.583984 0.369141 0.0117188 0.0292969
0 0.469727 0.526367 0.0214844 0.0175781
0 0.542969 0.77002 0.0175781 0.0224609
0 0.521484 0.679688 0.00976562 0.0332031
0 0.48877 0.637695 0.0126953 0.0371094
0 0.677734 0.532227 0.0175781 0.0273438
0 0.507324 0.619629 0.0224609 0.0224609
0 0.693359 0.348145 0.0136719 0.0263672
0 0.621094 0.675293 0.0234375 0.0205078
0 0.687012 0.539551 0.00878906 0.0322266
0 0.625977 0.638184 0.0117188 0.0322266
0 0.507812 0.491211 0.00976562 0.0351562
0 0.614746 0.461914 0.0126953 0.03125
0 0.552246 0.749023 0.0185547 0.0234375
0 0.705078 0.475098 0.00976562 0.0341797
0 0.575684 0.751953 0.0107422 0.0410156
0 0.566406 0.757812 0.0136719 0.0371094
0 0.424316 0.632812 0.0146484 0.0273438
0 0.678711 0.60498 0.0117188 0.0263672
0 0.649414 0.433105 0.0117188 0.0322266
0 0.544434 0.596191 0.0166016 0.0400391
0 0.517578 0.842285 0.0175781 0.0263672
0 0.554688 0.846191 0.0136719 0.0419922
0 0.51709 0.700195 0.0126953 0.0351562
0 0.615723 0.777832 0.0146484 0.0458984
0 0.653809 0.499512 0.0224609 0.0166016
0 0.596191 0.336914 0.0107422 0.0332031
0 0.524414 0.653809 0.0292969 0.0244141
0 0.67334 0.476562 0.0107422 0.0273438
0 0.68457 0.631836 0.015625 0.0390625
0 0.594727 0.614746 0.015625 0.0302734
0 0.65625 0.54541 0.015625 0.0283203
0 0.45166 0.593262 0.0244141 0.0224609
0 0.694824 0.543457 0.00878906 0.0361328
0 0.54834 0.520996 0.0263672 0.0263672
0 0.594238 0.631836 0.0185547 0.03125
0 0.637207 0.526367 0.0146484 0.0332031
0 0.720703 0.439941 0.0136719 0.0283203
0 0.384277 0.403809 0.0126953 0.0458984
0 0.654297 0.398926 0.0117188 0.0380859
0 0.624023 0.540527 0.015625 0.0283203
0 0.684082 0.560547 0.0185547 0.0175781
0 0.569824 0.441406 0.0126953 0.0332031
0 0.595215 0.44043 0.0166016 0.0253906
0 0.625977 0.5625 0.0136719 0.03125
0 0.67041 0.447266 0.0146484 0.0273438
0 0.535645 0.789551 0.0244141 0.0224609
0 0.612793 0.62207 0.0166016 0.0273438
0 0.702148 0.341797 0.015625 0.03125
0 0.714844 0.555664 0.015625 0.0253906
0 0.69873 0.503418 0.0146484 0.0302734
0 0.606445 0.458008 0.00976562 0.0332031
0 0.671387 0.36377 0.0185547 0.0263672
0 0.524414 0.749512 0.0195312 0.0283203
0 0.669922 0.650879 0.0253906 0.0146484
0 0.745117 0.40918 0.0234375 0.0175781
0 0.683105 0.418945 0.0146484 0.0390625
0 0.560059 0.565918 0.0146484 0.0419922
0 0.675781 0.3125 0.0253906 0.0234375
0 0.461914 0.761719 0.0195312 0.03125
0 0.546387 0.644531 0.0205078 0.03125
0 0.605469 0.433594 0.0195312 0.0195312
0 0.570801 0.65625 0.0146484 0.0292969
0 0.666016 0.563965 0.015625 0.0341797
0 0.428223 0.606934 0.0166016 0.0322266
0 0.693848 0.390137 0.0107422 0.0341797
0 0.765625 0.459473 0.00976562 0.0322266
0 0.522949 0.776367 0.0224609 0.0195312
0 0.689941 0.368652 0.0146484 0.0244141
0 0.479004 0.51709 0.0205078 0.0185547
0 0.756348 0.462891 0.0166016 0.0234375
0 0.623535 0.34082 0.0205078 0.0195312
0 0.539551 0.307617 0.0107422 0.0410156
0 0.54834 0.837402 0.0126953 0.0361328
0 0.522949 0.281738 0.0224609 0.0205078
0 0.617676 0.720703 0.0126953 0.0449219
0 0.736328 0.522461 0.0117188 0.0332031
0 0.558594 0.414062 0.015625 0.0292969
0 0.601074 0.694336 0.0224609 0.0195312
0 0.665039 0.607422 0.0195312 0.0253906
0 0.650879 0.658203 0.0263672 0.0214844
0 0.55957 0.709961 0.015625 0.0273438
0 0.613281 0.553223 0.0117188 0.0400391
0 0.62793 0.395508 0.0195312 0.0214844
0 0.52002 0.824219 0.0205078 0.0273438
0 0.683594 0.585449 0.015625 0.0341797
0 0.512207 0.75293 0.0107422 0.0390625
0 0.645996 0.560547 0.0166016 0.0332031
0 0.583008 0.440918 0.00976562 0.0322266
0 0.530273 0.840332 0.0117188 0.0419922
0 0.564453 0.649902 0.015625 0.0341797
0 0.592285 0.679688 0.0185547 0.0234375
0 0.674316 0.388184 0.0166016 0.0224609
0 0.644531 0.616211 0.0175781 0.0234375
0 0.505859 0.851074 0.0117188 0.0400391
0 0.52832 0.874512 0.0175781 0.0302734
0 0.746094 0.476074 0.0214844 0.0224609
0 0.600586 0.711914 0.0234375 0.0234375
0 0.581055 0.797363 0.0136719 0.0380859
0 0.57666 0.581055 0.0146484 0.0410156
0 0.550781 0.294922 0.0117188 0.0371094
0 0.64502 0.689941 0.0224609 0.0283203
0 0.626953 0.360352 0.0195312 0.0253906
0 0.515625 0.305176 0.0214844 0.0244141
0 0.601074 0.397461 0.0126953 0.0351562
0 0.566895 0.792969 0.0224609 0.0234375
0 0.603027 0.833984 0.0126953 0.0371094
0 0.750977 0.512695 0.015625 0.03125
0 0.62793 0.372559 0.015625 0.0224609
0 0.529297 0.562012 0.0136719 0.0419922
0 0.623535 0.691895 0.0205078 0.0263672
0 0.699219 0.583984 0.0195312 0.03125
0 0.571777 0.243652 0.0224609 0.0244141
0 0.440918 0.766602 0.0263672 0.03125
0 0.498535 0.692871 0.0205078 0.0322266
0 0.752441 0.438965 0.0224609 0.0205078
0 0.675781 0.344727 0.00976562 0.0351562
0 0.522949 0.255859 0.0185547 0.0332031
0 0.55127 0.344727 0.0185547 0.0253906
0 0.583984 0.466309 0.0195312 0.0283203
0 0.591309 0.730469 0.0224609 0.0253906
0 0.737793 0.390625 0.0205078 0.0253906
0 0.683594 0.484863 0.0117188 0.0322266
0 0.609375 0.855957 0.0195312 0.0341797
0 0.643555 0.467773 0.0175781 0.0273438
0 0.763184 0.430176 0.0224609 0.0205078
0 0.731934 0.571289 0.0205078 0.0214844
0 0.578613 0.84668 0.0185547 0.0351562
0 0.649902 0.362793 0.0185547 0.0302734
0 0.564453 0.350098 0.015625 0.0322266
