0 0.576172 0.695801 0.0273438 0.0361328
0 0.49707 0.640625 0.0214844 0.0273438
0 0.573242 0.68457 0.0214844 0.0410156
0 0.59082 0.651855 0.0292969 0.0478516
0 0.48291 0.626953 0.0341797 0.0214844
0 0.429688 0.671875 0.03125 0.03125
0 0.555664 0.694336 0.0195312 0.0429688
0 0.449707 0.428223 0.0302734 0.0263672
0 0.567383 0.459473 0.0175781 0.0458984
0 0.480469 0.644531 0.03125 0.0292969
0 0.556152 0.575195 0.0341797 0.0410156
0 0.387207 0.470703 0.0380859 0.0273438
0 0.419434 0.579102 0.0263672 0.0371094
0 0.477539 0.66748 0.0292969 0.0322266
0 0.609375 0.558594 0.0351562 0.0234375
0 0.530762 0.563477 0.0302734 0.0332031
0 0.59375 0.504883 0.0273438 0.0449219
0 0.459961 0.635254 0.0175781 0.0361328
0 0.616699 0.506348 0.0283203 0.0419922
0 0.493164 0.605469 0.0195312 0.046875
0 0.739258 0.327637 0.0410156 0.0322266
0 0.555176 0.458008 0.0185547 0.0507812
0 0.458008 0.374023 0.0253906 0.0410156
0 0.472656 0.375977 0.0253906 0.0449219
0 0.580078 0.466309 0.0234375 0.0439453
0 0.639648 0.626465 0.0292969 0.0419922
0 0.46582 0.290039 0.0410156 0.0332031
0 0.394531 0.140137 0.03125 0.0322266
0 0.393066 0.453125 0.0361328 0.03125
0 0.458008 0.681152 0.0214844 0.0498047
0 0.738281 0.70459 0.0351562 0.0361328
0 0.442871 0.4375 0.0322266 0.0292969
0 0.457031 0.518555 0.0351562 0.0351562
0 0.483398 0.716797 0.0253906 0.0546875
0 0.647461 0.6875 0.0332031 0.0351562
0 0.338867 0.383301 0.0332031 0.0302734
0 0.447754 0.411133 0.0322266 0.0253906
0 0.63623 0.46875 0.0380859 0.0292969
0 0.393066 0.374023 0.0244141 0.0488281
0 0.441406 0.487793 0.0273438 0.0400391
0 0.449219 0.322266 0.0351562 0.0351562
0 0.587891 0.561035 0.0253906 0.0458984
0 0.530273 0.768066 0.03125 0.0400391
0 0.406738 0.428711 0.0302734 0.0371094
0 0.513184 0.68457 0.0205078 0.0449219
0 0.393066 0.106445 0.0302734 0.0507812
0 0.406738 0.398438 0.0341797 0.03125
0 0.545898 0.495117 0.0332031 0.0332031
0 0.296387 0.379395 0.0322266 0.0419922
0 0.547852 0.674805 0.0253906 0.0410156
0 0.519531 0.456543 0.0351562 0.0361328
0 0.626953 0.381348 0.0351562 0.0380859
0 0.593262 0.803223 0.0322266 0.0439453
0 0.356934 0.666504 0.0302734 0.0400391
0 0.472168 0.40918 0.0283203 0.0351562
