0 0.351074 0.719727 0.0185547 0.03125
0 0.398438 0.714844 0.0195312 0.0371094
0 0.412109 0.354004 0.0117188 0.0341797
0 0.400391 0.533691 0.0195312 0.0224609
0 0.351562 0.417969 0.0195312 0.0195312
0 0.375488 0.536133 0.0166016 0.0273438
0 0.285645 0.672852 0.0205078 0.0195312
0 0.339355 0.425781 0.0166016 0.03125
0 0.449707 0.541992 0.0244141 0.0234375
0 0.441406 0.71875 0.0117188 0.0351562
0 0.345703 0.546387 0.0136719 0.0419922
0 0.54541 0.559082 0.0244141 0.0263672
0 0.470215 0.54541 0.0146484 0.0361328
0 0.239746 0.601562 0.0244141 0.0234375
0 0.299805 0.583984 0.0175781 0.0371094
0 0.393555 0.650391 0.0234375 0.0273438
0 0.356445 0.542969 0.0214844 0.0234375
0 0.338379 0.763672 0.0224609 0.03125
0 0.272461 0.549805 0.0234375 0.0273438
0 0.477051 0.673828 0.0224609 0.0273438
0 0.410156 0.390137 0.0214844 0.0224609
0 0.342773 0.369141 0.0214844 0.0195312
0 0.529297 0.643555 0.0253906 0.0292969
0 0.425781 0.507812 0.0234375 0.0234375
0 0.46582 0.37793 0.015625 0.0410156
0 0.407227 0.796875 0.0253906 0.0253906
0 0.439941 0.436523 0.0185547 0.03125
0 0.339844 0.670898 0.0214844 0.0292969
0 0.424316 0.44873 0.0146484 0.0419922
0 0.430176 0.708496 0.0166016 0.0361328
0 0.38916 0.54541 0.0126953 0.0400391
0 0.499023 0.446289 0.0214844 0.03125
0 0.30127 0.617188 0.0126953 0.0410156
0 0.454102 0.451172 0.015625 0.0390625
0 0.455566 0.381836 0.0126953 0.0410156
0 0.460449 0.654297 0.0205078 0.0332031
0 0.293457 0.658203 0.0126953 0.0351562
