0 0.473145 0.463379 0.0283203 0.0498047
0 0.401855 0.469238 0.0517578 0.0849609
0 0.432617 0.524414 0.046875 0.0507812
0 0.43457 0.606445 0.0292969 0.0898438
0 0.521484 0.481934 0.0546875 0.0712891
0 0.467285 0.507324 0.0419922 0.0556641
0 0.501953 0.568848 0.0664062 0.0537109
0 0.54541 0.539062 0.0302734 0.0878906
0 0.397461 0.604492 0.0644531 0.0449219
0 0.458984 0.580078 0.0234375 0.0878906
0 0.450195 0.466797 0.03125 0.0917969
0 0.355957 0.536133 0.0302734 0.09375
0 0.445312 0.733887 0.0800781 0.0537109
0 0.401367 0.401367 0.0390625 0.0761719
0 0.499023 0.492676 0.03125 0.0712891
0 0.496582 0.643555 0.0498047 0.105469
0 0.388184 0.538574 0.0419922 0.0849609
0 0.413086 0.562988 0.0703125 0.0419922
0 0.529297 0.432617 0.0761719 0.0429688
0 0.450195 0.419922 0.0566406 0.0410156
0 0.492676 0.40332 0.0302734 0.078125
0 0.414551 0.660645 0.0634766 0.0478516
0 0.460938 0.383301 0.0429688 0.0517578
0 0.319824 0.498535 0.0693359 0.0419922
0 0.472168 0.773926 0.0537109 0.0888672
