0 0.500488 0.609863 0.0341797 0.0283203
0 0.479004 0.526855 0.0283203 0.0712891
0 0.0742188 0.587891 0.0410156 0.0273438
0 0.716797 0.523438 0.0488281 0.0234375
0 0.348633 0.550781 0.0214844 0.0351562
0 0.704102 0.599121 0.0507812 0.0302734
0 0.664551 0.607422 0.0244141 0.0546875
0 0.533203 0.522949 0.0234375 0.0576172
0 0.736328 0.509766 0.0488281 0.0292969
0 0.65332 0.473633 0.0585938 0.0273438
0 0.736816 0.601562 0.0283203 0.0605469
0 0.752441 0.537109 0.0419922 0.0390625
0 0.699707 0.5 0.0439453 0.0390625
0 0.72168 0.652832 0.03125 0.0478516
