0 0.750488 0.65918 0.0556641 0.0351562
0 0.485352 0.752441 0.0566406 0.0244141
0 0.560547 0.833984 0.0761719 0.03125
0 0.392578 0.421875 0.0507812 0.046875
0 0.78418 0.672852 0.0546875 0.03125
0 0.76709 0.771484 0.0400391 0.0527344
0 0.780273 0.182129 0.0429688 0.0654297
0 0.667969 0.365234 0.0527344 0.046875
0 0.383789 0.501953 0.0644531 0.0371094
0 0.71875 0.754395 0.0371094 0.0498047
0 0.620605 0.56543 0.0556641 0.0507812
0 0.429688 0.77832 0.0371094 0.046875
0 0.797363 0.353516 0.0654297 0.0273438
0 0.81543 0.321777 0.046875 0.0478516
0 0.786133 0.476074 0.0390625 0.0400391
0 0.757324 0.435059 0.0439453 0.0341797
0 0.516602 0.768066 0.0527344 0.0361328
0 0.559082 0.547852 0.0498047 0.046875
0 0.783691 0.407715 0.0498047 0.0478516
