0 0.474121 0.400879 0.0205078 0.0498047
0 0.501953 0.395508 0.015625 0.0332031
0 0.532227 0.435059 0.0253906 0.0419922
0 0.550781 0.623047 0.0371094 0.0507812
0 0.433594 0.483398 0.0292969 0.0429688
0 0.643066 0.513672 0.0205078 0.0507812
0 0.457031 0.589355 0.0332031 0.0419922
0 0.541504 0.38916 0.0361328 0.0322266
0 0.351074 0.445312 0.0302734 0.0488281
0 0.525391 0.522949 0.0292969 0.0478516
0 0.418945 0.462891 0.0253906 0.0449219
0 0.493164 0.508789 0.03125 0.0292969
0 0.515625 0.462402 0.0332031 0.0302734
0 0.624512 0.671387 0.0341797 0.0419922
