0 0.448242 0.396484 0.0234375 0.0605469
0 0.657227 0.383789 0.0429688 0.0292969
0 0.530762 0.529785 0.0439453 0.0380859
0 0.730469 0.709961 0.0253906 0.0585938
0 0.549316 0.584473 0.0302734 0.0654297
0 0.571289 0.344727 0.0253906 0.0566406
0 0.334961 0.456543 0.0449219 0.0341797
0 0.630371 0.481445 0.0419922 0.03125
0 0.442871 0.575684 0.0517578 0.0302734
0 0.561035 0.80957 0.0322266 0.0546875
0 0.32666 0.523438 0.0283203 0.0703125
0 0.37793 0.490234 0.0253906 0.0683594
0 0.742188 0.485352 0.0292969 0.0585938
0 0.365723 0.223633 0.0517578 0.0429688
0 0.482422 0.714844 0.0351562 0.0507812
0 0.358887 0.507324 0.0263672 0.0576172
0 0.756348 0.509277 0.0283203 0.0498047
0 0.515625 0.437988 0.0429688 0.0419922
0 0.57959 0.772949 0.0322266 0.0693359
0 0.437988 0.537109 0.0419922 0.0429688
0 0.431641 0.360352 0.0371094 0.0546875
0 0.57373 0.495117 0.0458984 0.0429688
0 0.524414 0.736328 0.0390625 0.0546875
