0 0.00830078 0.748535 0.0166016 0.0166016
0 0.246582 0.418457 0.0732422 0.0224609
0 0.154785 0.713379 0.0732422 0.0146484
0 0.152344 0.699219 0.0898438 0.0175781
0 0.791992 0.504883 0.0644531 0.0214844
0 0.84082 0.491699 0.0449219 0.0302734
0 0.190918 0.722656 0.0615234 0.0195312
0 0.209961 0.73877 0.0722656 0.0166016
0 0.362305 0.532227 0.0722656 0.0214844
0 0.359375 0.541992 0.0644531 0.0136719
0 0.43457 0.5625 0.078125 0.015625
0 0.160156 0.746094 0.03125 0.0351562
0 0.15625 0.77832 0.0585938 0.0351562
0 0.167969 0.666992 0.0664062 0.0253906
0 0.26416 0.504883 0.0615234 0.0292969
0 0.114258 0.745117 0.0488281 0.0332031
0 0.416504 0.539062 0.0537109 0.0273438
