0 0.541992 0.615723 0.0449219 0.0361328
0 0.416992 0.521973 0.0371094 0.0419922
0 0.614258 0.616211 0.046875 0.0371094
0 0.327148 0.651855 0.0449219 0.0322266
0 0.552246 0.810547 0.0341797 0.0722656
0 0.291504 0.118652 0.0400391 0.0400391
0 0.506348 0.380859 0.0478516 0.0292969
0 0.62207 0.543945 0.0429688 0.0253906
0 0.587891 0.516113 0.0449219 0.0302734
0 0.299316 0.194336 0.0302734 0.0605469
0 0.308594 0.527832 0.03125 0.0615234
0 0.388672 0.732422 0.0332031 0.0585938
0 0.502441 0.321777 0.0263672 0.0556641
0 0.450684 0.710449 0.0302734 0.0693359
0 0.605957 0.447754 0.0361328 0.0576172
0 0.365234 0.569824 0.0371094 0.0556641
0 0.32666 0.345215 0.0341797 0.0537109
0 0.46582 0.30957 0.0390625 0.0488281
0 0.554688 0.37793 0.0371094 0.0507812
