0 0.123535 0.592773 0.0107422 0.03125
0 0.369629 0.537598 0.0263672 0.0205078
0 0.366211 0.544922 0.0214844 0.0175781
0 0.234375 0.53418 0.015625 0.0234375
0 0.347656 0.556641 0.0175781 0.0351562
0 0.262695 0.445312 0.0214844 0.0273438
0 0.425781 0.561035 0.0136719 0.0341797
0 0.302246 0.472656 0.0185547 0.0214844
0 0.367188 0.570801 0.0117188 0.0341797
0 0.544922 0.577637 0.0234375 0.0224609
0 0.441895 0.549805 0.0185547 0.0292969
0 0.336914 0.578125 0.0214844 0.0351562
0 0.450684 0.621094 0.0224609 0.03125
0 0.540527 0.640137 0.0263672 0.0283203
