0 0.667969 0.484375 0.0292969 0.046875
0 0.715332 0.519043 0.0458984 0.0283203
0 0.616211 0.732422 0.0292969 0.0742188
0 0.680176 0.563477 0.0126953 0.0429688
0 0.613281 0.655762 0.0351562 0.0712891
0 0.741699 0.373047 0.0478516 0.0234375
0 0.680664 0.474609 0.046875 0.046875
0 0.732422 0.416992 0.0234375 0.0332031
0 0.481934 0.500977 0.0263672 0.0507812
0 0.646484 0.641113 0.015625 0.0673828
0 0.714844 0.493164 0.0488281 0.0253906
0 0.62207 0.61084 0.0429688 0.0283203
0 0.51123 0.508301 0.0166016 0.0771484
0 0.70459 0.643555 0.0380859 0.0703125
0 0.657715 0.593262 0.0537109 0.0302734
0 0.688965 0.521484 0.0458984 0.0234375
0 0.61084 0.571777 0.0478516 0.0263672
0 0.649414 0.561523 0.0390625 0.0371094
0 0.70166 0.438965 0.0498047 0.0302734
0 0.532715 0.511719 0.0322266 0.0449219
0 0.774414 0.492188 0.046875 0.0644531
0 0.771973 0.559082 0.0224609 0.0537109
0 0.560547 0.559082 0.0546875 0.0302734
0 0.562012 0.518555 0.0439453 0.0507812
0 0.474121 0.53125 0.0537109 0.0234375
0 0.764648 0.527344 0.0429688 0.0371094
0 0.6875 0.540039 0.0429688 0.0273438
0 0.754883 0.567871 0.0195312 0.0517578
0 0.617188 0.481445 0.0488281 0.0273438
0 0.653809 0.520508 0.0244141 0.0664062
0 0.440918 0.507812 0.0439453 0.0332031
