0 0.453613 0.586914 0.0244141 0.0332031
0 0.497559 0.44043 0.0615234 0.0214844
0 0.36084 0.50293 0.0361328 0.015625
0 0.436035 0.494141 0.0439453 0.015625
0 0.598633 0.428223 0.0488281 0.0166016
0 0.44043 0.418945 0.0195312 0.03125
0 0.507812 0.579102 0.0332031 0.0253906
0 0.480469 0.577148 0.0429688 0.0175781
0 0.383789 0.345703 0.0371094 0.03125
0 0.52832 0.541016 0.0332031 0.03125
0 0.474121 0.425293 0.0400391 0.0205078
0 0.339355 0.400391 0.0244141 0.03125
0 0.591797 0.699219 0.0273438 0.0351562
0 0.297852 0.40332 0.0214844 0.0371094
0 0.371094 0.380859 0.0351562 0.0234375
