0 0.1875 0.518066 0.0429688 0.0361328
0 0.513184 0.374512 0.0283203 0.0302734
0 0.481445 0.802734 0.0390625 0.0253906
0 0.510742 0.657715 0.0507812 0.0302734
0 0.197266 0.416016 0.0429688 0.0390625
0 0.328125 0.489258 0.0410156 0.0292969
0 0.480469 0.565918 0.0253906 0.0341797
0 0.506348 0.789551 0.0361328 0.0224609
0 0.581543 0.216309 0.0439453 0.0400391
0 0.45166 0.382812 0.0478516 0.0234375
0 0.443848 0.604492 0.0322266 0.0371094
0 0.751465 0.374023 0.0458984 0.03125
0 0.49707 0.558105 0.0273438 0.0400391
0 0.485352 0.296387 0.0351562 0.0419922
0 0.337891 0.473633 0.0546875 0.0234375
0 0.646484 0.73584 0.0332031 0.0302734
0 0.41748 0.744141 0.0478516 0.0234375
0 0.688965 0.549316 0.0400391 0.0400391
0 0.766113 0.576172 0.0458984 0.0234375
0 0.652344 0.439453 0.0546875 0.0273438
0 0.798828 0.468262 0.0390625 0.0341797
0 0.412109 0.725586 0.0546875 0.0195312
0 0.562012 0.549805 0.0517578 0.0253906
0 0.262695 0.376465 0.0546875 0.0283203
0 0.237793 0.556641 0.0361328 0.0429688
0 0.588379 0.584961 0.0400391 0.0449219
0 0.661621 0.674316 0.0634766 0.0322266
0 0.413574 0.674805 0.0478516 0.0351562
0 0.526367 0.504395 0.0449219 0.0322266
0 0.559082 0.711426 0.0498047 0.0322266
