0 0.397461 0.533691 0.0332031 0.0537109
0 0.434082 0.652344 0.0263672 0.0429688
0 0.495117 0.504883 0.0410156 0.0488281
0 0.539062 0.354492 0.0351562 0.0214844
0 0.58252 0.530273 0.0224609 0.0683594
0 0.440918 0.486816 0.0166016 0.0615234
0 0.588867 0.48291 0.0214844 0.0732422
0 0.399414 0.381348 0.0429688 0.0654297
0 0.455566 0.500977 0.0302734 0.0527344
0 0.344727 0.40918 0.0332031 0.0800781
0 0.609375 0.457031 0.0273438 0.0664062
0 0.520508 0.3125 0.0371094 0.0742188
0 0.311523 0.508789 0.0488281 0.0410156
0 0.547852 0.601074 0.0429688 0.0419922
0 0.62207 0.567383 0.0410156 0.0527344
0 0.539062 0.263184 0.0546875 0.0478516
