0 0.474121 0.710938 0.0263672 0.0429688
0 0.602539 0.573242 0.0292969 0.0644531
0 0.651367 0.538086 0.0332031 0.0332031
0 0.383301 0.530762 0.0361328 0.0361328
0 0.469727 0.320312 0.0292969 0.0546875
0 0.264648 0.339844 0.0292969 0.0742188
0 0.267578 0.696777 0.0292969 0.0556641
0 0.5 0.206543 0.0332031 0.0615234
0 0.496582 0.514648 0.0341797 0.0449219
0 0.288574 0.813477 0.0439453 0.0351562
0 0.726562 0.301758 0.046875 0.0449219
0 0.367188 0.713867 0.0429688 0.0371094
0 0.339844 0.494629 0.03125 0.0615234
0 0.213379 0.443848 0.0380859 0.0458984
0 0.618164 0.357422 0.0351562 0.046875
0 0.515137 0.368164 0.0400391 0.046875
