0 0.488281 0.480469 0.0351562 0.0566406
0 0.550781 0.475586 0.0449219 0.03125
0 0.385742 0.501953 0.0449219 0.0527344
0 0.418945 0.416992 0.0488281 0.0566406
0 0.541992 0.461914 0.0410156 0.0292969
0 0.537109 0.521484 0.0234375 0.0703125
0 0.576172 0.495117 0.0546875 0.078125
0 0.446289 0.375 0.0332031 0.0546875
0 0.470703 0.429199 0.046875 0.0693359
0 0.642578 0.483398 0.0410156 0.0566406
0 0.421387 0.467773 0.0380859 0.0605469
0 0.395996 0.417969 0.0498047 0.0644531
0 0.419434 0.528809 0.0537109 0.0458984
0 0.37793 0.405273 0.0488281 0.0488281
0 0.557617 0.65918 0.0292969 0.0839844
0 0.373535 0.385742 0.0537109 0.0527344
0 0.381836 0.587891 0.0566406 0.0664062
0 0.599609 0.588867 0.0664062 0.0683594
0 0.511719 0.472656 0.0234375 0.0976562
0 0.461426 0.507812 0.0419922 0.0703125
0 0.689453 0.444824 0.0351562 0.0888672
0 0.330078 0.404297 0.0371094 0.0703125
0 0.392578 0.462402 0.0546875 0.0458984
0 0.643555 0.362305 0.0410156 0.0644531
