0 0.506348 0.553223 0.0244141 0.0380859
0 0.483398 0.566895 0.0292969 0.0361328
0 0.443848 0.611816 0.0517578 0.0205078
0 0.476562 0.625488 0.03125 0.0302734
0 0.531738 0.549805 0.0185547 0.046875
0 0.418945 0.508301 0.0332031 0.0224609
0 0.488281 0.595703 0.0371094 0.0214844
0 0.547852 0.598145 0.0292969 0.0517578
0 0.464355 0.430176 0.0458984 0.0478516
0 0.372559 0.686523 0.0478516 0.0429688
0 0.435547 0.444824 0.0390625 0.0439453
0 0.375 0.709961 0.0371094 0.0351562
0 0.459473 0.579102 0.0419922 0.0566406
0 0.418457 0.527344 0.0361328 0.0195312
0 0.45166 0.54834 0.0517578 0.0263672
0 0.492188 0.476074 0.0390625 0.0400391
0 0.418457 0.601562 0.0439453 0.0507812
0 0.551758 0.558594 0.0332031 0.0644531
0 0.341797 0.697754 0.0234375 0.0517578
0 0.393555 0.556641 0.0429688 0.0429688
0 0.51709 0.462891 0.0517578 0.0253906
0 0.502441 0.625 0.0244141 0.0371094
0 0.422852 0.567383 0.0449219 0.0273438
0 0.515625 0.593262 0.0273438 0.0478516
0 0.382812 0.648438 0.0390625 0.0410156
0 0.404785 0.649902 0.0419922 0.0537109
0 0.550293 0.639648 0.0380859 0.0410156
0 0.47168 0.518066 0.0332031 0.0380859
0 0.48291 0.37207 0.0224609 0.0683594
0 0.481445 0.668457 0.0195312 0.0654297
0 0.388184 0.611328 0.0263672 0.0488281
0 0.570312 0.545898 0.0390625 0.0625
0 0.446289 0.519531 0.046875 0.0429688
0 0.504883 0.676758 0.0214844 0.0625
0 0.433105 0.478027 0.0439453 0.0458984
0 0.605469 0.597168 0.0429688 0.0419922
0 0.394043 0.49707 0.0302734 0.0507812
0 0.494141 0.509766 0.0351562 0.0488281
0 0.440918 0.405273 0.0458984 0.0332031
0 0.35791 0.555664 0.0537109 0.0292969
0 0.465332 0.470703 0.0224609 0.0644531
0 0.524902 0.509277 0.0244141 0.0654297
0 0.508789 0.394043 0.0527344 0.0439453
0 0.526855 0.672852 0.0224609 0.0664062
0 0.441406 0.666016 0.0390625 0.0429688
0 0.450195 0.630859 0.0527344 0.0449219
