0 0.387695 0.547852 0.0175781 0.0292969
0 0.438477 0.518066 0.0175781 0.0419922
0 0.357422 0.610352 0.015625 0.0546875
0 0.386719 0.456055 0.0195312 0.0351562
0 0.490234 0.563477 0.03125 0.0292969
0 0.336914 0.579102 0.0175781 0.0390625
0 0.168945 0.342773 0.00976562 0.0371094
0 0.364746 0.544922 0.0166016 0.0546875
0 0.571289 0.589844 0.0332031 0.03125
0 0.321777 0.581055 0.0205078 0.0371094
0 0.413086 0.571289 0.0214844 0.0449219
0 0.353027 0.599609 0.0146484 0.0507812
0 0.310547 0.557617 0.0175781 0.0449219
0 0.38916 0.56543 0.0126953 0.0429688
0 0.337891 0.556641 0.0136719 0.046875
0 0.368164 0.592773 0.0253906 0.0449219
0 0.421875 0.450195 0.0332031 0.0449219
0 0.430664 0.557617 0.0136719 0.0546875
0 0.484375 0.491211 0.0117188 0.0410156
0 0.371094 0.629395 0.0195312 0.0419922
0 0.566406 0.664062 0.015625 0.0546875
0 0.45752 0.616211 0.0302734 0.0253906
0 0.312988 0.520508 0.0166016 0.0449219
0 0.331055 0.491211 0.0214844 0.0292969
0 0.394043 0.443359 0.0244141 0.0507812
0 0.480469 0.584473 0.03125 0.0244141
0 0.383789 0.528809 0.0214844 0.0556641
0 0.580078 0.463379 0.03125 0.0166016
0 0.361328 0.410156 0.0195312 0.0566406
0 0.457031 0.575684 0.0195312 0.0576172
0 0.694336 0.595703 0.0214844 0.0507812
0 0.631836 0.471191 0.0292969 0.0400391
