0 0.663086 0.566406 0.0605469 0.0449219
0 0.630859 0.422363 0.0292969 0.0908203
0 0.569824 0.649414 0.0712891 0.0585938
0 0.67041 0.589355 0.0556641 0.0380859
0 0.602539 0.367188 0.0390625 0.0546875
0 0.597656 0.481934 0.0683594 0.0556641
0 0.472656 0.530273 0.0527344 0.0625
0 0.477539 0.480957 0.0371094 0.0986328
0 0.675781 0.623047 0.0625 0.0488281
0 0.665039 0.527344 0.0644531 0.0371094
0 0.515137 0.470703 0.0576172 0.0585938
0 0.64209 0.388672 0.0693359 0.0527344
0 0.453613 0.583008 0.0517578 0.0449219
0 0.546387 0.439941 0.0537109 0.0634766
0 0.714844 0.545898 0.0605469 0.0546875
0 0.585938 0.598145 0.0683594 0.0341797
0 0.498047 0.543457 0.0605469 0.0498047
0 0.567383 0.375488 0.0332031 0.106445
0 0.559082 0.500488 0.0595703 0.0693359
0 0.65625 0.429688 0.0292969 0.0859375
0 0.716797 0.59668 0.0527344 0.0410156
0 0.674805 0.489258 0.0820312 0.0390625
0 0.595703 0.414062 0.0351562 0.107422
0 0.521484 0.503418 0.0605469 0.0576172
0 0.530762 0.405762 0.0458984 0.0771484
0 0.633789 0.627441 0.0507812 0.0498047
0 0.456055 0.615723 0.0566406 0.0498047
0 0.597168 0.566406 0.0654297 0.0332031
0 0.726562 0.730469 0.0332031 0.103516
0 0.612793 0.525879 0.0537109 0.0615234
0 0.622559 0.731445 0.0380859 0.0742188
0 0.674805 0.746094 0.078125 0.046875
0 0.555664 0.546875 0.0761719 0.0390625
0 0.696777 0.536133 0.0595703 0.0488281
0 0.580566 0.716797 0.0654297 0.0488281
0 0.68457 0.69873 0.0664062 0.0712891
0 0.502441 0.603516 0.0419922 0.0917969
0 0.567383 0.754395 0.0703125 0.0537109
