0 0.0205078 0.435547 0.0371094 0.0253906
0 0.702637 0.285645 0.0732422 0.0283203
0 0.0507812 0.43457 0.0292969 0.0292969
0 0.48291 0.22998 0.0126953 0.0419922
0 0.431152 0.458984 0.124023 0.0449219
0 0.0419922 0.461914 0.0683594 0.0195312
0 0.508789 0.218262 0.0214844 0.0322266
0 0.307129 0.421387 0.0517578 0.0126953
0 0.0844727 0.445801 0.0400391 0.0224609
0 0.526855 0.25293 0.0244141 0.0253906
0 0.649902 0.343262 0.0517578 0.0146484
0 0.508789 0.198242 0.0273438 0.0292969
0 0.00927734 0.503418 0.0185547 0.0419922
0 0.852051 0.42334 0.0498047 0.0302734
0 0.346191 0.422852 0.0380859 0.0175781
0 0.0913086 0.207031 0.0322266 0.0371094
0 0.435547 0.437012 0.0488281 0.0302734
0 0.586914 0.554199 0.0234375 0.0283203
0 0.831543 0.388672 0.0439453 0.0136719
0 0.520996 0.634766 0.0478516 0.0371094
0 0.617188 0.38623 0.0371094 0.0322266
0 0.0620117 0.456543 0.0498047 0.0224609
0 0.0429688 0.303711 0.0351562 0.0292969
0 0.0800781 0.417969 0.0605469 0.0273438
0 0.663574 0.555176 0.0302734 0.0322266
0 0.806641 0.405762 0.0175781 0.0263672
0 0.293457 0.433594 0.0439453 0.0117188
0 0.0439453 0.375977 0.0683594 0.0332031
0 0.508301 0.244141 0.0341797 0.0214844
0 0.771973 0.404297 0.0283203 0.0351562
0 0.244141 0.430664 0.0566406 0.0175781
0 0.834961 0.401367 0.0429688 0.0195312
0 0.130859 0.444824 0.0605469 0.0283203
0 0.583008 0.583984 0.0332031 0.0273438
0 0.569336 0.557129 0.0351562 0.0244141
0 0.609375 0.501953 0.0488281 0.0175781
0 0.742188 0.400391 0.0351562 0.0253906
0 0.640625 0.575684 0.0332031 0.0283203
0 0.464355 0.511719 0.0322266 0.03125
0 0.111328 0.184082 0.0390625 0.0244141
0 0.980469 0.466797 0.0332031 0.0136719
0 0.530762 0.52832 0.0517578 0.0136719
0 0.790527 0.376953 0.0478516 0.0136719
0 0.0546875 0.31543 0.0351562 0.0371094
0 0.589355 0.444336 0.0263672 0.0273438
0 0.746582 0.387207 0.0419922 0.0244141
0 0.797363 0.392578 0.0341797 0.0292969
0 0.599609 0.472656 0.046875 0.0253906
0 0.059082 0.222168 0.0263672 0.0361328
0 0.556152 0.582031 0.0537109 0.0214844
0 0.515625 0.54541 0.0429688 0.0263672
0 0.958008 0.461426 0.0390625 0.0205078
0 0.17334 0.429688 0.0517578 0.0234375
0 0.549805 0.55127 0.0351562 0.0263672
