0 0.388672 0.414062 0.0253906 0.0390625
0 0.410156 0.452148 0.0214844 0.0371094
0 0.444824 0.379395 0.0224609 0.0517578
0 0.671387 0.62207 0.0283203 0.0390625
0 0.540039 0.421875 0.0273438 0.03125
0 0.501465 0.398438 0.0224609 0.0488281
0 0.521973 0.342773 0.0146484 0.0449219
0 0.398438 0.430664 0.0234375 0.0273438
0 0.677734 0.589844 0.0214844 0.0449219
0 0.57959 0.578613 0.0302734 0.0224609
0 0.607422 0.621094 0.015625 0.0507812
0 0.437988 0.294922 0.0166016 0.0449219
0 0.616699 0.400879 0.0205078 0.0419922
0 0.453125 0.513672 0.0234375 0.0371094
0 0.668945 0.609863 0.03125 0.0302734
0 0.548828 0.534668 0.0214844 0.0458984
0 0.404785 0.493652 0.0244141 0.0400391
0 0.459473 0.450684 0.0146484 0.0498047
0 0.545898 0.636719 0.0214844 0.0507812
0 0.521484 0.577148 0.0273438 0.0234375
0 0.631348 0.393555 0.0263672 0.046875
0 0.452148 0.222656 0.0292969 0.0488281
0 0.411133 0.660645 0.0195312 0.0517578
0 0.53125 0.371094 0.0253906 0.0292969
0 0.662109 0.482422 0.0214844 0.0332031
0 0.654785 0.582031 0.0126953 0.0429688
0 0.675781 0.341797 0.0175781 0.0546875
0 0.557129 0.322754 0.0185547 0.0478516
0 0.617188 0.375977 0.0234375 0.0371094
0 0.569824 0.459961 0.0322266 0.0332031
0 0.406738 0.638672 0.0146484 0.0449219
0 0.507812 0.365723 0.015625 0.0478516
0 0.528809 0.43457 0.0341797 0.0292969
0 0.478027 0.26709 0.0205078 0.0498047
0 0.493652 0.308105 0.0205078 0.0380859
0 0.389648 0.62793 0.015625 0.0546875
0 0.601562 0.618164 0.015625 0.0527344
0 0.538086 0.330078 0.0292969 0.0449219
0 0.379883 0.368652 0.0175781 0.0517578
0 0.410156 0.587891 0.0273438 0.03125
0 0.644531 0.455566 0.0234375 0.0400391
0 0.663086 0.564453 0.015625 0.0390625
0 0.57959 0.393555 0.0283203 0.0273438
0 0.584473 0.355469 0.0263672 0.0273438
0 0.48584 0.69043 0.0205078 0.0527344
0 0.490723 0.355957 0.0263672 0.0263672
0 0.632812 0.480957 0.0253906 0.0439453
0 0.580078 0.546875 0.0195312 0.0410156
0 0.494141 0.394531 0.0214844 0.0546875
0 0.675781 0.636719 0.0273438 0.0429688
0 0.375977 0.54834 0.0195312 0.0517578
0 0.550781 0.470215 0.0214844 0.0380859
0 0.581543 0.424805 0.0185547 0.0488281
0 0.664551 0.32959 0.0166016 0.0478516
0 0.454102 0.494141 0.0234375 0.046875
0 0.488281 0.279785 0.015625 0.0380859
0 0.500488 0.705078 0.0322266 0.0292969
0 0.705566 0.383789 0.0224609 0.046875
0 0.375 0.415039 0.0273438 0.046875
0 0.616211 0.597656 0.0175781 0.0449219
0 0.474609 0.443359 0.0253906 0.0351562
0 0.720215 0.522461 0.0185547 0.0546875
0 0.435547 0.438965 0.0273438 0.0380859
0 0.34375 0.689941 0.0292969 0.0302734
0 0.538086 0.649414 0.0195312 0.0527344
0 0.57666 0.613281 0.0185547 0.0449219
0 0.649414 0.508789 0.0175781 0.0527344
0 0.407227 0.564453 0.0234375 0.0410156
0 0.641602 0.43457 0.0292969 0.03125
0 0.647461 0.666992 0.0195312 0.0585938
0 0.567871 0.527832 0.0224609 0.0458984
0 0.375 0.643066 0.0234375 0.0439453
0 0.388672 0.664062 0.0292969 0.0332031
0 0.424316 0.713867 0.0205078 0.0625
0 0.621094 0.444336 0.0195312 0.0449219
0 0.414551 0.616699 0.0263672 0.0283203
0 0.504395 0.587402 0.0263672 0.0361328
0 0.68457 0.668945 0.0273438 0.0390625
0 0.612793 0.664062 0.0302734 0.03125
0 0.474121 0.682129 0.0224609 0.0458984
0 0.515137 0.55127 0.0224609 0.0517578
0 0.632324 0.647949 0.0263672 0.0341797
0 0.421387 0.644043 0.0205078 0.0419922
0 0.443848 0.335449 0.0263672 0.0400391
0 0.376465 0.442383 0.0341797 0.0292969
0 0.724609 0.678223 0.0332031 0.0341797
0 0.693359 0.379883 0.0253906 0.0390625
0 0.418945 0.479492 0.0292969 0.03125
0 0.492676 0.505371 0.0205078 0.0478516
0 0.400879 0.39502 0.0322266 0.0302734
0 0.576172 0.327148 0.0253906 0.0390625
0 0.495117 0.813965 0.03125 0.0341797
0 0.469238 0.307617 0.0283203 0.0429688
0 0.663086 0.393555 0.0292969 0.03125
0 0.515137 0.772949 0.0205078 0.0556641
0 0.480957 0.573242 0.0244141 0.0390625
0 0.487793 0.13916 0.0205078 0.0439453
0 0.517578 0.730469 0.0253906 0.0410156
0 0.641602 0.628906 0.0292969 0.03125
0 0.38623 0.804688 0.0244141 0.0488281
0 0.610352 0.47168 0.0273438 0.0449219
0 0.51416 0.621094 0.0205078 0.046875
0 0.681152 0.408203 0.0244141 0.03125
0 0.631836 0.52832 0.0273438 0.0351562
0 0.390625 0.75 0.0253906 0.0449219
0 0.639648 0.592285 0.0214844 0.0498047
0 0.369141 0.688477 0.0253906 0.0546875
0 0.608398 0.525391 0.0234375 0.0410156
0 0.480469 0.211426 0.0234375 0.0478516
