0 0.333496 0.606445 0.0595703 0.0332031
0 0.323242 0.731445 0.0507812 0.0410156
0 0.382324 0.69873 0.0654297 0.0361328
0 0.462891 0.56543 0.046875 0.0371094
0 0.645508 0.209961 0.0371094 0.0839844
0 0.525879 0.344238 0.0380859 0.0615234
0 0.491211 0.96875 0.0488281 0.0546875
0 0.694824 0.536621 0.0361328 0.0654297
0 0.466309 0.677734 0.0498047 0.0429688
0 0.707031 0.241211 0.0546875 0.0449219
0 0.557617 0.097168 0.0332031 0.0751953
0 0.224609 0.508301 0.0449219 0.0751953
0 0.395508 0.40918 0.0371094 0.0644531
0 0.491699 0.479004 0.0419922 0.0537109
0 0.617188 0.646484 0.0507812 0.0507812
