0 0.362793 0.555176 0.0283203 0.0615234
0 0.549316 0.93457 0.0419922 0.103516
0 0.541504 0.5625 0.0400391 0.0546875
0 0.512695 0.566406 0.0214844 0.0683594
0 0.333984 0.560547 0.0449219 0.0742188
0 0.512695 0.313965 0.0214844 0.0556641
0 0.533203 0.409668 0.0429688 0.0283203
0 0.382812 0.693359 0.0332031 0.0703125
0 0.526367 0.385254 0.0449219 0.0380859
0 0.629883 0.87207 0.0390625 0.0566406
0 0.574707 0.620117 0.0244141 0.0507812
0 0.404297 0.55957 0.0351562 0.0390625
0 0.800293 0.523926 0.0478516 0.0498047
0 0.543945 0.848633 0.0371094 0.0625
0 0.542969 0.513672 0.0195312 0.046875
0 0.367676 0.479492 0.0341797 0.0566406
0 0.582031 0.366211 0.0390625 0.0351562
0 0.397461 0.498047 0.0351562 0.0371094
0 0.62207 0.489746 0.0410156 0.0263672
0 0.381836 0.626953 0.0332031 0.0507812
0 0.388672 0.445312 0.0253906 0.0625
0 0.583984 0.255859 0.0234375 0.078125
0 0.661133 0.479492 0.0410156 0.0488281
0 0.385254 0.401367 0.0400391 0.0371094
