0 0.691406 0.447266 0.0722656 0.03125
0 0.44873 0.258789 0.0537109 0.0527344
0 0.518066 0.386719 0.0654297 0.0292969
0 0.235352 0.554199 0.0644531 0.0361328
0 0.682129 0.580078 0.0478516 0.0351562
0 0.569336 0.573242 0.0625 0.0410156
0 0.369141 0.840332 0.0390625 0.0458984
0 0.366699 0.572266 0.0615234 0.0449219
0 0.63623 0.293945 0.0458984 0.0527344
0 0.886719 0.338867 0.0605469 0.0488281
0 0.694824 0.293457 0.0634766 0.0380859
0 0.409668 0.375488 0.0419922 0.0458984
0 0.681641 0.82666 0.0605469 0.0361328
0 0.663086 0.725098 0.0390625 0.0400391
0 0.679199 0.702637 0.0576172 0.0400391
0 0.38916 0.476562 0.0400391 0.0449219
0 0.329102 0.295898 0.0644531 0.03125
0 0.252441 0.29834 0.0537109 0.0322266
0 0.755859 0.578125 0.0488281 0.0429688
0 0.734375 0.361328 0.0527344 0.0410156
0 0.536133 0.423828 0.0507812 0.0429688
0 0.287598 0.272949 0.0576172 0.0361328
