0 0.374023 0.691406 0.0839844 0.0507812
0 0.347168 0.869141 0.0478516 0.0898438
0 0.564453 0.61377 0.046875 0.0888672
0 0.283203 0.44043 0.0800781 0.0527344
0 0.320801 0.845703 0.0830078 0.0742188
0 0.274414 0.597168 0.0605469 0.0849609
0 0.352539 0.669922 0.0683594 0.0546875
0 0.361328 0.517578 0.0585938 0.0839844
0 0.675781 0.414551 0.0898438 0.0576172
0 0.459961 0.338867 0.0722656 0.105469
0 0.383301 0.253906 0.0849609 0.0566406
0 0.227051 0.68457 0.0849609 0.0957031
0 0.455078 0.0688477 0.078125 0.0693359
0 0.34082 0.380859 0.0703125 0.0859375
