0 0.634766 0.628906 0.0078125 0.015625
0 0.543945 0.624023 0.0214844 0.0117188
0 0.587891 0.524414 0.0175781 0.0136719
0 0.528809 0.55957 0.0107422 0.0253906
0 0.426758 0.604492 0.00976562 0.0214844
0 0.527344 0.616699 0.0117188 0.0341797
0 0.601074 0.655273 0.0185547 0.0175781
0 0.574219 0.516113 0.0117188 0.0224609
0 0.577148 0.702148 0.0136719 0.03125
0 0.547363 0.613281 0.0244141 0.015625
0 0.564941 0.542969 0.0166016 0.03125
0 0.392578 0.623047 0.015625 0.0195312
0 0.520508 0.613281 0.0136719 0.0332031
0 0.572266 0.683594 0.0136719 0.0214844
0 0.617188 0.563965 0.0195312 0.0166016
0 0.59375 0.549316 0.0195312 0.0146484
0 0.558594 0.600098 0.0117188 0.0244141
0 0.498535 0.72168 0.0224609 0.0175781
0 0.583008 0.679688 0.015625 0.03125
0 0.637695 0.673828 0.0253906 0.0175781
0 0.589355 0.704102 0.0146484 0.0253906
0 0.526367 0.588867 0.0136719 0.0292969
0 0.586426 0.62793 0.0185547 0.0253906
0 0.655273 0.678223 0.0175781 0.0302734
0 0.475098 0.554688 0.0224609 0.0273438
0 0.613281 0.577148 0.0195312 0.0214844
0 0.58252 0.600586 0.0107422 0.0292969
0 0.625977 0.557617 0.0136719 0.0292969
0 0.57959 0.553223 0.0166016 0.0263672
0 0.619629 0.613281 0.0166016 0.0234375
0 0.505859 0.661133 0.0273438 0.0175781
0 0.59668 0.53418 0.0175781 0.0195312
0 0.627441 0.602539 0.0205078 0.0253906
