0 0.411621 0.548828 0.0205078 0.0546875
0 0.432129 0.700684 0.0322266 0.0322266
0 0.440918 0.527344 0.0263672 0.0234375
0 0.483887 0.363281 0.0322266 0.0390625
0 0.46582 0.734375 0.0273438 0.0390625
0 0.580078 0.475586 0.0195312 0.0507812
0 0.492676 0.744629 0.0302734 0.0302734
0 0.469727 0.355469 0.0253906 0.0351562
0 0.400391 0.773438 0.0195312 0.0683594
0 0.524902 0.828125 0.0341797 0.0292969
0 0.455078 0.428711 0.03125 0.0292969
0 0.54834 0.50293 0.0166016 0.0488281
0 0.456055 0.605957 0.0175781 0.0517578
0 0.461914 0.486328 0.0292969 0.0351562
0 0.460938 0.522949 0.0234375 0.0478516
0 0.493652 0.373047 0.0244141 0.0410156
0 0.616211 0.496582 0.0273438 0.0400391
0 0.444824 0.498047 0.0283203 0.03125
0 0.444336 0.689453 0.0214844 0.0449219
0 0.552734 0.527832 0.0292969 0.0341797
0 0.624023 0.537109 0.0195312 0.0507812
0 0.446289 0.455078 0.0292969 0.03125
0 0.486328 0.675781 0.0292969 0.0273438
0 0.452637 0.661621 0.0361328 0.0380859
0 0.500488 0.626953 0.0224609 0.0488281
0 0.429199 0.600586 0.0205078 0.046875
0 0.390137 0.619629 0.0341797 0.0380859
0 0.464355 0.556641 0.0244141 0.0683594
0 0.501465 0.782227 0.0341797 0.0273438
0 0.484375 0.841797 0.0234375 0.0585938
0 0.587402 0.607422 0.0205078 0.0488281
0 0.527832 0.546387 0.0302734 0.0302734
0 0.64502 0.599121 0.0185547 0.0517578
0 0.637695 0.553223 0.0292969 0.0361328
0 0.469727 0.642578 0.0195312 0.0566406
0 0.391113 0.980469 0.0205078 0.0390625
0 0.461914 0.706055 0.0332031 0.0390625
0 0.592285 0.479492 0.0263672 0.0371094
0 0.443848 0.984863 0.0283203 0.0302734
0 0.510742 0.708984 0.03125 0.03125
0 0.441406 0.605469 0.0253906 0.0390625
0 0.441895 0.37207 0.0322266 0.0253906
0 0.478027 0.33252 0.0283203 0.0400391
0 0.490723 0.419434 0.0185547 0.0517578
0 0.407227 0.505371 0.0214844 0.0498047
0 0.53418 0.767578 0.0273438 0.0253906
0 0.544434 0.441406 0.0263672 0.0390625
0 0.399414 0.706543 0.0214844 0.0654297
0 0.481445 0.475586 0.0234375 0.0566406
0 0.501953 0.506836 0.0351562 0.0429688
0 0.562988 0.474121 0.0263672 0.0458984
0 0.395508 0.285645 0.0253906 0.0537109
0 0.531738 0.755371 0.0244141 0.0283203
0 0.416504 0.356445 0.0341797 0.0371094
0 0.503906 0.605469 0.0195312 0.0488281
0 0.629395 0.617676 0.0185547 0.0595703
0 0.512695 0.845703 0.0253906 0.0488281
0 0.507812 0.371582 0.0273438 0.0361328
0 0.533203 0.51123 0.0195312 0.0478516
0 0.52832 0.678223 0.0292969 0.0341797
0 0.525391 0.592773 0.0175781 0.046875
0 0.439453 0.401367 0.0195312 0.0449219
0 0.449219 0.731445 0.0214844 0.0429688
0 0.411621 0.724609 0.0244141 0.0449219
0 0.422363 0.366699 0.0322266 0.0361328
0 0.407715 0.415527 0.0341797 0.0322266
0 0.432129 0.741699 0.0224609 0.0419922
0 0.381348 0.524414 0.0224609 0.0566406
0 0.531738 0.564453 0.0341797 0.0292969
0 0.575684 0.632324 0.0302734 0.0361328
0 0.542969 0.475586 0.0273438 0.0410156
0 0.492676 0.818359 0.0244141 0.0527344
0 0.523438 0.512207 0.0234375 0.0478516
0 0.602051 0.618652 0.0185547 0.0517578
0 0.535645 0.646484 0.0322266 0.03125
0 0.488281 0.32373 0.0273438 0.0322266
0 0.582031 0.65625 0.03125 0.046875
0 0.343262 0.564453 0.0380859 0.0507812
0 0.73877 0.832031 0.0341797 0.0527344
0 0.514648 0.385742 0.0253906 0.0429688
0 0.396484 0.263184 0.0332031 0.0302734
0 0.381836 0.766113 0.0273438 0.0576172
0 0.408203 0.473633 0.03125 0.03125
0 0.523438 0.625977 0.0292969 0.0390625
0 0.616699 0.605957 0.0185547 0.0595703
0 0.524902 0.354492 0.0302734 0.0605469
0 0.505859 0.336914 0.0195312 0.0507812
0 0.505859 0.272461 0.0214844 0.0507812
0 0.689453 0.593262 0.0195312 0.0517578
0 0.538086 0.415039 0.0292969 0.03125
0 0.505859 0.305176 0.03125 0.0244141
0 0.667969 0.591797 0.0332031 0.0371094
0 0.606445 0.52002 0.0214844 0.0498047
0 0.511719 0.452637 0.03125 0.0322266
0 0.694824 0.62793 0.0166016 0.046875
0 0.470703 0.452148 0.0332031 0.0371094
0 0.532227 0.787109 0.0292969 0.0292969
0 0.45459 0.389648 0.0244141 0.0371094
0 0.618652 0.480469 0.0263672 0.0449219
0 0.474609 0.875977 0.0214844 0.0664062
0 0.422363 0.789551 0.0224609 0.0673828
0 0.648438 0.51416 0.0273438 0.0419922
0 0.456055 0.779785 0.0292969 0.0400391
0 0.364746 0.66748 0.0341797 0.0419922
0 0.456543 0.913086 0.0185547 0.0664062
0 0.385742 0.595215 0.0332031 0.0439453
0 0.504883 0.658691 0.0371094 0.0322266
0 0.425781 0.519531 0.03125 0.0332031
0 0.595703 0.56543 0.0234375 0.0507812
0 0.464355 0.937988 0.0302734 0.0322266
0 0.566406 0.53418 0.03125 0.0371094
0 0.383789 0.464355 0.0253906 0.0419922
0 0.533691 0.165039 0.0361328 0.0429688
0 0.453125 0.345703 0.0195312 0.0488281
0 0.506348 0.761719 0.0322266 0.03125
0 0.397461 0.949219 0.0351562 0.0449219
0 0.47168 0.40918 0.0253906 0.0410156
0 0.474121 0.282227 0.0244141 0.0625
0 0.524414 0.806152 0.0332031 0.0341797
0 0.647461 0.477051 0.0214844 0.0595703
0 0.658691 0.530273 0.0263672 0.0488281
0 0.549316 0.810547 0.0244141 0.0527344
0 0.38916 0.648926 0.0341797 0.0400391
0 0.483398 0.703125 0.0214844 0.0527344
0 0.645508 0.869141 0.0332031 0.0351562
0 0.382812 0.413574 0.0292969 0.0498047
0 0.583984 0.518555 0.0234375 0.0527344
0 0.575684 0.431641 0.0283203 0.046875
0 0.5 0.977051 0.0214844 0.0458984
0 0.540039 0.848633 0.0351562 0.03125
0 0.720703 0.803711 0.0332031 0.0390625
0 0.550781 0.671875 0.0273438 0.0527344
0 0.402344 0.839355 0.03125 0.0517578
0 0.37207 0.503418 0.0214844 0.0537109
0 0.527832 0.316895 0.0263672 0.0498047
0 0.665527 0.671875 0.0322266 0.03125
0 0.669922 0.689453 0.0332031 0.0292969
0 0.614746 0.984375 0.0224609 0.03125
0 0.412109 0.857422 0.0273438 0.0605469
0 0.378418 0.710938 0.0283203 0.0507812
0 0.306641 0.419922 0.0371094 0.0390625
0 0.664062 0.56543 0.0371094 0.0332031
0 0.612305 0.659668 0.0234375 0.0556641
0 0.435059 0.558105 0.0244141 0.0517578
0 0.466309 0.979004 0.0263672 0.0419922
0 0.682129 0.820801 0.0224609 0.0517578
0 0.668457 0.628906 0.0361328 0.0351562
0 0.38623 0.871094 0.0224609 0.0625
0 0.419434 0.643555 0.0205078 0.0546875
0 0.661133 0.824219 0.0273438 0.0527344
0 0.443359 0.862305 0.03125 0.0507812
0 0.640625 0.960449 0.0253906 0.0634766
0 0.358887 0.922852 0.0380859 0.0546875
0 0.503906 0.939941 0.0351562 0.0419922
0 0.570312 0.974121 0.0253906 0.0517578
0 0.54248 0.975098 0.0244141 0.0498047
0 0.257324 0.506348 0.0283203 0.0595703
