0 0.172852 0.0400391 0.0195312 0.015625
0 0.15918 0.414551 0.0214844 0.0595703
0 0.0180664 0.034668 0.0361328 0.0673828
0 0.504883 0.419922 0.0351562 0.0546875
0 0.286621 0.101562 0.0419922 0.0273438
0 0.324707 0.0913086 0.0439453 0.0595703
0 0.0444336 0.0229492 0.0439453 0.0400391
0 0.441406 0.478027 0.0390625 0.0341797
0 0.299805 0.0668945 0.0390625 0.0166016
0 0.0473633 0.460449 0.0322266 0.0576172
0 0.012207 0.424805 0.0244141 0.0390625
0 0.0952148 0.301758 0.0322266 0.0214844
0 0.187988 0.269531 0.0537109 0.03125
0 0.5625 0.585449 0.0371094 0.0576172
0 0.648438 0.429199 0.0605469 0.0693359
0 0.444824 0.0688477 0.0478516 0.0205078
0 0.402832 0.532227 0.0458984 0.046875
0 0.509277 0.61084 0.0537109 0.0244141
0 0.418945 0.464844 0.0234375 0.0703125
0 0.586426 0.0976562 0.0517578 0.0351562
0 0.553711 0.482422 0.0253906 0.0664062
0 0.567383 0.669434 0.046875 0.0380859
0 0.360352 0.179199 0.03125 0.0595703
0 0.299805 0.295898 0.0390625 0.03125
