0 0.757812 0.501953 0.0195312 0.0429688
0 0.762695 0.527832 0.0488281 0.0537109
0 0.642578 0.745117 0.0214844 0.0371094
0 0.767578 0.580566 0.0351562 0.0576172
0 0.623047 0.414062 0.03125 0.0410156
0 0.899414 0.601074 0.0253906 0.0634766
0 0.743164 0.563477 0.0292969 0.0644531
0 0.738281 0.692383 0.0351562 0.0703125
0 0.550293 0.705566 0.0458984 0.0732422
0 0.629395 0.765137 0.0439453 0.0341797
0 0.665527 0.641602 0.0478516 0.0292969
0 0.736328 0.451172 0.0234375 0.0625
0 0.864258 0.654297 0.0644531 0.0351562
0 0.825195 0.539062 0.0410156 0.0585938
0 0.779297 0.324219 0.0351562 0.0371094
0 0.151855 0.524414 0.0517578 0.0371094
0 0.728516 0.842773 0.0546875 0.0566406
0 0.793945 0.491211 0.0449219 0.0253906
0 0.44873 0.573242 0.0341797 0.0585938
0 0.797852 0.427734 0.0449219 0.0507812
