0 0.0141602 0.316895 0.0263672 0.0302734
0 0.358398 0.416016 0.0488281 0.0234375
0 0.602539 0.186523 0.0351562 0.0332031
0 0.708496 0.454102 0.0283203 0.0371094
0 0.27002 0.408203 0.0322266 0.0351562
0 0.244629 0.539062 0.0576172 0.0214844
0 0.545898 0.549316 0.0292969 0.0400391
0 0.368652 0.237793 0.0556641 0.0263672
0 0.411133 0.80127 0.0507812 0.0283203
0 0.561035 0.564941 0.0380859 0.0361328
0 0.208008 0.39209 0.0527344 0.0263672
0 0.381836 0.428711 0.046875 0.03125
0 0.295898 0.429199 0.0332031 0.0361328
0 0.736328 0.366211 0.0527344 0.0214844
0 0.674805 0.638184 0.0566406 0.0283203
0 0.545898 0.795898 0.0605469 0.0273438
0 0.650391 0.30957 0.0527344 0.0273438
0 0.742188 0.660645 0.0527344 0.0302734
0 0.65625 0.574219 0.0449219 0.0390625
0 0.558105 0.390625 0.0439453 0.03125
0 0.495117 0.335449 0.0410156 0.0400391
0 0.312012 0.596191 0.0458984 0.0400391
0 0.608398 0.702637 0.0410156 0.0380859
0 0.341797 0.403809 0.0351562 0.0322266
