0 0.594727 0.597656 0.0253906 0.0390625
0 0.519531 0.685547 0.0234375 0.0195312
0 0.463867 0.458008 0.0292969 0.0175781
0 0.604004 0.775391 0.0126953 0.0390625
0 0.507812 0.574707 0.0195312 0.0302734
0 0.533691 0.755859 0.0185547 0.0195312
0 0.561523 0.583984 0.0117188 0.03125
0 0.541992 0.566406 0.0253906 0.0195312
0 0.562988 0.480469 0.0263672 0.0273438
0 0.583496 0.441895 0.0146484 0.0478516
0 0.519531 0.752441 0.0175781 0.0263672
0 0.67041 0.708496 0.0283203 0.0283203
0 0.649902 0.705078 0.0146484 0.03125
0 0.535645 0.575195 0.0302734 0.0175781
0 0.662109 0.693359 0.0195312 0.0234375
0 0.495605 0.757812 0.0126953 0.0429688
0 0.529297 0.424316 0.0175781 0.0341797
0 0.540039 0.724609 0.0175781 0.0429688
0 0.617188 0.796387 0.0195312 0.0263672
0 0.519531 0.595215 0.0214844 0.0283203
0 0.594727 0.505859 0.0175781 0.0351562
0 0.597168 0.706055 0.0224609 0.0175781
0 0.512695 0.777344 0.0175781 0.0351562
0 0.526367 0.615234 0.0273438 0.0214844
0 0.327148 0.527344 0.0175781 0.03125
0 0.557617 0.635742 0.0253906 0.0332031
0 0.548828 0.794922 0.015625 0.046875
0 0.603516 0.359375 0.0234375 0.0253906
0 0.496582 0.448242 0.0263672 0.0351562
0 0.619629 0.635254 0.0224609 0.0400391
0 0.599609 0.732422 0.03125 0.0175781
0 0.706055 0.745605 0.0195312 0.0341797
0 0.367188 0.571777 0.0175781 0.0322266
0 0.549316 0.757812 0.0126953 0.0351562
0 0.487305 0.487793 0.0175781 0.0322266
0 0.581055 0.333984 0.0175781 0.0429688
0 0.575195 0.400391 0.0253906 0.03125
0 0.561523 0.48877 0.0253906 0.0185547
0 0.605469 0.39502 0.0234375 0.0361328
0 0.502441 0.480469 0.0205078 0.0234375
0 0.538086 0.34668 0.0136719 0.0410156
0 0.598633 0.748535 0.0292969 0.0205078
0 0.634766 0.733887 0.0195312 0.0361328
0 0.542969 0.458008 0.0175781 0.0410156
0 0.541016 0.591797 0.03125 0.0234375
0 0.517578 0.821289 0.03125 0.0195312
0 0.694336 0.711914 0.0253906 0.0332031
0 0.14209 0.800781 0.0185547 0.0195312
0 0.572754 0.581055 0.0126953 0.0410156
0 0.0961914 0.872559 0.0185547 0.0439453
0 0.693359 0.745605 0.0195312 0.0419922
0 0.321777 0.56543 0.0107422 0.0410156
0 0.557129 0.412109 0.0126953 0.0390625
0 0.580078 0.737305 0.015625 0.0253906
0 0.574219 0.492676 0.015625 0.0302734
0 0.593262 0.287598 0.0263672 0.0322266
0 0.59375 0.77832 0.0175781 0.0371094
0 0.581055 0.675781 0.0214844 0.0234375
0 0.592285 0.432129 0.0146484 0.0458984
0 0.581055 0.76416 0.0253906 0.0185547
0 0.503906 0.603516 0.0195312 0.03125
0 0.524902 0.780273 0.0224609 0.0351562
0 0.505371 0.759277 0.0126953 0.0400391
0 0.533203 0.689453 0.03125 0.0351562
0 0.613281 0.416504 0.0253906 0.0302734
0 0.505859 0.720703 0.0195312 0.0351562
0 0.491699 0.555176 0.0224609 0.0341797
0 0.530273 0.279785 0.0332031 0.0166016
0 0.555664 0.671875 0.0292969 0.0234375
0 0.529785 0.730469 0.0126953 0.0410156
0 0.618652 0.29834 0.0263672 0.0322266
0 0.586914 0.544922 0.0292969 0.0273438
0 0.500977 0.45752 0.0195312 0.0361328
0 0.345703 0.536621 0.0136719 0.0322266
0 0.284668 0.518555 0.0244141 0.0253906
0 0.682617 0.750977 0.0195312 0.0449219
0 0.541504 0.816406 0.0126953 0.0429688
0 0.587891 0.638672 0.0234375 0.03125
0 0.447266 0.0771484 0.015625 0.0488281
0 0.663086 0.407715 0.0351562 0.0263672
0 0.613281 0.725098 0.0273438 0.0224609
0 0.568359 0.612305 0.0292969 0.015625
0 0.643555 0.645508 0.0292969 0.0292969
0 0.725098 0.773926 0.0380859 0.0205078
0 0.756836 0.796875 0.0214844 0.03125
0 0.483398 0.515137 0.0253906 0.0185547
0 0.633789 0.398438 0.0292969 0.0410156
0 0.501953 0.813477 0.03125 0.0195312
0 0.612305 0.312012 0.0214844 0.0400391
0 0.624512 0.694336 0.0341797 0.015625
0 0.709961 0.787109 0.0371094 0.0175781
0 0.495605 0.855469 0.0302734 0.0351562
0 0.57373 0.521484 0.0244141 0.0273438
0 0.51709 0.42334 0.0146484 0.0419922
0 0.497559 0.702148 0.0126953 0.0449219
0 0.500488 0.404785 0.0224609 0.0458984
0 0.541016 0.29834 0.03125 0.0341797
0 0.62207 0.36377 0.0175781 0.0556641
0 0.602051 0.344238 0.0283203 0.0283203
0 0.646484 0.788086 0.03125 0.0175781
0 0.669922 0.77832 0.0332031 0.03125
0 0.665039 0.759766 0.0332031 0.0234375
0 0.59668 0.475586 0.0332031 0.0214844
0 0.59668 0.566406 0.0253906 0.03125
0 0.49707 0.788574 0.0253906 0.0283203
0 0.588867 0.380859 0.0273438 0.0371094
0 0.552734 0.604492 0.03125 0.0175781
0 0.512695 0.729492 0.0253906 0.0234375
0 0.545898 0.848633 0.0253906 0.0292969
0 0.503418 0.532227 0.0263672 0.0175781
0 0.490234 0.842285 0.0292969 0.0322266
0 0.555664 0.336914 0.03125 0.0273438
0 0.59668 0.657715 0.0332031 0.0185547
0 0.524414 0.849121 0.0175781 0.0400391
0 0.525879 0.248535 0.0283203 0.0380859
0 0.612305 0.679688 0.0273438 0.0195312
0 0.556641 0.373535 0.0273438 0.0302734
0 0.57666 0.302734 0.0244141 0.03125
0 0.563477 0.549805 0.0292969 0.0253906
0 0.564453 0.75293 0.0253906 0.0253906
0 0.561523 0.441406 0.03125 0.0234375
0 0.65332 0.668945 0.0371094 0.0214844
0 0.305664 0.537109 0.0292969 0.015625
0 0.525391 0.798828 0.0234375 0.0273438
0 0.547852 0.520508 0.0253906 0.0332031
0 0.484375 0.409668 0.0292969 0.0380859
0 0.332031 0.508789 0.0410156 0.0195312
0 0.341309 0.574219 0.0283203 0.0273438
0 0.729492 0.748535 0.0253906 0.0302734
0 0.608398 0.455078 0.0273438 0.0234375
0 0.526855 0.373047 0.0146484 0.0507812
0 0.564453 0.273926 0.03125 0.0244141
0 0.503906 0.880859 0.0234375 0.0351562
0 0.617188 0.277832 0.03125 0.0146484
0 0.438965 0.462891 0.0322266 0.0273438
0 0.628906 0.780273 0.0351562 0.0175781
0 0.631348 0.335938 0.0146484 0.0488281
0 0.574219 0.785156 0.0273438 0.0234375
0 0.619629 0.754883 0.0263672 0.0214844
0 0.658203 0.740723 0.0351562 0.0283203
0 0.579102 0.705078 0.0234375 0.0234375
0 0.462891 0.441895 0.03125 0.0283203
0 0.557129 0.311523 0.0244141 0.0488281
0 0.598633 0.523438 0.0292969 0.0273438
0 0.631836 0.763672 0.0332031 0.0175781
0 0.52002 0.525391 0.0263672 0.03125
0 0.510742 0.289062 0.0332031 0.0234375
