0 0.617188 0.76123 0.0195312 0.0283203
0 0.744141 0.646484 0.0195312 0.03125
0 0.674805 0.285156 0.0136719 0.0410156
0 0.763672 0.435059 0.0234375 0.0283203
0 0.408691 0.419922 0.0322266 0.03125
0 0.338867 0.666992 0.0175781 0.0332031
0 0.831055 0.445312 0.0175781 0.0507812
0 0.446777 0.381348 0.0263672 0.0224609
0 0.759766 0.542969 0.0390625 0.0234375
0 0.708008 0.764648 0.0136719 0.0371094
0 0.370117 0.696289 0.0195312 0.03125
0 0.743652 0.370117 0.0185547 0.0449219
0 0.395508 0.313477 0.0253906 0.0449219
0 0.493164 0.415527 0.0371094 0.0341797
0 0.552734 0.512207 0.03125 0.0185547
0 0.664062 0.397949 0.0195312 0.0302734
0 0.484863 0.525391 0.0166016 0.0390625
0 0.418945 0.643066 0.0351562 0.0244141
0 0.622559 0.348145 0.0322266 0.0302734
0 0.632812 0.549805 0.0234375 0.0292969
0 0.416992 0.287109 0.0253906 0.0273438
0 0.743652 0.576172 0.0107422 0.0371094
0 0.84668 0.49707 0.0117188 0.0410156
0 0.652344 0.800781 0.0351562 0.0195312
0 0.637695 0.312012 0.03125 0.0224609
0 0.758789 0.638672 0.0253906 0.0136719
0 0.791016 0.639648 0.03125 0.0332031
0 0.748047 0.688965 0.0175781 0.0341797
0 0.604492 0.484863 0.0292969 0.0322266
0 0.387695 0.691895 0.0253906 0.0185547
0 0.425781 0.385254 0.0117188 0.0439453
0 0.398438 0.510742 0.0351562 0.0351562
0 0.613281 0.404785 0.0214844 0.0302734
0 0.674805 0.501465 0.0136719 0.0439453
0 0.658691 0.660156 0.0263672 0.0351562
0 0.800781 0.472168 0.0234375 0.0361328
0 0.566895 0.577148 0.0322266 0.0253906
0 0.246094 0.443359 0.0332031 0.0429688
0 0.289062 0.416992 0.03125 0.0214844
0 0.457031 0.280273 0.0195312 0.0332031
0 0.324707 0.294922 0.0166016 0.0507812
0 0.709961 0.362305 0.0292969 0.0214844
0 0.379883 0.25293 0.0371094 0.03125
0 0.748047 0.720215 0.0234375 0.0400391
0 0.294922 0.575195 0.0234375 0.0449219
0 0.719727 0.751465 0.0332031 0.0244141
0 0.698242 0.699219 0.0136719 0.046875
0 0.606445 0.824707 0.0292969 0.0400391
0 0.763672 0.607422 0.015625 0.0429688
0 0.474609 0.708496 0.0371094 0.0244141
0 0.582031 0.506836 0.015625 0.0410156
0 0.569336 0.524414 0.0253906 0.0273438
0 0.619629 0.615234 0.0283203 0.0195312
0 0.799805 0.511719 0.0175781 0.0429688
0 0.657227 0.307129 0.0175781 0.0341797
0 0.553223 0.695801 0.0341797 0.0224609
0 0.762695 0.840332 0.0253906 0.0400391
0 0.749023 0.430664 0.0175781 0.0449219
0 0.345703 0.5625 0.0234375 0.0351562
0 0.309082 0.335449 0.0244141 0.0224609
0 0.641602 0.286133 0.0253906 0.0332031
0 0.34668 0.363281 0.0253906 0.0351562
0 0.372559 0.476562 0.0283203 0.015625
0 0.394043 0.353027 0.0224609 0.0380859
0 0.482422 0.245605 0.0351562 0.0400391
0 0.661133 0.367676 0.0371094 0.0166016
0 0.382812 0.441406 0.0410156 0.0214844
0 0.462891 0.527832 0.03125 0.0263672
0 0.386719 0.544922 0.0273438 0.046875
0 0.523438 0.746094 0.03125 0.015625
0 0.650879 0.430664 0.0205078 0.0488281
0 0.528809 0.400391 0.0322266 0.0273438
0 0.587891 0.546875 0.0195312 0.046875
0 0.830078 0.52832 0.0351562 0.046875
0 0.764648 0.38623 0.0214844 0.0380859
0 0.558594 0.460449 0.0214844 0.0205078
0 0.707031 0.516602 0.015625 0.0449219
0 0.433105 0.480469 0.0185547 0.046875
0 0.369141 0.581055 0.0273438 0.03125
0 0.785156 0.759277 0.03125 0.0224609
0 0.354004 0.473145 0.0224609 0.0341797
0 0.700684 0.651367 0.0244141 0.0332031
0 0.634766 0.472656 0.0234375 0.015625
0 0.387207 0.484863 0.0341797 0.0341797
0 0.39209 0.198242 0.0419922 0.0371094
0 0.432617 0.286133 0.0292969 0.0410156
0 0.36084 0.552246 0.0283203 0.0283203
0 0.473633 0.605957 0.0332031 0.0185547
0 0.267578 0.0126953 0.03125 0.0253906
0 0.728516 0.466797 0.0234375 0.03125
0 0.758789 0.471191 0.0214844 0.0419922
0 0.80127 0.804688 0.0205078 0.0273438
0 0.4375 0.59668 0.0175781 0.0429688
0 0.464355 0.336914 0.0166016 0.0390625
0 0.561523 0.856445 0.0214844 0.0292969
0 0.449219 0.29541 0.0273438 0.0458984
0 0.824219 0.470215 0.015625 0.0478516
0 0.420898 0.209473 0.0351562 0.0419922
0 0.529297 0.368652 0.015625 0.0458984
0 0.326172 0.59668 0.0351562 0.0351562
0 0.306641 0.617188 0.0195312 0.0429688
0 0.317383 0.496094 0.0488281 0.0234375
0 0.769531 0.72168 0.015625 0.0527344
0 0.332031 0.262207 0.0292969 0.0283203
0 0.598633 0.561523 0.00976562 0.0371094
0 0.196777 0.0214844 0.0439453 0.0429688
0 0.600586 0.719727 0.0253906 0.0195312
0 0.362305 0.450195 0.0292969 0.0214844
0 0.756836 0.620117 0.0234375 0.0332031
0 0.699707 0.769531 0.0146484 0.0390625
0 0.635254 0.649902 0.0166016 0.0537109
0 0.509766 0.469727 0.0175781 0.0527344
0 0.681641 0.744141 0.0371094 0.0195312
0 0.239746 0.287109 0.0341797 0.0234375
0 0.598633 0.444336 0.03125 0.0371094
0 0.450684 0.467285 0.0146484 0.0478516
0 0.496582 0.624023 0.0341797 0.0332031
0 0.424316 0.688477 0.0224609 0.0273438
0 0.655273 0.514648 0.0292969 0.0214844
0 0.330078 0.45752 0.0292969 0.0302734
0 0.77832 0.597656 0.0253906 0.0585938
0 0.209473 0.298828 0.0419922 0.0234375
0 0.677734 0.775391 0.0214844 0.046875
0 0.297363 0.295898 0.0302734 0.0214844
0 0.352051 0.229492 0.0205078 0.0253906
0 0.569336 0.660156 0.0292969 0.0273438
0 0.756348 0.550781 0.0361328 0.0195312
0 0.439941 0.819336 0.0224609 0.0390625
0 0.519531 0.58252 0.0175781 0.0439453
0 0.677734 0.418945 0.0371094 0.0214844
0 0.27002 0.384766 0.0380859 0.0332031
0 0.682617 0.823242 0.0292969 0.0351562
0 0.586914 0.848633 0.0351562 0.0292969
0 0.273926 0.523926 0.0244141 0.0498047
0 0.630859 0.387207 0.015625 0.0458984
0 0.778809 0.456055 0.0341797 0.0253906
0 0.688477 0.622559 0.0214844 0.0322266
0 0.698242 0.634277 0.0253906 0.0205078
0 0.716309 0.72168 0.0224609 0.0371094
0 0.48584 0.578125 0.0341797 0.0273438
0 0.724121 0.793457 0.0244141 0.0400391
0 0.255859 0.165039 0.0195312 0.0449219
0 0.49707 0.330078 0.0371094 0.0234375
0 0.818359 0.672852 0.0234375 0.0253906
0 0.808594 0.736328 0.0351562 0.0273438
0 0.359863 0.499023 0.0146484 0.0371094
0 0.834961 0.634766 0.0214844 0.0390625
0 0.55127 0.681152 0.0380859 0.0166016
0 0.795898 0.711426 0.0214844 0.0498047
0 0.679199 0.662109 0.0302734 0.0390625
0 0.290527 0.527344 0.0146484 0.0527344
0 0.56543 0.880859 0.0332031 0.0351562
0 0.298828 0.185547 0.0195312 0.0625
0 0.713867 0.817871 0.03125 0.0263672
0 0.707031 0.462891 0.015625 0.0390625
0 0.28125 0.433594 0.0351562 0.03125
0 0.603027 0.651855 0.0166016 0.0458984
0 0.273926 0.216797 0.0322266 0.0332031
0 0.732422 0.595703 0.015625 0.0585938
0 0.324219 0.409668 0.0390625 0.0361328
0 0.566406 0.274902 0.0292969 0.0185547
0 0.484863 0.42334 0.0283203 0.0283203
0 0.102051 0.21875 0.0419922 0.0292969
0 0.472656 0.396484 0.03125 0.0273438
0 0.380859 0.462402 0.0390625 0.0205078
0 0.392578 0.757812 0.0195312 0.0546875
0 0.352051 0.655273 0.0341797 0.0273438
0 0.591797 0.371094 0.0390625 0.0195312
0 0.333008 0.243652 0.0351562 0.0302734
0 0.276367 0.720215 0.0527344 0.0537109
0 0.42041 0.553711 0.0341797 0.0410156
0 0.490723 0.797363 0.0224609 0.0400391
0 0.540039 0.884766 0.0292969 0.0429688
0 0.26123 0.249512 0.0419922 0.0302734
0 0.589844 0.935547 0.0175781 0.0507812
0 0.149902 0.521973 0.0419922 0.0537109
0 0.584961 0.130371 0.0253906 0.0361328
0 0.500488 0.497559 0.0205078 0.0478516
0 0.551758 0.385742 0.0175781 0.0488281
0 0.661133 0.710938 0.015625 0.0429688
0 0.418945 0.463379 0.0292969 0.0263672
0 0.689941 0.191895 0.0400391 0.0263672
0 0.682617 0.164551 0.0195312 0.0439453
0 0.37793 0.286621 0.0332031 0.0380859
0 0.543945 0.447266 0.03125 0.0449219
0 0.671875 0.847656 0.03125 0.0234375
0 0.343262 0.304688 0.0322266 0.0390625
0 0.717285 0.666016 0.0205078 0.0371094
0 0.503906 0.369141 0.0351562 0.0214844
0 0.49707 0.224121 0.0371094 0.0302734
0 0.643555 0.456055 0.0175781 0.0449219
0 0.543945 0.713867 0.0332031 0.0371094
0 0.50293 0.407715 0.0292969 0.0263672
0 0.715332 0.54541 0.0322266 0.0205078
0 0.772949 0.671875 0.0283203 0.0390625
0 0.526855 0.195312 0.0400391 0.0390625
0 0.517578 0.26709 0.0351562 0.0283203
0 0.773438 0.822754 0.0234375 0.0576172
0 0.563477 0.722656 0.0175781 0.0351562
0 0.831055 0.573242 0.0136719 0.0429688
0 0.219238 0.506836 0.0283203 0.0332031
0 0.356445 0.529297 0.0371094 0.0234375
0 0.65625 0.881836 0.0234375 0.0546875
0 0.661133 0.586914 0.03125 0.0371094
0 0.282715 0.263184 0.0224609 0.0556641
0 0.134766 0.190918 0.0410156 0.0400391
0 0.256836 0.515625 0.0234375 0.0546875
0 0.470703 0.207031 0.0273438 0.0195312
0 0.240234 0.552734 0.03125 0.0546875
0 0.74707 0.21875 0.0175781 0.0683594
0 0.512207 0.818848 0.0244141 0.0322266
0 0.441895 0.341309 0.0166016 0.0400391
0 0.865234 0.832031 0.0390625 0.0429688
0 0.40918 0.605469 0.0390625 0.0195312
0 0.739746 0.497559 0.0283203 0.0322266
0 0.58252 0.480957 0.0380859 0.0166016
0 0.270996 0.562988 0.0361328 0.0419922
0 0.745117 0.769531 0.0410156 0.0214844
0 0.408203 0.769531 0.015625 0.0507812
0 0.490234 0.651367 0.0371094 0.0234375
0 0.354492 0.619141 0.015625 0.0546875
0 0.307129 0.228516 0.0380859 0.0390625
0 0.639648 0.612305 0.0234375 0.0566406
0 0.464355 0.739258 0.0341797 0.0410156
0 0.548828 0.80957 0.0351562 0.0234375
0 0.302734 0.388184 0.0371094 0.0302734
0 0.178711 0.165039 0.03125 0.0546875
0 0.618164 0.557617 0.0332031 0.0292969
0 0.359375 0.397949 0.03125 0.0263672
0 0.47168 0.27832 0.0292969 0.0410156
0 0.595703 0.67627 0.0234375 0.0498047
0 0.23584 0.333984 0.0263672 0.0546875
0 0.558594 0.34668 0.0429688 0.0175781
0 0.312012 0.556641 0.0322266 0.0351562
0 0.463379 0.808594 0.0185547 0.0410156
0 0.419434 0.743164 0.0341797 0.0332031
0 0.435547 0.667969 0.0429688 0.0214844
0 0.541016 0.479492 0.0390625 0.0253906
0 0.173828 0.259277 0.03125 0.0478516
0 0.482422 0.362305 0.0390625 0.0332031
0 0.513672 0.723633 0.03125 0.0351562
0 0.806152 0.547852 0.0302734 0.0371094
0 0.417969 0.801758 0.0371094 0.0390625
0 0.527344 0.310059 0.0351562 0.0517578
0 0.405273 0.384277 0.0332031 0.0263672
