0 0.538086 0.682617 0.0136719 0.0332031
0 0.543457 0.512207 0.0205078 0.0263672
0 0.465332 0.722168 0.0224609 0.0224609
0 0.634766 0.687012 0.0195312 0.0361328
0 0.615234 0.567871 0.0195312 0.0224609
0 0.392578 0.547852 0.0214844 0.0214844
0 0.413574 0.550781 0.0146484 0.0351562
0 0.376953 0.531738 0.0234375 0.0224609
0 0.467285 0.70166 0.0224609 0.0263672
0 0.436523 0.80127 0.0136719 0.0380859
0 0.452148 0.573242 0.0195312 0.0273438
0 0.441406 0.45459 0.0136719 0.0322266
0 0.440918 0.62207 0.0146484 0.0371094
0 0.563477 0.564453 0.00976562 0.0351562
0 0.464844 0.487793 0.0234375 0.0185547
0 0.425781 0.519531 0.0195312 0.0429688
0 0.595703 0.568359 0.0234375 0.0195312
0 0.415527 0.389648 0.0244141 0.0253906
0 0.638672 0.697266 0.015625 0.0351562
0 0.576172 0.571289 0.0175781 0.0175781
0 0.453613 0.613281 0.0244141 0.0195312
0 0.47998 0.509766 0.0146484 0.03125
0 0.470215 0.536133 0.0224609 0.0234375
0 0.486816 0.763672 0.0224609 0.03125
0 0.402832 0.516602 0.0185547 0.0292969
0 0.431641 0.754883 0.0117188 0.0390625
0 0.51123 0.582031 0.0224609 0.0234375
0 0.458984 0.603516 0.0234375 0.0195312
0 0.611816 0.626953 0.0166016 0.0273438
0 0.494629 0.776367 0.0166016 0.0410156
0 0.48877 0.598633 0.0205078 0.0292969
0 0.550293 0.563477 0.0224609 0.0175781
0 0.560059 0.586914 0.0205078 0.0292969
0 0.554688 0.530273 0.0234375 0.0214844
0 0.529785 0.632812 0.0185547 0.03125
0 0.474121 0.437988 0.0224609 0.0224609
0 0.587891 0.558594 0.0234375 0.0195312
0 0.602539 0.644043 0.0175781 0.0263672
0 0.615234 0.60498 0.015625 0.0283203
0 0.45166 0.59082 0.0224609 0.0195312
0 0.537598 0.757812 0.0205078 0.0273438
0 0.52832 0.720215 0.0234375 0.0224609
0 0.424805 0.452148 0.0253906 0.0214844
0 0.446289 0.330078 0.015625 0.0410156
0 0.469727 0.503418 0.0214844 0.0205078
0 0.446777 0.5 0.0205078 0.0273438
0 0.605469 0.637695 0.015625 0.0253906
0 0.408691 0.48584 0.0146484 0.0341797
0 0.549316 0.580078 0.0224609 0.0234375
0 0.40918 0.72168 0.015625 0.0332031
0 0.630371 0.583984 0.0263672 0.0234375
0 0.435059 0.581543 0.0205078 0.0341797
0 0.567383 0.694824 0.0175781 0.0205078
0 0.554688 0.696777 0.015625 0.0439453
0 0.606445 0.766602 0.0234375 0.0214844
0 0.542969 0.496094 0.015625 0.0273438
0 0.489258 0.712891 0.0214844 0.03125
0 0.533691 0.564453 0.0146484 0.03125
0 0.448242 0.726562 0.0253906 0.0292969
0 0.545898 0.707031 0.0175781 0.0390625
0 0.532715 0.746094 0.0263672 0.0234375
0 0.382812 0.512695 0.0273438 0.0253906
0 0.418945 0.722656 0.0117188 0.0390625
0 0.469238 0.575195 0.0146484 0.0449219
0 0.619141 0.646484 0.0234375 0.0273438
0 0.376465 0.768555 0.0185547 0.0292969
0 0.45752 0.632812 0.0244141 0.0214844
0 0.373047 0.585938 0.0234375 0.0234375
0 0.373535 0.786133 0.0185547 0.0332031
0 0.557617 0.602539 0.0214844 0.0332031
0 0.428223 0.717285 0.0126953 0.0419922
0 0.47168 0.626953 0.015625 0.03125
0 0.464844 0.40332 0.0117188 0.0371094
0 0.631836 0.615234 0.0214844 0.0292969
0 0.549316 0.773926 0.0166016 0.0302734
0 0.469238 0.775879 0.0166016 0.0380859
0 0.455078 0.471191 0.0195312 0.0302734
0 0.504883 0.463867 0.0175781 0.0332031
0 0.45166 0.794434 0.0244141 0.0185547
0 0.430176 0.606445 0.0244141 0.0273438
0 0.583984 0.612305 0.0195312 0.0351562
0 0.581055 0.487793 0.0253906 0.0224609
0 0.522949 0.690918 0.0244141 0.0263672
0 0.392578 0.718262 0.0234375 0.0224609
0 0.561035 0.768555 0.0185547 0.0292969
0 0.536133 0.541016 0.0253906 0.0273438
0 0.456543 0.771484 0.0185547 0.0390625
0 0.59082 0.491211 0.0292969 0.0214844
0 0.585938 0.763672 0.0273438 0.0273438
0 0.620117 0.758789 0.015625 0.0273438
0 0.388184 0.651855 0.0263672 0.0224609
0 0.492188 0.529297 0.0234375 0.0234375
0 0.509277 0.384766 0.0205078 0.0429688
0 0.53125 0.708984 0.0234375 0.0195312
0 0.576172 0.400391 0.0214844 0.03125
0 0.640137 0.553711 0.0205078 0.0332031
0 0.556641 0.482422 0.0234375 0.0234375
0 0.418945 0.592773 0.0136719 0.0410156
0 0.542969 0.65918 0.0234375 0.0175781
0 0.568359 0.540039 0.0234375 0.015625
0 0.505859 0.625977 0.0214844 0.0292969
0 0.642578 0.666016 0.015625 0.0390625
0 0.470703 0.459473 0.0292969 0.0185547
0 0.568848 0.524414 0.0263672 0.0214844
0 0.475586 0.326172 0.0136719 0.0449219
0 0.591797 0.340332 0.0117188 0.0400391
0 0.585938 0.796387 0.015625 0.0341797
0 0.52832 0.5 0.0214844 0.0273438
0 0.575195 0.503906 0.0214844 0.0234375
0 0.413574 0.458496 0.0244141 0.0205078
0 0.641113 0.727539 0.0244141 0.0253906
0 0.606445 0.739258 0.0234375 0.0214844
0 0.632812 0.769531 0.0117188 0.0429688
0 0.618164 0.78125 0.0253906 0.0234375
0 0.470215 0.799316 0.0224609 0.0224609
0 0.467285 0.857422 0.0205078 0.0253906
0 0.621094 0.554688 0.0234375 0.0195312
0 0.344727 0.496094 0.0175781 0.0332031
0 0.346191 0.570312 0.0166016 0.0390625
0 0.458008 0.335449 0.015625 0.0458984
0 0.606445 0.606445 0.0214844 0.0292969
0 0.486816 0.583008 0.0224609 0.0214844
0 0.335449 0.701172 0.0185547 0.0390625
0 0.497559 0.684082 0.0244141 0.0224609
0 0.537598 0.604492 0.0166016 0.0429688
0 0.387695 0.72998 0.0214844 0.0283203
0 0.412598 0.698242 0.0126953 0.0449219
0 0.620117 0.731934 0.0234375 0.0302734
0 0.381836 0.692871 0.0214844 0.0244141
0 0.442871 0.760742 0.0244141 0.0253906
0 0.411621 0.75293 0.0224609 0.0214844
0 0.48584 0.29834 0.0244141 0.0244141
0 0.48291 0.661133 0.0146484 0.046875
0 0.558594 0.738281 0.0175781 0.0332031
0 0.426758 0.630371 0.0234375 0.0283203
0 0.363281 0.668457 0.0234375 0.0224609
0 0.59082 0.603027 0.0175781 0.0361328
0 0.657227 0.641602 0.0253906 0.0234375
0 0.62207 0.521484 0.0253906 0.0253906
0 0.388672 0.831055 0.0273438 0.0253906
0 0.49707 0.434082 0.0214844 0.0263672
0 0.481445 0.851562 0.0175781 0.0429688
0 0.565918 0.675781 0.0244141 0.0253906
0 0.452148 0.810547 0.0253906 0.0234375
0 0.553711 0.277832 0.0253906 0.0263672
0 0.401855 0.674316 0.0205078 0.0302734
0 0.688477 0.536621 0.015625 0.0380859
0 0.599609 0.713379 0.015625 0.0419922
0 0.655273 0.691406 0.0214844 0.03125
0 0.510742 0.862305 0.0175781 0.0449219
0 0.658203 0.463379 0.0234375 0.0322266
0 0.651367 0.755859 0.0214844 0.03125
0 0.660156 0.667969 0.0234375 0.0234375
0 0.38916 0.791992 0.0146484 0.0488281
0 0.674805 0.552734 0.0195312 0.03125
