0 0.59375 0.634277 0.0527344 0.0244141
0 0.477539 0.479004 0.0253906 0.0478516
0 0.572754 0.609375 0.0771484 0.0390625
0 0.53418 0.664062 0.0449219 0.0371094
0 0.598633 0.592285 0.0839844 0.0634766
0 0.552246 0.745117 0.0244141 0.0351562
0 0.604492 0.15918 0.0292969 0.0703125
0 0.496582 0.460449 0.0322266 0.0517578
0 0.470215 0.449219 0.0302734 0.0703125
0 0.577148 0.459473 0.0234375 0.0830078
0 0.543945 0.458984 0.03125 0.0664062
0 0.591797 0.65332 0.0527344 0.0351562
0 0.466309 0.694824 0.0439453 0.0615234
0 0.506836 0.558105 0.0546875 0.0400391
0 0.504395 0.500977 0.0537109 0.0410156
0 0.51123 0.432617 0.0224609 0.0625
0 0.494141 0.424316 0.0292969 0.0673828
0 0.537109 0.629395 0.0488281 0.0439453
0 0.546875 0.382324 0.0234375 0.0771484
