0 0.416016 0.608398 0.0742188 0.046875
0 0.427246 0.657227 0.0947266 0.0429688
0 0.451172 0.681641 0.0722656 0.0507812
0 0.283203 0.500977 0.0507812 0.0683594
0 0.280762 0.379883 0.0693359 0.0644531
0 0.795898 0.915039 0.103516 0.0410156
0 0.436523 0.257812 0.0605469 0.0644531
0 0.244141 0.457031 0.105469 0.0507812
0 0.581055 0.599609 0.0507812 0.0703125
0 0.438965 0.30127 0.0537109 0.0771484
0 0.619141 0.424316 0.113281 0.0673828
0 0.384277 0.601562 0.0537109 0.0625
0 0.555664 0.650391 0.0996094 0.0390625
0 0.289551 0.421875 0.0830078 0.03125
0 0.549805 0.666992 0.103516 0.0488281
0 0.254395 0.483887 0.0498047 0.0673828
0 0.551758 0.609375 0.0527344 0.0722656
0 0.541504 0.289062 0.0869141 0.0546875
0 0.65332 0.655273 0.0996094 0.0449219
0 0.535645 0.36084 0.104492 0.0380859
0 0.691406 0.624023 0.0546875 0.0722656
0 0.821289 0.925781 0.107422 0.0625
0 0.212891 0.426758 0.105469 0.0488281
0 0.647461 0.603516 0.0800781 0.0507812
0 0.397949 0.664062 0.0810547 0.046875
0 0.279297 0.549805 0.0878906 0.046875
0 0.432129 0.631348 0.102539 0.0380859
0 0.503418 0.290039 0.0810547 0.0488281
0 0.51709 0.703125 0.0927734 0.0546875
0 0.252441 0.360352 0.100586 0.078125
0 0.523438 0.605957 0.0507812 0.0751953
0 0.618652 0.6875 0.0673828 0.0527344
0 0.533203 0.260254 0.111328 0.0419922
0 0.552734 0.407715 0.115234 0.0419922
0 0.496582 0.610352 0.0498047 0.078125
0 0.560547 0.383301 0.09375 0.0380859
0 0.402832 0.570312 0.0556641 0.0664062
0 0.299316 0.685547 0.0927734 0.0429688
0 0.608398 0.620605 0.0878906 0.0458984
0 0.300293 0.472656 0.0849609 0.0585938
0 0.435547 0.573242 0.0742188 0.078125
0 0.382324 0.299805 0.0791016 0.0683594
0 0.351562 0.599121 0.0585938 0.0634766
0 0.618652 0.460938 0.108398 0.0390625
0 0.685059 0.583984 0.0986328 0.0390625
0 0.488281 0.333008 0.09375 0.0566406
0 0.471191 0.65918 0.0673828 0.0605469
0 0.626465 0.566406 0.0947266 0.0351562
0 0.304688 0.385742 0.0800781 0.0644531
0 0.363281 0.564453 0.0761719 0.0351562
0 0.400391 0.344238 0.101562 0.0576172
0 0.348633 0.390625 0.0605469 0.078125
0 0.327637 0.71582 0.0712891 0.0566406
0 0.42334 0.698242 0.0927734 0.0449219
0 0.57666 0.307617 0.106445 0.0488281
0 0.548828 0.55957 0.0664062 0.0546875
0 0.662109 0.496582 0.107422 0.0537109
0 0.685547 0.543945 0.09375 0.0644531
0 0.886719 0.658203 0.105469 0.0585938
0 0.349609 0.277344 0.0976562 0.0351562
0 0.611816 0.372559 0.0966797 0.0791016
0 0.300781 0.301758 0.0488281 0.0683594
0 0.214844 0.288086 0.109375 0.0527344
0 0.800781 0.885742 0.0625 0.0605469
0 0.531738 0.450195 0.112305 0.0605469
0 0.324219 0.319824 0.0546875 0.0791016
0 0.217285 0.229492 0.0634766 0.0722656
0 0.350586 0.469727 0.107422 0.0449219
0 0.298828 0.572266 0.0761719 0.0507812
0 0.466797 0.540527 0.0800781 0.0673828
0 0.727539 0.630859 0.0722656 0.0703125
0 0.474121 0.742188 0.0830078 0.0703125
0 0.515137 0.787109 0.0869141 0.0761719
0 0.56543 0.729492 0.101562 0.0410156
0 0.524414 0.526855 0.0878906 0.0634766
0 0.580566 0.210449 0.0986328 0.0478516
0 0.712891 0.911133 0.105469 0.0644531
0 0.230957 0.558594 0.0732422 0.078125
0 0.32373 0.525391 0.0712891 0.0625
0 0.462402 0.227539 0.0595703 0.0722656
0 0.78125 0.633789 0.0820312 0.0722656
0 0.524414 0.21582 0.0957031 0.0703125
0 0.59082 0.887695 0.0722656 0.0800781
