0 0.992676 0.844727 0.0146484 0.046875
0 0.556641 0.339844 0.0253906 0.0546875
0 0.87207 0.484375 0.046875 0.0429688
0 0.1875 0.510254 0.0351562 0.0556641
0 0.37793 0.571289 0.0429688 0.0527344
0 0.168457 0.486328 0.0400391 0.0332031
0 0.580078 0.616211 0.0332031 0.046875
0 0.859375 0.472656 0.046875 0.0449219
0 0.297852 0.521484 0.0371094 0.0546875
0 0.736816 0.606934 0.0517578 0.0517578
0 0.0600586 0.503418 0.0380859 0.0439453
0 0.422363 0.571289 0.0400391 0.0527344
0 0.754395 0.679199 0.0439453 0.0634766
