0 0.358887 0.483887 0.0185547 0.0419922
0 0.645996 0.358398 0.0439453 0.0273438
0 0.586914 0.333008 0.0195312 0.0351562
0 0.472656 0.634277 0.0195312 0.0498047
0 0.485352 0.630859 0.0175781 0.0546875
0 0.344238 0.480469 0.0244141 0.0371094
0 0.473633 0.513672 0.0234375 0.0527344
0 0.502441 0.643555 0.0185547 0.0390625
0 0.938477 0.874023 0.0234375 0.0507812
0 0.349121 0.523438 0.0361328 0.0371094
0 0.412109 0.503418 0.0351562 0.0224609
0 0.585938 0.714844 0.015625 0.0566406
0 0.465332 0.597656 0.0146484 0.0507812
0 0.504883 0.583496 0.0214844 0.0517578
0 0.327637 0.0561523 0.0361328 0.0380859
0 0.623047 0.550293 0.0410156 0.0224609
0 0.470215 0.269531 0.0458984 0.0253906
0 0.286133 0.602051 0.0273438 0.0419922
0 0.519531 0.304199 0.0253906 0.0498047
0 0.371582 0.483887 0.0224609 0.0458984
0 0.373047 0.530273 0.0175781 0.0546875
0 0.581055 0.633789 0.0429688 0.0371094
0 0.830566 0.812012 0.0419922 0.0458984
0 0.527344 0.712891 0.0195312 0.0449219
0 0.371094 0.45459 0.0351562 0.0224609
0 0.492676 0.31543 0.0400391 0.0253906
0 0.491699 0.694336 0.0185547 0.0507812
0 0.410645 0.466309 0.0224609 0.0498047
0 0.575195 0.294434 0.0195312 0.0615234
0 0.654297 0.508789 0.0410156 0.0292969
0 0.310547 0.54541 0.03125 0.0478516
0 0.467773 0.553223 0.0351562 0.0263672
0 0.321777 0.418457 0.0419922 0.0244141
0 0.440918 0.690918 0.0283203 0.0341797
0 0.318359 0.503418 0.0332031 0.0302734
0 0.586914 0.569336 0.0429688 0.0371094
0 0.584473 0.748535 0.0380859 0.0341797
0 0.485352 0.376953 0.0175781 0.0546875
0 0.368164 0.562988 0.0351562 0.0283203
0 0.538574 0.663086 0.0283203 0.0410156
0 0.554199 0.541504 0.0224609 0.0458984
0 0.496094 0.52832 0.0351562 0.0332031
0 0.28125 0.380371 0.0214844 0.0439453
0 0.366211 0.158691 0.0273438 0.0498047
