0 0.493164 0.6875 0.0214844 0.046875
0 0.499512 0.577637 0.0439453 0.0283203
0 0.480957 0.72168 0.0185547 0.0546875
0 0.625 0.414551 0.0507812 0.0439453
0 0.489258 0.599121 0.0410156 0.0302734
0 0.381836 0.592773 0.0214844 0.0742188
0 0.486328 0.629883 0.0273438 0.0527344
0 0.397461 0.583008 0.0214844 0.0859375
0 0.51123 0.670898 0.0244141 0.0605469
0 0.470215 0.728516 0.0224609 0.0546875
0 0.487305 0.675293 0.0332031 0.0537109
0 0.520508 0.410156 0.0371094 0.0390625
0 0.532227 0.672852 0.0332031 0.0605469
0 0.539551 0.494141 0.0205078 0.0488281
0 0.146484 0.553223 0.0546875 0.0361328
0 0.515625 0.614746 0.0371094 0.0498047
0 0.539062 0.615723 0.046875 0.0478516
