0 0.285156 0.666992 0.0585938 0.0332031
0 0.352051 0.573242 0.0478516 0.0546875
0 0.738281 0.802734 0.0585938 0.0253906
0 0.634277 0.554199 0.0712891 0.0361328
0 0.64502 0.758301 0.0458984 0.0498047
0 0.522461 0.372559 0.0703125 0.0341797
0 0.317871 0.428223 0.0498047 0.0556641
0 0.580078 0.419922 0.0488281 0.0527344
0 0.362793 0.337891 0.0693359 0.0351562
0 0.265137 0.679688 0.0458984 0.0566406
0 0.565918 0.727539 0.0556641 0.0507812
0 0.277832 0.613281 0.0673828 0.0351562
0 0.648926 0.348633 0.0556641 0.0429688
0 0.458984 0.351074 0.0585938 0.0478516
0 0.554688 0.317383 0.0585938 0.046875
0 0.596191 0.819336 0.0498047 0.046875
0 0.536133 0.818359 0.0625 0.0429688
0 0.719238 0.835938 0.0458984 0.0488281
0 0.263184 0.56543 0.0654297 0.0390625
0 0.682129 0.803711 0.0498047 0.046875
0 0.327637 0.695312 0.0693359 0.046875
