0 0.0888672 0.495605 0.0351562 0.0458984
0 0.625488 0.490234 0.0302734 0.0429688
0 0.168457 0.384766 0.0380859 0.0761719
0 0.446289 0.666016 0.0234375 0.0683594
0 0.15332 0.436035 0.0214844 0.0615234
0 0.319824 0.456543 0.0361328 0.0498047
0 0.626953 0.764648 0.0214844 0.078125
0 0.111328 0.563477 0.03125 0.0292969
0 0.29248 0.689453 0.0439453 0.0546875
0 0.429199 0.617676 0.0283203 0.0712891
0 0.209961 0.403809 0.0371094 0.0517578
0 0.644531 0.491699 0.0273438 0.0771484
0 0.619629 0.591309 0.0400391 0.0810547
0 0.529297 0.739258 0.0214844 0.0898438
0 0.514648 0.475098 0.0371094 0.0419922
0 0.0654297 0.525391 0.0253906 0.0742188
0 0.817871 0.4375 0.0498047 0.0273438
0 0.431641 0.561035 0.0390625 0.0751953
0 0.311035 0.651855 0.0478516 0.0439453
0 0.34375 0.483398 0.03125 0.0410156
0 0.196777 0.833984 0.0263672 0.0585938
0 0.649414 0.643555 0.0214844 0.078125
0 0.470703 0.648438 0.0292969 0.0527344
0 0.427734 0.77832 0.0332031 0.0898438
0 0.360352 0.192383 0.0371094 0.078125
0 0.669434 0.885254 0.0283203 0.0478516
0 0.590332 0.384277 0.0361328 0.0634766
