0 0.540039 0.697754 0.0253906 0.0498047
0 0.519043 0.693848 0.0322266 0.0771484
0 0.183594 0.635742 0.046875 0.0332031
0 0.265137 0.648438 0.0498047 0.0292969
0 0.376465 0.250488 0.0341797 0.0771484
0 0.521484 0.422363 0.0351562 0.0615234
0 0.519043 0.458008 0.0380859 0.0527344
0 0.417969 0.516113 0.0527344 0.0400391
0 0.20752 0.564941 0.0361328 0.0771484
0 0.152344 0.351562 0.0625 0.0546875
0 0.48584 0.262695 0.0341797 0.0625
0 0.42627 0.628906 0.0302734 0.0585938
0 0.384766 0.415039 0.0332031 0.0703125
0 0.402344 0.609375 0.0429688 0.046875
0 0.421875 0.34668 0.0507812 0.0488281
0 0.506348 0.36084 0.0478516 0.0517578
