0 0.324707 0.484375 0.0400391 0.0371094
0 0.600098 0.644043 0.0322266 0.0205078
0 0.355469 0.656738 0.0273438 0.0205078
0 0.578125 0.631348 0.0234375 0.0185547
0 0.758301 0.609375 0.0517578 0.0292969
0 0.636719 0.62207 0.015625 0.0351562
0 0.462402 0.433105 0.0341797 0.0166016
0 0.600098 0.630371 0.0322266 0.0478516
0 0.318359 0.640137 0.0234375 0.0517578
0 0.415039 0.696289 0.0332031 0.0195312
0 0.700684 0.650879 0.0166016 0.0517578
0 0.392578 0.672852 0.0195312 0.0332031
0 0.431152 0.686523 0.0419922 0.0195312
0 0.369629 0.447754 0.0166016 0.0439453
0 0.434082 0.672852 0.0419922 0.0234375
0 0.650879 0.61084 0.0185547 0.0439453
0 0.618164 0.574219 0.015625 0.046875
0 0.53125 0.64209 0.0371094 0.0302734
0 0.492188 0.400879 0.0390625 0.0224609
0 0.464355 0.450195 0.0380859 0.0214844
0 0.4375 0.708008 0.0371094 0.0234375
0 0.440918 0.722656 0.0380859 0.0175781
0 0.619141 0.619141 0.0234375 0.0351562
0 0.548828 0.425781 0.015625 0.0429688
0 0.804688 0.494141 0.0292969 0.0488281
0 0.483887 0.486328 0.0283203 0.03125
0 0.788086 0.489746 0.0390625 0.0478516
0 0.67041 0.51709 0.0302734 0.0302734
0 0.716797 0.63916 0.0214844 0.0380859
0 0.536621 0.473633 0.0400391 0.0273438
0 0.695801 0.672363 0.0185547 0.0380859
0 0.524902 0.42041 0.0322266 0.0283203
0 0.595215 0.461914 0.0380859 0.0175781
0 0.400391 0.708496 0.0332031 0.0380859
0 0.736816 0.505859 0.0166016 0.0371094
0 0.739258 0.639648 0.0351562 0.0195312
0 0.391602 0.483887 0.0195312 0.0517578
0 0.505859 0.65625 0.0175781 0.046875
0 0.567383 0.471191 0.0371094 0.0205078
0 0.319824 0.61377 0.0302734 0.0419922
0 0.55127 0.669434 0.0224609 0.0517578
0 0.529785 0.660645 0.0341797 0.0400391
0 0.525391 0.395996 0.0253906 0.0400391
0 0.666016 0.749512 0.0332031 0.0458984
0 0.382812 0.449219 0.0136719 0.0488281
0 0.151367 0.606445 0.03125 0.0527344
0 0.317383 0.546875 0.0371094 0.0195312
0 0.730469 0.668457 0.0371094 0.0400391
0 0.492676 0.382812 0.0380859 0.0195312
0 0.373535 0.638672 0.0361328 0.0234375
0 0.467773 0.697266 0.0195312 0.0527344
0 0.402344 0.431152 0.0273438 0.0400391
0 0.441406 0.402832 0.015625 0.0458984
0 0.487793 0.603516 0.0361328 0.0390625
0 0.674805 0.390625 0.0273438 0.0664062
0 0.590332 0.434082 0.0244141 0.0419922
0 0.274902 0.503418 0.0498047 0.0302734
0 0.682129 0.418945 0.0361328 0.0351562
0 0.623047 0.652344 0.0273438 0.0371094
0 0.467285 0.413086 0.0380859 0.0292969
0 0.485352 0.69043 0.0175781 0.0488281
0 0.466797 0.761719 0.0429688 0.0253906
0 0.484375 0.508789 0.03125 0.0449219
0 0.716309 0.585449 0.0322266 0.0224609
0 0.367188 0.682129 0.0175781 0.0498047
0 0.347656 0.69043 0.0195312 0.0488281
0 0.698242 0.703613 0.0195312 0.0537109
0 0.321289 0.418945 0.0488281 0.0234375
0 0.681641 0.575195 0.0234375 0.0390625
0 0.662598 0.645508 0.0302734 0.0390625
0 0.295898 0.562012 0.0390625 0.0185547
0 0.635742 0.686035 0.0273438 0.0322266
0 0.269043 0.427246 0.0244141 0.0419922
0 0.350586 0.472168 0.0214844 0.0400391
0 0.325684 0.586914 0.0361328 0.0234375
0 0.338867 0.5 0.03125 0.0351562
0 0.42334 0.398438 0.0166016 0.0527344
0 0.630859 0.422363 0.0214844 0.0556641
0 0.721191 0.536133 0.0361328 0.03125
0 0.796875 0.634277 0.0292969 0.0341797
0 0.57666 0.665039 0.0341797 0.0351562
0 0.690918 0.519043 0.0244141 0.0439453
0 0.301758 0.586426 0.0371094 0.0341797
0 0.299316 0.617188 0.0244141 0.0429688
0 0.837891 0.552734 0.0253906 0.0488281
0 0.776367 0.525879 0.0351562 0.0361328
0 0.816895 0.382324 0.0244141 0.0400391
0 0.445801 0.743164 0.0361328 0.03125
0 0.73291 0.59082 0.0283203 0.0390625
0 0.325684 0.525391 0.0341797 0.03125
0 0.553711 0.703613 0.0234375 0.0478516
0 0.30127 0.659668 0.0263672 0.0400391
