0 0.402832 0.64209 0.0302734 0.0458984
0 0.320801 0.534668 0.0458984 0.0283203
0 0.285645 0.588867 0.0556641 0.0253906
0 0.303223 0.490234 0.0517578 0.0351562
0 0.375488 0.537109 0.0537109 0.0273438
0 0.362793 0.516602 0.0341797 0.0410156
0 0.293457 0.481445 0.0498047 0.0390625
0 0.402832 0.343262 0.0263672 0.0419922
0 0.380859 0.499023 0.0332031 0.0507812
0 0.473633 0.44043 0.046875 0.0683594
0 0.411621 0.631836 0.0498047 0.0488281
0 0.352539 0.505859 0.046875 0.0351562
0 0.428711 0.609375 0.0332031 0.0351562
0 0.398438 0.512207 0.03125 0.0498047
0 0.412598 0.601562 0.0361328 0.046875
0 0.334961 0.604492 0.0351562 0.0410156
0 0.265625 0.541016 0.0546875 0.0273438
0 0.37207 0.554688 0.0488281 0.0351562
0 0.262207 0.59375 0.0478516 0.0390625
0 0.280273 0.605469 0.0605469 0.0234375
0 0.439941 0.380371 0.0498047 0.0478516
0 0.321777 0.548828 0.0458984 0.0351562
0 0.51416 0.407227 0.0654297 0.0292969
0 0.229004 0.610352 0.0537109 0.0390625
0 0.29248 0.533203 0.0458984 0.0351562
0 0.44043 0.63916 0.0332031 0.0576172
0 0.441406 0.356934 0.0507812 0.0322266
0 0.306152 0.633789 0.0419922 0.046875
0 0.480469 0.398926 0.0507812 0.0517578
0 0.413086 0.362793 0.0449219 0.0576172
0 0.311523 0.479004 0.0351562 0.0341797
0 0.293457 0.564941 0.0576172 0.0302734
0 0.4375 0.493164 0.0507812 0.0292969
0 0.335938 0.478027 0.0371094 0.0400391
0 0.545898 0.672852 0.0644531 0.0527344
0 0.43457 0.576172 0.0488281 0.0390625
0 0.537109 0.471191 0.0703125 0.0283203
0 0.546875 0.431152 0.0820312 0.0283203
0 0.308594 0.344238 0.0488281 0.0419922
0 0.595703 0.47998 0.0429688 0.0439453
0 0.26416 0.4375 0.0517578 0.0390625
0 0.428711 0.552734 0.0429688 0.0371094
0 0.521484 0.349609 0.0449219 0.046875
0 0.462891 0.486816 0.0351562 0.0537109
0 0.672852 0.320801 0.0957031 0.0615234
0 0.331055 0.504883 0.0605469 0.0351562
0 0.376465 0.364746 0.0595703 0.0263672
0 0.342773 0.536133 0.0371094 0.0449219
0 0.352539 0.626953 0.0449219 0.0527344
0 0.48877 0.5 0.0419922 0.0527344
0 0.399414 0.550781 0.0351562 0.0507812
0 0.390137 0.675781 0.0380859 0.0546875
0 0.635742 0.44043 0.0449219 0.0566406
0 0.557617 0.490234 0.0683594 0.0234375
0 0.59668 0.45166 0.0683594 0.0302734
0 0.522949 0.376953 0.0478516 0.0507812
0 0.383301 0.332031 0.0380859 0.0507812
0 0.555664 0.559082 0.0449219 0.0517578
0 0.326172 0.631348 0.0292969 0.0478516
0 0.191895 0.771484 0.0888672 0.046875
0 0.728516 0.34668 0.0566406 0.0722656
0 0.379883 0.61377 0.0292969 0.0576172
0 0.526367 0.556152 0.0605469 0.0341797
0 0.54834 0.456543 0.0673828 0.0302734
0 0.291016 0.305664 0.0664062 0.0410156
0 0.402832 0.438965 0.0478516 0.0400391
0 0.30957 0.450195 0.0390625 0.046875
0 0.333984 0.581055 0.0527344 0.0371094
0 0.208984 0.524414 0.0410156 0.03125
0 0.260742 0.479004 0.0488281 0.0419922
0 0.460938 0.604492 0.0546875 0.0371094
0 0.36377 0.666992 0.0419922 0.0527344
0 0.261719 0.567383 0.0273438 0.0371094
0 0.382324 0.466797 0.0576172 0.0273438
0 0.487305 0.342773 0.0527344 0.0585938
0 0.332031 0.415527 0.0546875 0.0400391
0 0.572266 0.519531 0.046875 0.046875
0 0.697266 0.441895 0.0644531 0.0458984
0 0.495117 0.733398 0.0644531 0.0332031
0 0.533203 0.53418 0.0625 0.0292969
0 0.587891 0.560547 0.0527344 0.0390625
0 0.469727 0.570312 0.0449219 0.0488281
0 0.395508 0.307617 0.046875 0.0449219
0 0.65625 0.416016 0.0683594 0.0390625
0 0.380859 0.398926 0.0507812 0.0439453
0 0.623047 0.930664 0.0644531 0.0722656
0 0.556641 0.318359 0.0585938 0.0585938
0 0.522461 0.59082 0.0722656 0.0332031
0 0.34375 0.435547 0.0507812 0.0390625
0 0.442383 0.525391 0.0605469 0.0390625
0 0.596191 0.368652 0.0654297 0.0478516
0 0.758789 0.456543 0.0820312 0.0458984
0 0.555664 0.375 0.0527344 0.046875
0 0.629883 0.555664 0.0605469 0.0449219
