0 0.337891 0.511719 0.111328 0.125
0 0.833984 0.86084 0.0566406 0.0205078
0 0.76123 0.74707 0.0341797 0.0195312
0 0.575195 0.592773 0.078125 0.0332031
0 0.420898 0.780273 0.0546875 0.0273438
0 0.509277 0.652344 0.0576172 0.015625
0 0.644043 0.585449 0.0810547 0.0263672
0 0.705078 0.553711 0.0527344 0.0273438
0 0.464844 0.515137 0.0410156 0.0224609
0 0.712891 0.565918 0.0585938 0.0224609
0 0.590332 0.525879 0.0439453 0.0341797
0 0.709961 0.599609 0.0429688 0.0234375
0 0.293457 0.629883 0.0361328 0.0371094
0 0.421387 0.711914 0.0361328 0.0351562
0 0.391113 0.833008 0.0751953 0.0273438
0 0.663574 0.875488 0.0654297 0.0361328
0 0.297852 0.868164 0.0878906 0.03125
0 0.428711 0.607422 0.078125 0.0292969
