0 0.338379 0.522461 0.0556641 0.015625
0 0.587891 0.338867 0.0488281 0.0332031
0 0.54834 0.285645 0.0302734 0.0283203
0 0.577637 0.580566 0.0556641 0.0361328
0 0.72998 0.509766 0.0595703 0.0351562
0 0.54541 0.630371 0.0537109 0.0224609
0 0.48584 0.313965 0.0380859 0.0380859
0 0.54248 0.477539 0.0283203 0.0214844
0 0.426758 0.428223 0.0605469 0.0185547
0 0.160645 0.558594 0.0771484 0.0195312
0 0.503418 0.620117 0.0693359 0.0195312
0 0.417969 0.528809 0.0761719 0.0205078
0 0.432129 0.361816 0.0556641 0.0322266
0 0.632324 0.677734 0.0732422 0.0214844
0 0.812988 0.469238 0.0673828 0.0224609
0 0.86377 0.493652 0.0732422 0.0244141
0 0.840332 0.352539 0.0751953 0.0214844
