0 0.544434 0.617676 0.0224609 0.0224609
0 0.51709 0.635742 0.0244141 0.0332031
0 0.584473 0.605469 0.0224609 0.0234375
0 0.525879 0.646973 0.0224609 0.0400391
0 0.506836 0.71875 0.0332031 0.0371094
0 0.543945 0.714844 0.0214844 0.0449219
0 0.52832 0.608887 0.0332031 0.0185547
0 0.593262 0.658691 0.0185547 0.0556641
0 0.469727 0.467773 0.0292969 0.0214844
0 0.581055 0.618652 0.0253906 0.0263672
0 0.573242 0.665527 0.015625 0.0556641
0 0.433105 0.880371 0.0478516 0.0498047
0 0.560547 0.623535 0.015625 0.0400391
0 0.495605 0.840332 0.0185547 0.0458984
0 0.50293 0.769531 0.0234375 0.046875
0 0.534668 0.85791 0.0205078 0.0380859
0 0.6875 0.780762 0.0332031 0.0263672
0 0.546875 0.745117 0.03125 0.0195312
0 0.544922 0.674316 0.0253906 0.0283203
0 0.424316 0.479492 0.0380859 0.0273438
0 0.483398 0.715332 0.0273438 0.0419922
0 0.483398 0.677734 0.0234375 0.046875
0 0.509766 0.574219 0.0175781 0.0449219
0 0.512695 0.541016 0.0292969 0.0253906
0 0.560059 0.79834 0.0302734 0.0244141
0 0.717773 0.845703 0.0234375 0.0488281
0 0.383301 0.557129 0.0244141 0.0400391
