0 0.490234 0.556152 0.03125 0.0185547
0 0.46582 0.767578 0.0195312 0.0800781
0 0.390137 0.622559 0.0263672 0.0244141
0 0.958496 0.532715 0.0478516 0.0380859
0 0.473633 0.637207 0.0488281 0.0341797
0 0.726562 0.748535 0.0410156 0.0537109
0 0.45459 0.475098 0.0224609 0.0751953
0 0.555176 0.564453 0.0400391 0.0234375
0 0.25293 0.662109 0.0214844 0.0566406
0 0.490723 0.80127 0.0380859 0.0439453
0 0.863281 0.650879 0.0507812 0.0322266
0 0.610352 0.69043 0.0273438 0.0566406
0 0.126953 0.238281 0.0253906 0.0507812
0 0.334473 0.624023 0.0224609 0.046875
0 0.469727 0.679688 0.0214844 0.0371094
0 0.760742 0.538086 0.0390625 0.0371094
0 0.382324 0.316895 0.0400391 0.0419922
0 0.486816 0.657227 0.0302734 0.0371094
