0 0.615234 0.254883 0.0332031 0.0351562
0 0.606934 0.517578 0.0244141 0.0507812
0 0.634766 0.741211 0.0136719 0.0546875
0 0.702148 0.725586 0.0117188 0.0546875
0 0.642578 0.894043 0.0175781 0.0517578
0 0.726562 0.546387 0.0214844 0.0439453
0 0.586914 0.533203 0.0117188 0.0429688
0 0.51416 0.411621 0.0400391 0.0341797
0 0.67041 0.538086 0.0439453 0.0371094
0 0.494629 0.600098 0.0263672 0.0439453
0 0.712402 0.722656 0.0185547 0.0761719
0 0.212891 0.324707 0.0507812 0.0927734
0 0.661621 0.916016 0.0439453 0.0371094
0 0.589844 0.410645 0.0234375 0.0615234
0 0.550781 0.85791 0.0390625 0.0244141
0 0.580566 0.496582 0.0478516 0.0283203
0 0.568359 0.956543 0.0234375 0.0419922
0 0.649414 0.953125 0.0371094 0.0546875
0 0.675781 0.870117 0.0253906 0.0507812
0 0.706543 0.542969 0.0322266 0.0273438
0 0.53125 0.818848 0.0292969 0.0283203
0 0.523438 0.986328 0.0351562 0.015625
0 0.564453 0.743164 0.0195312 0.0507812
0 0.487793 0.680664 0.0439453 0.0234375
0 0.500977 0.637207 0.0175781 0.0517578
0 0.54834 0.437988 0.0439453 0.0263672
0 0.534668 0.689941 0.0185547 0.0498047
0 0.621582 0.807617 0.0244141 0.0507812
0 0.585938 0.455078 0.0371094 0.0429688
0 0.515625 0.873047 0.0214844 0.0585938
0 0.48584 0.9375 0.0263672 0.0488281
0 0.660156 0.873047 0.0273438 0.0371094
0 0.559082 0.333008 0.0400391 0.0292969
0 0.557617 0.674316 0.0332031 0.0400391
0 0.654297 0.796875 0.0429688 0.0527344
0 0.454102 0.897461 0.0195312 0.0507812
0 0.628418 0.34082 0.0146484 0.0566406
0 0.591309 0.605469 0.0224609 0.0429688
0 0.557129 0.914551 0.0185547 0.0654297
0 0.645508 0.60791 0.0410156 0.0244141
0 0.670898 0.459961 0.0390625 0.0449219
0 0.483887 0.496582 0.0224609 0.0517578
0 0.525879 0.96875 0.0361328 0.0292969
0 0.601074 0.69873 0.0283203 0.0400391
0 0.543945 0.256348 0.0273438 0.0283203
0 0.621582 0.455078 0.0244141 0.0683594
0 0.595703 0.655273 0.0332031 0.0429688
0 0.598633 0.924316 0.0332031 0.0517578
0 0.67041 0.420898 0.0341797 0.0234375
0 0.697266 0.500488 0.046875 0.0595703
0 0.640625 0.364746 0.0195312 0.0537109
0 0.544922 0.987793 0.0273438 0.0244141
0 0.672363 0.320312 0.0322266 0.0371094
0 0.538086 0.953613 0.0351562 0.0302734
0 0.611816 0.830078 0.0263672 0.0527344
0 0.625977 0.888184 0.0234375 0.0458984
0 0.620605 0.958984 0.0478516 0.0351562
0 0.620117 0.397949 0.0429688 0.0224609
0 0.695801 0.585449 0.0302734 0.0556641
0 0.63916 0.476074 0.0185547 0.0595703
0 0.598633 0.34375 0.03125 0.0585938
0 0.581055 0.97168 0.0195312 0.046875
0 0.48584 0.987793 0.0361328 0.0244141
0 0.728516 0.613281 0.0195312 0.0683594
0 0.539551 0.527344 0.0322266 0.0566406
0 0.533691 0.410645 0.0458984 0.0341797
0 0.461914 0.950195 0.0273438 0.0507812
0 0.664062 0.378906 0.0292969 0.0527344
0 0.521484 0.336914 0.0390625 0.0253906
0 0.543945 0.556152 0.0273438 0.0615234
0 0.661621 0.565918 0.0517578 0.0302734
0 0.603027 0.979492 0.0205078 0.0390625
0 0.736816 0.702637 0.0380859 0.0751953
0 0.544434 0.75293 0.0185547 0.0585938
0 0.580078 0.793457 0.0273438 0.0498047
0 0.463867 0.357422 0.0390625 0.0332031
0 0.710938 0.612305 0.0175781 0.0585938
0 0.487305 0.369629 0.0371094 0.0673828
0 0.585938 0.305664 0.0195312 0.0527344
0 0.655273 0.290039 0.0273438 0.046875
0 0.538574 0.271484 0.0380859 0.0371094
0 0.681641 0.785645 0.0136719 0.0556641
0 0.631348 0.526367 0.0380859 0.0292969
0 0.513672 0.369141 0.0234375 0.0488281
0 0.473145 0.600586 0.0322266 0.0703125
0 0.544922 0.392578 0.046875 0.0253906
0 0.743164 0.640625 0.0195312 0.0664062
0 0.536621 0.473633 0.0419922 0.0273438
0 0.633301 0.257324 0.0419922 0.0302734
0 0.578125 0.699707 0.015625 0.0576172
0 0.484863 0.810547 0.0439453 0.0371094
0 0.697266 0.675781 0.0253906 0.0644531
0 0.554688 0.789062 0.0195312 0.0566406
0 0.58252 0.274902 0.0341797 0.0556641
0 0.625488 0.295898 0.0380859 0.0410156
0 0.532715 0.367188 0.0341797 0.0429688
0 0.506836 0.442383 0.0429688 0.046875
0 0.491211 0.544922 0.0332031 0.0351562
0 0.487305 0.263184 0.0390625 0.0498047
0 0.557617 0.823242 0.0332031 0.0507812
0 0.625 0.211426 0.0390625 0.0419922
