0 0.683105 0.614746 0.0634766 0.0380859
0 0.425781 0.573242 0.0605469 0.0546875
0 0.214355 0.518066 0.0966797 0.0322266
0 0.803711 0.45459 0.0859375 0.0380859
0 0.258301 0.508789 0.0986328 0.0585938
0 0.71582 0.561523 0.09375 0.0351562
0 0.761719 0.594727 0.0566406 0.0566406
0 0.607422 0.523438 0.0722656 0.0683594
0 0.849609 0.437012 0.0957031 0.0380859
0 0.714355 0.479492 0.0419922 0.0664062
0 0.82373 0.540527 0.0400391 0.0693359
0 0.561035 0.580078 0.0947266 0.0390625
0 0.577148 0.612305 0.0917969 0.046875
0 0.771973 0.466797 0.0986328 0.0390625
0 0.581055 0.509766 0.0585938 0.0703125
0 0.638672 0.660156 0.103516 0.0703125
0 0.802246 0.558594 0.0439453 0.0664062
0 0.66748 0.594727 0.0576172 0.0664062
0 0.400879 0.566406 0.0693359 0.0683594
0 0.683105 0.475586 0.0498047 0.0742188
0 0.631348 0.605469 0.0556641 0.0664062
0 0.815918 0.495117 0.0947266 0.03125
0 0.654297 0.543457 0.111328 0.0576172
0 0.85498 0.568359 0.0478516 0.0683594
0 0.724121 0.607422 0.0576172 0.0703125
0 0.647949 0.486816 0.0537109 0.0654297
0 0.975098 0.559082 0.0498047 0.0947266
0 0.244141 0.452148 0.0585938 0.0800781
0 0.597168 0.465332 0.0810547 0.0380859
0 0.49707 0.578613 0.0683594 0.0732422
0 0.55127 0.506348 0.0595703 0.0771484
0 0.425293 0.483398 0.0771484 0.0742188
0 0.327637 0.676758 0.133789 0.0664062
0 0.762695 0.408691 0.0820312 0.0458984
0 0.833008 0.385742 0.105469 0.0566406
0 0.762695 0.501953 0.078125 0.0761719
0 0.44043 0.507812 0.0820312 0.0703125
0 0.670898 0.326172 0.128906 0.0566406
0 0.571289 0.31543 0.0625 0.0742188
0 0.463867 0.557617 0.0859375 0.0625
0 0.432129 0.619629 0.0732422 0.0673828
0 0.361328 0.619629 0.0625 0.0634766
0 0.150879 0.512695 0.0751953 0.0683594
0 0.364746 0.555176 0.0595703 0.0751953
0 0.847656 0.60791 0.0703125 0.0712891
0 0.614746 0.383789 0.0947266 0.0742188
0 0.176758 0.46582 0.0722656 0.0664062
0 0.830078 0.297363 0.103516 0.0751953
0 0.223145 0.836914 0.0810547 0.078125
0 0.476074 0.444824 0.0947266 0.0830078
