0 0.368652 0.418457 0.0205078 0.0322266
0 0.487793 0.447266 0.0263672 0.0234375
0 0.481445 0.433105 0.0371094 0.0244141
0 0.420898 0.683594 0.0175781 0.0390625
0 0.603027 0.40918 0.0146484 0.0410156
0 0.589844 0.281738 0.0234375 0.0302734
0 0.557129 0.632812 0.0263672 0.0175781
0 0.221191 0.61084 0.0205078 0.0380859
0 0.312012 0.516113 0.0302734 0.0146484
0 0.564941 0.348633 0.0244141 0.0332031
0 0.206055 0.571777 0.0253906 0.0380859
0 0.558105 0.666504 0.0244141 0.0185547
0 0.361816 0.546875 0.0283203 0.0214844
0 0.621094 0.613281 0.0253906 0.0253906
0 0.692871 0.483887 0.0302734 0.0283203
0 0.517578 0.243164 0.0175781 0.0410156
0 0.733398 0.524414 0.03125 0.03125
0 0.368652 0.647949 0.0322266 0.0283203
0 0.629395 0.368652 0.0185547 0.0400391
0 0.574219 0.374023 0.015625 0.0410156
0 0.55957 0.316895 0.0214844 0.0263672
0 0.306152 0.511719 0.0419922 0.0253906
0 0.310059 0.528809 0.0400391 0.0146484
0 0.185547 0.595215 0.015625 0.0380859
0 0.54248 0.407227 0.0263672 0.0273438
0 0.473145 0.63623 0.0400391 0.0185547
0 0.527344 0.35791 0.0273438 0.0283203
0 0.376465 0.468262 0.0185547 0.0283203
0 0.368164 0.622559 0.03125 0.0322266
0 0.479492 0.661133 0.0175781 0.0351562
0 0.666504 0.516602 0.0361328 0.0273438
0 0.508789 0.208984 0.0136719 0.0449219
0 0.327637 0.621094 0.0263672 0.0214844
0 0.580078 0.428223 0.0351562 0.0322266
0 0.665039 0.692871 0.015625 0.0380859
0 0.575195 0.237793 0.0136719 0.0537109
0 0.229004 0.598145 0.0185547 0.0380859
0 0.505371 0.414551 0.0224609 0.0439453
0 0.377441 0.657715 0.0205078 0.0400391
0 0.676758 0.677246 0.0253906 0.0341797
0 0.562988 0.648438 0.0322266 0.0195312
0 0.569824 0.68457 0.0361328 0.0273438
0 0.612305 0.700195 0.0253906 0.03125
0 0.321777 0.416992 0.0322266 0.0273438
0 0.646973 0.625977 0.0126953 0.03125
0 0.494629 0.619629 0.0380859 0.0205078
0 0.621094 0.338379 0.0332031 0.0166016
0 0.400391 0.663086 0.0332031 0.0234375
0 0.236328 0.635254 0.0292969 0.0439453
0 0.446289 0.652832 0.0117188 0.0322266
0 0.710938 0.381348 0.0292969 0.0166016
0 0.711426 0.583008 0.0322266 0.0332031
0 0.46582 0.628906 0.0351562 0.0234375
0 0.614746 0.423828 0.0205078 0.0390625
0 0.520996 0.217285 0.0205078 0.0322266
0 0.341309 0.673828 0.0283203 0.0273438
0 0.618652 0.650879 0.0263672 0.0478516
0 0.553223 0.378906 0.0322266 0.0253906
0 0.453613 0.442871 0.0283203 0.0283203
0 0.737305 0.479004 0.03125 0.0263672
0 0.422363 0.445312 0.0322266 0.0351562
0 0.573242 0.29541 0.0117188 0.0419922
0 0.730957 0.364258 0.0341797 0.0195312
0 0.451172 0.560059 0.03125 0.0166016
0 0.299316 0.468262 0.0263672 0.0322266
0 0.508789 0.704102 0.0195312 0.0351562
0 0.625 0.522461 0.0332031 0.0175781
0 0.243164 0.697266 0.015625 0.0292969
0 0.643555 0.689941 0.03125 0.0185547
0 0.501953 0.639648 0.0253906 0.0292969
0 0.647461 0.650879 0.0351562 0.0244141
0 0.665527 0.535645 0.0380859 0.0224609
0 0.268066 0.618164 0.0361328 0.0292969
0 0.54834 0.605469 0.0341797 0.0253906
0 0.523438 0.424805 0.015625 0.0371094
0 0.619141 0.539062 0.0234375 0.0273438
0 0.449219 0.371582 0.0253906 0.0244141
0 0.397949 0.682129 0.0205078 0.0244141
0 0.520996 0.320312 0.0341797 0.015625
0 0.707031 0.609375 0.0195312 0.046875
0 0.345215 0.606934 0.0341797 0.0185547
0 0.67627 0.644531 0.0224609 0.0371094
0 0.676758 0.291016 0.0390625 0.0214844
0 0.55127 0.556641 0.0400391 0.0195312
0 0.691406 0.32373 0.0332031 0.0205078
0 0.702148 0.354492 0.03125 0.0234375
0 0.455566 0.541992 0.0380859 0.0214844
0 0.739746 0.513184 0.0302734 0.0244141
0 0.70752 0.249512 0.0185547 0.0439453
0 0.634766 0.416504 0.03125 0.0283203
0 0.394531 0.478027 0.0332031 0.0224609
0 0.345215 0.47168 0.0400391 0.0234375
0 0.592285 0.307617 0.0146484 0.0410156
0 0.744629 0.34082 0.0322266 0.0371094
0 0.554199 0.27832 0.0400391 0.0371094
0 0.594727 0.598633 0.0214844 0.0429688
0 0.536133 0.246582 0.0273438 0.0224609
0 0.297363 0.690918 0.0380859 0.0283203
0 0.691406 0.634766 0.0136719 0.0449219
0 0.438965 0.616699 0.0302734 0.0283203
0 0.541016 0.324219 0.0292969 0.0371094
0 0.608398 0.665039 0.0234375 0.0390625
0 0.541504 0.647461 0.0146484 0.0546875
0 0.458496 0.475586 0.0322266 0.0273438
0 0.548828 0.350586 0.015625 0.0449219
0 0.525391 0.271973 0.03125 0.0205078
0 0.475098 0.59668 0.0361328 0.0234375
0 0.544434 0.717285 0.0205078 0.0478516
0 0.668457 0.250977 0.0283203 0.0527344
0 0.524414 0.600586 0.0253906 0.0273438
0 0.580566 0.610352 0.0322266 0.0253906
0 0.256348 0.592773 0.0205078 0.0390625
0 0.404785 0.588379 0.0224609 0.0283203
0 0.554199 0.225586 0.0380859 0.0253906
0 0.612305 0.589844 0.0117188 0.0429688
0 0.639648 0.395508 0.0332031 0.0195312
0 0.373047 0.578613 0.03125 0.0185547
0 0.344727 0.566895 0.0332031 0.0166016
0 0.6875 0.75 0.0292969 0.0488281
0 0.301758 0.651855 0.0332031 0.0146484
0 0.269531 0.641113 0.0390625 0.0322266
0 0.516602 0.293945 0.0253906 0.0371094
0 0.719238 0.248535 0.0126953 0.0517578
0 0.650391 0.672363 0.03125 0.0224609
0 0.450195 0.463379 0.0390625 0.0302734
0 0.747559 0.38623 0.0478516 0.0205078
0 0.487305 0.32959 0.0175781 0.0361328
0 0.683594 0.586914 0.0292969 0.0234375
0 0.690918 0.264648 0.0166016 0.0371094
0 0.705078 0.27832 0.0175781 0.0449219
0 0.661133 0.36377 0.0273438 0.0341797
0 0.615234 0.477539 0.0292969 0.0292969
0 0.709473 0.488281 0.0224609 0.0332031
0 0.615723 0.29834 0.0400391 0.0185547
0 0.677734 0.503418 0.0175781 0.0361328
0 0.464844 0.416992 0.0371094 0.0175781
0 0.661621 0.332031 0.0302734 0.0292969
0 0.733398 0.461914 0.0390625 0.0253906
0 0.72168 0.479492 0.0234375 0.0390625
0 0.266113 0.498535 0.0224609 0.0361328
0 0.351562 0.383301 0.0390625 0.0205078
0 0.49707 0.465332 0.0332031 0.0283203
0 0.685059 0.368652 0.0244141 0.0341797
0 0.74707 0.302734 0.03125 0.03125
0 0.750488 0.498047 0.0458984 0.0214844
0 0.522461 0.6875 0.0253906 0.0351562
0 0.178711 0.668945 0.0234375 0.0546875
0 0.438477 0.682617 0.0234375 0.0390625
0 0.409668 0.430176 0.0302734 0.0419922
0 0.213867 0.529297 0.0292969 0.0410156
0 0.57666 0.570801 0.0166016 0.0419922
0 0.321777 0.644043 0.0341797 0.0322266
0 0.441406 0.581055 0.0371094 0.0234375
0 0.557617 0.248535 0.0253906 0.0400391
0 0.345703 0.637695 0.0136719 0.0390625
0 0.72998 0.433105 0.0400391 0.0244141
0 0.585938 0.34375 0.0332031 0.0351562
0 0.818848 0.583984 0.0244141 0.0546875
0 0.758301 0.289062 0.0419922 0.0390625
0 0.313965 0.785645 0.0263672 0.0224609
0 0.258301 0.676758 0.0380859 0.0234375
0 0.443359 0.772461 0.03125 0.0390625
0 0.140625 0.548828 0.0273438 0.0488281
0 0.241211 0.518555 0.03125 0.0195312
0 0.456055 0.664062 0.0195312 0.0371094
0 0.349609 0.400391 0.0371094 0.0214844
0 0.401367 0.535645 0.0332031 0.0263672
0 0.680664 0.709473 0.0390625 0.0263672
0 0.691406 0.428711 0.0214844 0.0449219
0 0.573242 0.465332 0.0253906 0.0439453
0 0.131836 0.580078 0.0332031 0.0175781
0 0.455078 0.808105 0.03125 0.0302734
0 0.526367 0.769531 0.0214844 0.0507812
0 0.412598 0.641602 0.0361328 0.0253906
0 0.400391 0.616211 0.03125 0.0332031
0 0.713867 0.714355 0.0351562 0.0341797
0 0.487793 0.685547 0.0302734 0.0371094
0 0.794434 0.532227 0.0322266 0.03125
