0 0.293945 0.357422 0.015625 0.0390625
0 0.208008 0.578125 0.0234375 0.0292969
0 0.204102 0.588867 0.0214844 0.046875
0 0.28418 0.560547 0.0195312 0.0332031
0 0.402344 0.497559 0.0175781 0.0302734
0 0.3125 0.794922 0.0175781 0.0429688
0 0.334961 0.365234 0.0175781 0.0292969
0 0.271484 0.612793 0.015625 0.0498047
0 0.354492 0.575195 0.015625 0.0546875
0 0.361816 0.605469 0.0146484 0.0488281
0 0.258789 0.38916 0.0195312 0.0556641
0 0.336914 0.283203 0.0234375 0.0546875
0 0.245117 0.441895 0.0214844 0.0361328
0 0.193848 0.668457 0.0185547 0.0556641
0 0.281738 0.609863 0.0185547 0.0517578
0 0.338379 0.306152 0.0244141 0.0478516
0 0.386719 0.717773 0.0195312 0.0585938
0 0.348145 0.491211 0.0244141 0.0234375
0 0.186523 0.373535 0.0253906 0.0302734
0 0.290527 0.739746 0.0224609 0.0517578
0 0.488281 0.591797 0.0292969 0.03125
0 0.194336 0.354004 0.03125 0.0302734
0 0.249023 0.424316 0.0292969 0.0341797
0 0.250977 0.762695 0.0214844 0.0507812
0 0.236816 0.746094 0.0302734 0.0410156
0 0.291992 0.540039 0.0253906 0.0410156
0 0.354004 0.768555 0.0283203 0.0273438
0 0.276367 0.359863 0.0273438 0.0283203
0 0.36377 0.48877 0.0166016 0.0517578
0 0.317871 0.769043 0.0185547 0.0595703
0 0.316895 0.394043 0.0205078 0.0576172
0 0.368652 0.580566 0.0185547 0.0576172
0 0.412109 0.791992 0.0214844 0.0625
0 0.299316 0.679199 0.0224609 0.0498047
0 0.396973 0.560547 0.0185547 0.0585938
0 0.328125 0.564453 0.03125 0.03125
0 0.234863 0.182617 0.0205078 0.0605469
0 0.259766 0.794434 0.0253906 0.0478516
0 0.29248 0.379883 0.0263672 0.03125
0 0.289062 0.464355 0.0195312 0.0458984
0 0.481934 0.728027 0.0361328 0.0341797
0 0.471191 0.704102 0.0283203 0.0351562
0 0.324219 0.239746 0.0195312 0.0498047
0 0.355469 0.69043 0.0253906 0.0351562
0 0.419434 0.839355 0.0283203 0.0556641
0 0.412109 0.408203 0.03125 0.0332031
0 0.412598 0.535645 0.0185547 0.0576172
0 0.237793 0.653809 0.0263672 0.0458984
0 0.506836 0.550781 0.0273438 0.0527344
0 0.196289 0.521973 0.0234375 0.0517578
0 0.292969 0.258301 0.0214844 0.0517578
0 0.481445 0.569824 0.03125 0.0302734
0 0.371582 0.724609 0.0185547 0.0605469
0 0.438965 0.783203 0.0244141 0.0585938
0 0.458496 0.515625 0.0205078 0.0546875
0 0.359375 0.456543 0.0273438 0.0283203
0 0.356445 0.64209 0.0253906 0.0400391
0 0.29541 0.495605 0.0224609 0.0498047
0 0.317871 0.536133 0.0224609 0.03125
0 0.22168 0.524902 0.0273438 0.0361328
0 0.201172 0.62793 0.03125 0.0332031
0 0.263184 0.82959 0.0322266 0.0341797
0 0.177734 0.546387 0.0195312 0.0498047
0 0.236328 0.515625 0.0273438 0.046875
0 0.200684 0.691406 0.0224609 0.0546875
0 0.347656 0.411133 0.0292969 0.046875
0 0.276855 0.34082 0.0244141 0.0371094
0 0.320312 0.204102 0.0195312 0.0546875
0 0.42627 0.388184 0.0244141 0.0498047
0 0.29834 0.121582 0.0263672 0.0380859
0 0.381348 0.484863 0.0185547 0.0537109
0 0.34375 0.589844 0.0253906 0.0390625
0 0.183594 0.587891 0.0292969 0.0351562
0 0.29541 0.77832 0.0244141 0.0546875
0 0.409668 0.373047 0.0185547 0.0488281
0 0.209473 0.381348 0.0224609 0.0478516
0 0.393066 0.350586 0.0185547 0.0585938
0 0.257812 0.672852 0.0214844 0.0488281
0 0.419434 0.336426 0.0263672 0.0400391
