0 0.830566 0.370605 0.0419922 0.0751953
0 0.821777 0.36084 0.0712891 0.0986328
0 0.671875 0.563477 0.0234375 0.101562
0 0.471191 0.347656 0.0498047 0.0683594
0 0.637207 0.554199 0.0556641 0.0869141
0 0.470215 0.314941 0.0537109 0.0498047
0 0.412598 0.666992 0.0439453 0.0625
0 0.326172 0.679199 0.0546875 0.0458984
0 0.172852 0.519043 0.0585938 0.0478516
0 0.207031 0.444824 0.0390625 0.0888672
0 0.202148 0.592773 0.0253906 0.103516
0 0.432617 0.361328 0.0546875 0.103516
0 0.279297 0.63916 0.0332031 0.102539
0 0.212891 0.505859 0.0585938 0.0410156
0 0.484863 0.768066 0.0576172 0.0830078
0 0.516113 0.657715 0.0478516 0.0771484
0 0.632324 0.689453 0.0517578 0.0839844
0 0.550781 0.517578 0.0722656 0.0683594
0 0.398438 0.447266 0.0585938 0.0507812
0 0.466797 0.42627 0.0410156 0.104492
