0 0.382324 0.370117 0.0146484 0.0136719
0 0.402832 0.681152 0.0224609 0.0205078
0 0.807129 0.40918 0.0107422 0.0371094
0 0.408203 0.366699 0.0078125 0.0341797
0 0.594238 0.607422 0.0185547 0.03125
0 0.805664 0.459473 0.0136719 0.0439453
0 0.407227 0.725098 0.0175781 0.0126953
0 0.278809 0.25 0.0361328 0.0234375
0 0.5 0.273438 0.0195312 0.03125
0 0.319824 0.652832 0.0224609 0.0380859
0 0.14502 0.522461 0.0302734 0.0136719
0 0.373535 0.422363 0.0224609 0.0224609
0 0.679688 0.405273 0.0195312 0.0371094
0 0.593262 0.647461 0.0126953 0.0371094
0 0.625977 0.23291 0.0214844 0.0322266
0 0.703613 0.282227 0.0146484 0.0332031
0 0.321289 0.564453 0.0292969 0.0429688
0 0.369141 0.437012 0.0273438 0.0263672
0 0.0322266 0.506836 0.0214844 0.0449219
0 0.578125 0.637207 0.0117188 0.0419922
0 0.666992 0.444824 0.0253906 0.0341797
0 0.286621 0.277344 0.0146484 0.0390625
0 0.48877 0.97168 0.0166016 0.0488281
0 0.543945 0.730469 0.0214844 0.0214844
0 0.348145 0.421875 0.0244141 0.03125
0 0.655273 0.352539 0.0292969 0.0332031
0 0.321777 0.316895 0.0361328 0.0205078
0 0.330078 0.25293 0.0234375 0.0214844
0 0.376465 0.59375 0.0166016 0.0410156
0 0.306152 0.274414 0.0302734 0.0253906
0 0.54834 0.756348 0.0166016 0.0380859
0 0.275391 0.317871 0.03125 0.0341797
0 0.322266 0.525391 0.0195312 0.0351562
0 0.387695 0.692871 0.0136719 0.0400391
0 0.69043 0.287598 0.0136719 0.0380859
0 0.636719 0.399414 0.0234375 0.0253906
0 0.647461 0.508789 0.0136719 0.0351562
0 0.421875 0.723145 0.0195312 0.0302734
0 0.434082 0.441406 0.0263672 0.0273438
0 0.650391 0.229492 0.0273438 0.0214844
0 0.593262 0.568359 0.0283203 0.0195312
0 0.251953 0.230957 0.0273438 0.0224609
0 0.726562 0.464844 0.0273438 0.03125
0 0.300293 0.495117 0.0224609 0.0410156
0 0.42041 0.754395 0.0166016 0.0341797
