0 0.575195 0.584961 0.0292969 0.0371094
0 0.138184 0.492188 0.0478516 0.03125
0 0.691406 0.505859 0.0253906 0.0488281
0 0.411621 0.660156 0.0224609 0.0507812
0 0.42627 0.65918 0.0224609 0.0546875
0 0.669922 0.902832 0.03125 0.0478516
0 0.40918 0.825195 0.0332031 0.0449219
0 0.250488 0.473633 0.0341797 0.0214844
0 0.205566 0.187012 0.0361328 0.0322266
0 0.143066 0.481445 0.0498047 0.0253906
0 0.654297 0.741211 0.0449219 0.03125
0 0.503418 0.5625 0.0302734 0.0507812
0 0.612305 0.330078 0.0253906 0.0546875
0 0.67041 0.700195 0.0263672 0.0527344
0 0.229492 0.177246 0.0292969 0.0419922
0 0.621094 0.729492 0.0253906 0.0546875
0 0.425293 0.766113 0.0341797 0.0517578
0 0.702637 0.723633 0.0380859 0.0410156
0 0.649902 0.716797 0.0302734 0.03125
0 0.404297 0.800781 0.0273438 0.0390625
0 0.304688 0.499023 0.0273438 0.0488281
0 0.191406 0.169434 0.0292969 0.0419922
0 0.504883 0.229004 0.0253906 0.0595703
0 0.270508 0.59668 0.0332031 0.0488281
0 0.430664 0.319824 0.0253906 0.0498047
0 0.716309 0.733398 0.0244141 0.0449219
0 0.759766 0.643066 0.0449219 0.0322266
0 0.293945 0.612305 0.0214844 0.0507812
0 0.604492 0.125488 0.0253906 0.0556641
0 0.45166 0.810547 0.0322266 0.0488281
0 0.188965 0.566406 0.0244141 0.0546875
0 0.676758 0.777832 0.0488281 0.0380859
0 0.266113 0.689453 0.0283203 0.0644531
0 0.514648 0.791992 0.0253906 0.0527344
0 0.305664 0.104492 0.0253906 0.0585938
0 0.453125 0.291016 0.046875 0.0371094
0 0.264648 0.799805 0.0292969 0.0527344
0 0.446777 0.503906 0.0439453 0.0429688
0 0.279785 0.363281 0.0419922 0.0332031
0 0.169922 0.19043 0.0273438 0.0449219
0 0.500977 0.491211 0.0332031 0.0546875
0 0.621582 0.692383 0.0458984 0.0253906
0 0.448242 0.684082 0.0410156 0.0322266
0 0.596191 0.579102 0.0361328 0.0449219
0 0.713379 0.222168 0.0439453 0.0341797
0 0.197754 0.620117 0.0419922 0.0371094
0 0.163086 0.230957 0.0332031 0.0498047
0 0.335449 0.247559 0.0478516 0.0478516
0 0.510254 0.606934 0.0302734 0.0458984
0 0.678223 0.225098 0.0400391 0.0341797
0 0.336426 0.167969 0.0419922 0.03125
0 0.461426 0.341309 0.0283203 0.0556641
0 0.40918 0.183105 0.0292969 0.0576172
0 0.262695 0.163086 0.0449219 0.0332031
0 0.629883 0.145996 0.0449219 0.0400391
0 0.812988 0.705566 0.0341797 0.0498047
0 0.389648 0.0527344 0.0429688 0.0566406
0 0.46582 0.746094 0.0371094 0.0449219
0 0.603516 0.76123 0.0390625 0.0341797
0 0.29541 0.381348 0.0302734 0.0517578
0 0.72168 0.676758 0.0371094 0.0488281
0 0.333008 0.69043 0.0410156 0.0488281
0 0.754883 0.157715 0.0371094 0.0458984
0 0.429688 0.912598 0.0351562 0.0517578
0 0.249512 0.316406 0.0419922 0.0429688
