0 0.295898 0.703125 0.0292969 0.0136719
0 0.458984 0.710449 0.00976562 0.0322266
0 0.336914 0.560547 0.0136719 0.0175781
0 0.494629 0.655273 0.0185547 0.0273438
0 0.443359 0.733398 0.00976562 0.0351562
0 0.325195 0.652344 0.0117188 0.0332031
0 0.384277 0.636719 0.0166016 0.0195312
0 0.346191 0.512207 0.0283203 0.0146484
0 0.376953 0.474609 0.0214844 0.015625
0 0.329102 0.550293 0.00976562 0.0205078
0 0.319824 0.568848 0.0224609 0.0185547
0 0.544922 0.697266 0.0117188 0.0332031
0 0.361816 0.28125 0.0107422 0.03125
0 0.545898 0.441406 0.0214844 0.0214844
0 0.445312 0.283691 0.0214844 0.0166016
0 0.522949 0.617188 0.0224609 0.0117188
0 0.464844 0.673828 0.015625 0.0214844
0 0.0146484 0.579102 0.0292969 0.03125
0 0.38623 0.491699 0.0205078 0.0205078
0 0.396484 0.414551 0.0195312 0.0302734
0 0.396484 0.640137 0.00976562 0.0283203
0 0.457031 0.404297 0.0195312 0.0273438
0 0.452148 0.514648 0.0136719 0.0371094
0 0.354004 0.60498 0.0224609 0.0146484
0 0.368652 0.621582 0.00878906 0.0224609
0 0.529785 0.640625 0.0185547 0.0292969
0 0.533203 0.462402 0.0195312 0.0126953
0 0.537598 0.60791 0.0146484 0.0146484
0 0.308105 0.606445 0.0126953 0.0234375
0 0.339844 0.539551 0.015625 0.0263672
0 0.456543 0.320312 0.00878906 0.0234375
0 0.39502 0.746582 0.0244141 0.0185547
0 0.59082 0.610352 0.0117188 0.0214844
0 0.452148 0.681152 0.00976562 0.0244141
0 0.530762 0.533203 0.0185547 0.0410156
0 0.405273 0.519531 0.0253906 0.0136719
0 0.518066 0.492188 0.0283203 0.0136719
0 0.605469 0.566406 0.0175781 0.0195312
0 0.529785 0.564941 0.0263672 0.0146484
0 0.479004 0.730469 0.0126953 0.0332031
0 0.374512 0.390137 0.0107422 0.0322266
0 0.601074 0.70752 0.0185547 0.0400391
0 0.171875 0.617188 0.015625 0.0273438
0 0.398438 0.666016 0.0175781 0.0214844
0 0.355957 0.625488 0.0166016 0.0263672
0 0.44043 0.826172 0.0175781 0.0253906
0 0.40332 0.460938 0.0117188 0.0332031
0 0.373535 0.492676 0.0146484 0.0146484
0 0.355957 0.526367 0.0126953 0.0253906
0 0.395996 0.577637 0.0224609 0.0224609
0 0.481934 0.69873 0.0224609 0.0283203
0 0.432129 0.689941 0.0263672 0.0126953
0 0.507324 0.727051 0.0224609 0.0166016
0 0.497559 0.555664 0.0205078 0.0175781
0 0.5 0.531738 0.0195312 0.0244141
0 0.480957 0.785156 0.0205078 0.0273438
0 0.509766 0.588379 0.0214844 0.0185547
0 0.595703 0.672852 0.0214844 0.0195312
0 0.448242 0.436035 0.0175781 0.0263672
0 0.352051 0.432617 0.0244141 0.0234375
0 0.441406 0.605957 0.015625 0.0224609
0 0.58252 0.540039 0.0107422 0.0292969
0 0.44043 0.362793 0.0253906 0.0185547
0 0.401367 0.505371 0.0292969 0.0166016
0 0.562988 0.478516 0.0146484 0.0371094
0 0.497559 0.74707 0.0205078 0.0234375
0 0.373047 0.459961 0.0273438 0.0117188
0 0.503418 0.599609 0.0205078 0.0117188
0 0.423828 0.708496 0.0195312 0.0244141
0 0.534668 0.718262 0.0126953 0.0380859
0 0.51416 0.572266 0.0107422 0.0214844
0 0.361816 0.477539 0.0244141 0.0117188
0 0.466797 0.690918 0.0136719 0.0263672
0 0.508789 0.65332 0.0175781 0.015625
0 0.477539 0.404297 0.0117188 0.0253906
0 0.467285 0.608887 0.0107422 0.0322266
0 0.520508 0.63623 0.00976562 0.0283203
0 0.440918 0.320801 0.0185547 0.0244141
0 0.367188 0.547852 0.00976562 0.0253906
0 0.402344 0.484863 0.0253906 0.0146484
0 0.526855 0.405273 0.0205078 0.0234375
0 0.406738 0.438477 0.0244141 0.0175781
0 0.435547 0.664062 0.0175781 0.015625
0 0.556152 0.662598 0.0185547 0.0185547
0 0.429688 0.507812 0.0078125 0.0214844
0 0.546387 0.532227 0.0126953 0.0332031
0 0.570801 0.50293 0.0244141 0.0175781
0 0.505371 0.463867 0.0205078 0.0234375
0 0.449219 0.572266 0.0292969 0.015625
0 0.442871 0.291992 0.0224609 0.0175781
0 0.525879 0.430664 0.0107422 0.0253906
0 0.462402 0.44873 0.0166016 0.0185547
0 0.349121 0.634766 0.0107422 0.0253906
0 0.382812 0.615234 0.0214844 0.0175781
0 0.505859 0.679199 0.0253906 0.0126953
0 0.558105 0.543457 0.0146484 0.0263672
0 0.32373 0.608887 0.0126953 0.0302734
0 0.591797 0.54248 0.0175781 0.0263672
0 0.509766 0.745605 0.0234375 0.0263672
0 0.712402 0.43457 0.0302734 0.0234375
0 0.478027 0.596191 0.0126953 0.0185547
0 0.530273 0.479492 0.0078125 0.0195312
0 0.540039 0.498047 0.0117188 0.03125
0 0.440918 0.62207 0.0205078 0.0273438
0 0.481445 0.34668 0.0175781 0.0292969
0 0.458008 0.438965 0.0175781 0.0263672
0 0.553711 0.751465 0.0332031 0.0302734
0 0.503906 0.797852 0.0253906 0.0273438
0 0.360352 0.496094 0.0214844 0.0195312
0 0.452148 0.727539 0.0117188 0.03125
0 0.466309 0.496094 0.0146484 0.0292969
0 0.416992 0.351074 0.0195312 0.0244141
0 0.4375 0.299805 0.0273438 0.015625
0 0.420898 0.477539 0.0195312 0.0195312
0 0.450684 0.464844 0.0205078 0.0136719
0 0.57666 0.476074 0.0205078 0.0205078
0 0.626953 0.68457 0.0253906 0.0195312
0 0.490234 0.396973 0.0175781 0.0283203
0 0.493652 0.803223 0.0263672 0.0126953
0 0.51123 0.546387 0.0107422 0.0322266
0 0.374023 0.361328 0.0253906 0.015625
0 0.430176 0.39209 0.0126953 0.0244141
0 0.453125 0.337402 0.0214844 0.0224609
0 0.491699 0.629395 0.0263672 0.0205078
0 0.479492 0.561523 0.0136719 0.0332031
0 0.586426 0.59082 0.0205078 0.0195312
0 0.320801 0.501953 0.0126953 0.0273438
0 0.541992 0.648438 0.0117188 0.0234375
0 0.379883 0.538574 0.0195312 0.0224609
0 0.469727 0.730957 0.0117188 0.0380859
0 0.601562 0.579102 0.0195312 0.0214844
0 0.415527 0.371094 0.0224609 0.0175781
0 0.38916 0.425781 0.0244141 0.0136719
0 0.484375 0.52002 0.015625 0.0224609
0 0.523438 0.678711 0.015625 0.0195312
0 0.449707 0.660156 0.0166016 0.0273438
0 0.458008 0.77002 0.0234375 0.0205078
0 0.473633 0.356445 0.0175781 0.0273438
0 0.55127 0.480469 0.0107422 0.03125
0 0.493652 0.458984 0.0185547 0.0214844
0 0.585449 0.5625 0.0263672 0.0195312
0 0.369141 0.664551 0.0195312 0.0126953
0 0.546875 0.584961 0.0136719 0.0292969
0 0.368652 0.307617 0.0224609 0.015625
0 0.611328 0.598633 0.015625 0.0234375
0 0.383789 0.669434 0.00976562 0.0341797
0 0.410156 0.389648 0.0273438 0.015625
0 0.451172 0.381348 0.0292969 0.0166016
0 0.578125 0.492188 0.0214844 0.0195312
0 0.402344 0.617676 0.0175781 0.0205078
0 0.367676 0.59668 0.0107422 0.03125
0 0.446777 0.699707 0.0205078 0.0166016
0 0.501953 0.618164 0.0273438 0.0136719
0 0.46582 0.333984 0.015625 0.0234375
0 0.496094 0.435547 0.0253906 0.0175781
0 0.535645 0.665527 0.0205078 0.0185547
0 0.427734 0.367188 0.0234375 0.015625
0 0.356934 0.671875 0.0224609 0.0234375
0 0.337891 0.490234 0.0273438 0.0175781
0 0.430664 0.525391 0.0234375 0.015625
0 0.384277 0.299316 0.0185547 0.0302734
0 0.34082 0.67334 0.0117188 0.0283203
0 0.564941 0.68457 0.0185547 0.0351562
0 0.449707 0.492676 0.0185547 0.0244141
0 0.375 0.570312 0.00976562 0.0351562
0 0.620117 0.566406 0.0234375 0.015625
0 0.342285 0.450684 0.0126953 0.0341797
0 0.57373 0.586914 0.0244141 0.0175781
0 0.357422 0.54541 0.015625 0.0263672
0 0.625977 0.586426 0.0273438 0.0244141
0 0.564453 0.524902 0.0214844 0.0322266
0 0.410156 0.641113 0.0136719 0.0322266
0 0.335938 0.649414 0.015625 0.0253906
0 0.419922 0.769531 0.0273438 0.03125
0 0.393555 0.37793 0.0253906 0.00976562
0 0.47998 0.755859 0.0244141 0.0332031
0 0.370605 0.285156 0.0126953 0.03125
0 0.518066 0.459961 0.0205078 0.0214844
0 0.473633 0.300293 0.015625 0.0322266
0 0.476562 0.438477 0.0214844 0.0292969
0 0.505859 0.416504 0.0234375 0.0166016
0 0.45752 0.293945 0.0146484 0.0332031
0 0.211426 0.416504 0.0244141 0.0205078
0 0.375488 0.255859 0.0244141 0.0234375
0 0.417969 0.282227 0.0234375 0.0195312
