0 0.789551 0.473145 0.0166016 0.0107422
0 0.743652 0.65625 0.0126953 0.0175781
0 0.495605 0.580566 0.0185547 0.0263672
0 0.748047 0.371094 0.03125 0.0234375
0 0.53418 0.401855 0.0136719 0.0615234
0 0.578125 0.371582 0.0136719 0.0439453
0 0.754395 0.351074 0.0244141 0.0185547
0 0.268555 0.594238 0.0175781 0.0263672
0 0.250977 0.579102 0.0351562 0.0253906
0 0.581543 0.432129 0.0166016 0.0595703
0 0.594238 0.427734 0.0126953 0.0449219
0 0.796387 0.634277 0.0263672 0.0185547
0 0.719727 0.375 0.0273438 0.03125
0 0.53418 0.163086 0.015625 0.0566406
0 0.726562 0.232422 0.0273438 0.0234375
0 0.733887 0.584961 0.0263672 0.0292969
0 0.0400391 0.535645 0.0429688 0.0322266
0 0.765625 0.690918 0.0136719 0.0498047
0 0.765137 0.337891 0.0302734 0.0214844
0 0.719727 0.626953 0.03125 0.0214844
0 0.990234 0.179199 0.0195312 0.0380859
0 0.589844 0.391113 0.0214844 0.0283203
0 0.669434 0.254883 0.0283203 0.0390625
0 0.312012 0.581543 0.0263672 0.0380859
0 0.575684 0.529297 0.0166016 0.03125
