0 0.276367 0.416016 0.0332031 0.0214844
0 0.78418 0.393066 0.0234375 0.0185547
0 0.496094 0.424805 0.03125 0.015625
0 0.504395 0.28125 0.0400391 0.0117188
0 0.439453 0.63916 0.0332031 0.0205078
0 0.447266 0.438965 0.0273438 0.0322266
0 0.505859 0.349609 0.0371094 0.0136719
0 0.587891 0.455566 0.0253906 0.0283203
0 0.650391 0.562988 0.0175781 0.0244141
0 0.269531 0.428711 0.0273438 0.015625
0 0.380859 0.868652 0.015625 0.0341797
0 0.291016 0.621094 0.0429688 0.015625
0 0.527344 0.386719 0.03125 0.0195312
0 0.597656 0.307617 0.0371094 0.0136719
0 0.576172 0.480469 0.0449219 0.0175781
0 0.621582 0.255371 0.0380859 0.0224609
0 0.433105 0.432617 0.0302734 0.0234375
0 0.747559 0.518555 0.0361328 0.0175781
0 0.53418 0.330078 0.0253906 0.0117188
0 0.519531 0.333496 0.0136719 0.0244141
0 0.472168 0.519043 0.0400391 0.0244141
0 0.707031 0.662598 0.015625 0.0244141
0 0.293457 0.804688 0.0458984 0.0214844
0 0.739746 0.634277 0.0380859 0.0205078
0 0.416992 0.368164 0.0292969 0.0117188
0 0.156738 0.594727 0.0458984 0.0136719
0 0.563477 0.417969 0.0332031 0.0136719
0 0.420898 0.762207 0.0292969 0.0205078
0 0.148926 0.583984 0.0517578 0.0136719
0 0.664551 0.39502 0.0439453 0.0166016
0 0.569824 0.552734 0.0205078 0.0292969
0 0.710938 0.410645 0.0292969 0.0224609
0 0.567871 0.503418 0.0205078 0.0205078
0 0.678223 0.524902 0.0380859 0.0146484
0 0.228027 0.445801 0.0380859 0.0126953
0 0.321289 0.681152 0.015625 0.0302734
0 0.484863 0.45166 0.0361328 0.0146484
0 0.669922 0.464844 0.0136719 0.0253906
0 0.216797 0.547852 0.0292969 0.0234375
0 0.606445 0.523438 0.0332031 0.015625
0 0.23291 0.32959 0.0361328 0.0146484
0 0.291016 0.702637 0.03125 0.0341797
0 0.750488 0.671387 0.0146484 0.0322266
0 0.600586 0.274414 0.0292969 0.0292969
0 0.810547 0.594727 0.0507812 0.0136719
0 0.643555 0.319336 0.0273438 0.015625
0 0.561523 0.358887 0.0332031 0.0166016
0 0.26709 0.445801 0.0419922 0.0185547
0 0.73291 0.513184 0.0400391 0.0185547
0 0.30957 0.291016 0.0527344 0.015625
0 0.283691 0.625977 0.0341797 0.0214844
0 0.573242 0.270508 0.0175781 0.0253906
0 0.479492 0.541016 0.0175781 0.0273438
0 0.562012 0.248535 0.0302734 0.0302734
0 0.395996 0.782715 0.0185547 0.0302734
0 0.459473 0.541016 0.0263672 0.0253906
0 0.243652 0.433594 0.0341797 0.0175781
0 0.425781 0.357422 0.0390625 0.0117188
0 0.411133 0.57373 0.0351562 0.0185547
0 0.452637 0.634277 0.0283203 0.0244141
0 0.303223 0.536133 0.0224609 0.03125
0 0.625 0.436523 0.0234375 0.0234375
0 0.447266 0.458984 0.0351562 0.015625
0 0.844727 0.595703 0.0390625 0.0136719
0 0.536133 0.767578 0.0371094 0.0175781
0 0.172852 0.578125 0.0410156 0.0136719
0 0.788574 0.439453 0.0419922 0.0117188
0 0.497559 0.462891 0.0439453 0.0136719
0 0.152344 0.447266 0.03125 0.0117188
0 0.618652 0.318359 0.0419922 0.015625
0 0.288086 0.602051 0.0390625 0.0205078
0 0.541016 0.45752 0.0449219 0.0224609
0 0.357422 0.505371 0.0371094 0.0146484
0 0.433105 0.500488 0.0126953 0.0322266
0 0.583008 0.428711 0.0332031 0.0117188
0 0.483887 0.422363 0.0439453 0.0146484
0 0.384277 0.774414 0.0185547 0.0351562
0 0.737305 0.622559 0.0390625 0.0126953
0 0.273926 0.8125 0.0361328 0.0292969
0 0.441895 0.515625 0.0302734 0.015625
0 0.442871 0.345703 0.0322266 0.0195312
0 0.331543 0.281738 0.0400391 0.0146484
0 0.527344 0.396484 0.0292969 0.0234375
0 0.674805 0.534668 0.0371094 0.0146484
0 0.348633 0.287598 0.0351562 0.0205078
0 0.325684 0.728516 0.0263672 0.0390625
0 0.195801 0.414062 0.0419922 0.0136719
0 0.73584 0.548828 0.0244141 0.0195312
0 0.553223 0.759766 0.0361328 0.0195312
0 0.226074 0.563477 0.0361328 0.0253906
0 0.597168 0.458984 0.0166016 0.0292969
0 0.126953 0.431641 0.0429688 0.0136719
0 0.751465 0.296875 0.0263672 0.0253906
0 0.623047 0.265625 0.0332031 0.0214844
0 0.303223 0.585938 0.0478516 0.015625
0 0.518555 0.568848 0.0410156 0.0146484
0 0.76123 0.61377 0.0166016 0.0283203
0 0.744629 0.319336 0.0400391 0.0136719
0 0.264648 0.358887 0.0234375 0.0283203
0 0.552734 0.340332 0.0175781 0.0263672
0 0.246582 0.800293 0.0283203 0.0263672
0 0.477051 0.409668 0.0439453 0.0166016
0 0.449219 0.50293 0.0234375 0.0214844
0 0.736816 0.731445 0.0380859 0.015625
0 0.82666 0.398438 0.0244141 0.0136719
0 0.717285 0.546387 0.0244141 0.0283203
0 0.658691 0.51416 0.0400391 0.0126953
0 0.415527 0.55957 0.0263672 0.0234375
0 0.37793 0.265625 0.0273438 0.0253906
0 0.455566 0.26123 0.0166016 0.0244141
0 0.268066 0.576172 0.0263672 0.0234375
0 0.381348 0.35791 0.0341797 0.0126953
0 0.188965 0.304688 0.0302734 0.0390625
0 0.656738 0.470703 0.0166016 0.0371094
0 0.208984 0.333008 0.015625 0.0273438
0 0.21875 0.433105 0.0273438 0.0224609
0 0.533203 0.366699 0.0292969 0.0224609
0 0.301758 0.674316 0.0234375 0.0283203
0 0.288086 0.418945 0.0253906 0.0253906
0 0.732422 0.505859 0.0410156 0.0136719
0 0.249512 0.677246 0.0244141 0.0263672
0 0.680664 0.358887 0.03125 0.0224609
0 0.490723 0.702148 0.0400391 0.015625
0 0.165039 0.69873 0.0371094 0.0283203
0 0.662109 0.441406 0.0292969 0.0273438
0 0.562012 0.806641 0.0166016 0.0371094
0 0.638184 0.466797 0.0205078 0.0292969
0 0.441895 0.38623 0.0380859 0.0224609
0 0.617676 0.374023 0.0419922 0.0175781
0 0.837891 0.32959 0.03125 0.0185547
0 0.529785 0.376465 0.0302734 0.0205078
0 0.316895 0.390625 0.0322266 0.0195312
0 0.850586 0.581055 0.0429688 0.0117188
0 0.196289 0.509766 0.0410156 0.015625
0 0.418457 0.390137 0.0341797 0.0146484
0 0.737793 0.300781 0.0224609 0.0253906
0 0.80127 0.453613 0.0419922 0.0146484
0 0.608887 0.433594 0.0166016 0.0292969
0 0.579102 0.772949 0.015625 0.0302734
0 0.410645 0.274902 0.0478516 0.0126953
0 0.445312 0.400879 0.0332031 0.0244141
0 0.464844 0.663574 0.0292969 0.0302734
0 0.472656 0.498047 0.0292969 0.0234375
0 0.57666 0.487793 0.0439453 0.0146484
0 0.32959 0.680176 0.0126953 0.0322266
0 0.372559 0.459961 0.0146484 0.0273438
0 0.59668 0.561035 0.0253906 0.0283203
0 0.494141 0.540527 0.0214844 0.0244141
0 0.673828 0.476074 0.0273438 0.0263672
0 0.496582 0.524414 0.0361328 0.0175781
0 0.30957 0.552734 0.0351562 0.0234375
0 0.575684 0.45459 0.0283203 0.0263672
0 0.570312 0.375977 0.015625 0.0351562
0 0.175781 0.544922 0.0195312 0.0253906
0 0.506836 0.387695 0.0214844 0.0292969
0 0.492188 0.739258 0.0195312 0.0273438
0 0.696289 0.513672 0.0234375 0.0292969
0 0.505859 0.442383 0.0351562 0.0253906
0 0.752441 0.637207 0.0380859 0.0224609
0 0.590332 0.512207 0.0400391 0.0126953
0 0.681152 0.37207 0.0224609 0.0273438
0 0.625977 0.759277 0.0273438 0.0205078
0 0.5 0.488281 0.03125 0.0332031
0 0.379395 0.83252 0.0166016 0.0380859
0 0.322754 0.61084 0.0400391 0.0224609
0 0.663574 0.56543 0.0146484 0.0332031
0 0.790039 0.717285 0.015625 0.0322266
0 0.675781 0.594238 0.0429688 0.0224609
0 0.423828 0.291992 0.0410156 0.0117188
0 0.57959 0.290039 0.0166016 0.0253906
0 0.30957 0.472168 0.0410156 0.0205078
0 0.491211 0.693359 0.0390625 0.0214844
0 0.663086 0.406738 0.0410156 0.0146484
0 0.242188 0.40625 0.0332031 0.015625
0 0.814453 0.575195 0.0214844 0.0273438
0 0.286621 0.661621 0.0302734 0.0205078
0 0.478516 0.654785 0.0371094 0.0263672
0 0.380859 0.282227 0.0371094 0.0136719
0 0.19873 0.758301 0.0185547 0.0341797
0 0.144043 0.507812 0.0283203 0.0175781
0 0.68457 0.438477 0.015625 0.0273438
0 0.749023 0.407227 0.0273438 0.0273438
0 0.67334 0.689941 0.0244141 0.0322266
0 0.254883 0.786133 0.0371094 0.0273438
0 0.317871 0.537598 0.0283203 0.0224609
0 0.644531 0.584961 0.0175781 0.0332031
0 0.519043 0.52002 0.0263672 0.0283203
0 0.567383 0.434082 0.0390625 0.0166016
0 0.661621 0.715332 0.0302734 0.0224609
0 0.612793 0.764648 0.0263672 0.0234375
0 0.818359 0.618652 0.0175781 0.0341797
0 0.412109 0.462402 0.0390625 0.0126953
0 0.403809 0.745117 0.0458984 0.0195312
0 0.34375 0.519531 0.0292969 0.0234375
0 0.632812 0.504883 0.0273438 0.0273438
0 0.508789 0.23584 0.0332031 0.0185547
0 0.518555 0.433105 0.0195312 0.0322266
0 0.250977 0.489746 0.0234375 0.0283203
0 0.322266 0.501953 0.0429688 0.0117188
0 0.634277 0.422363 0.0341797 0.0126953
0 0.25293 0.356445 0.0175781 0.03125
0 0.204102 0.358887 0.0410156 0.0107422
0 0.412109 0.378906 0.0429688 0.0117188
0 0.30957 0.767578 0.0351562 0.0195312
0 0.321777 0.375488 0.0419922 0.0126953
0 0.616699 0.30127 0.0400391 0.0146484
0 0.52832 0.315918 0.0390625 0.0166016
0 0.535645 0.348633 0.0185547 0.0292969
0 0.556152 0.297852 0.0322266 0.0234375
0 0.396484 0.608398 0.015625 0.0292969
0 0.562988 0.588867 0.0400391 0.0175781
0 0.760742 0.417969 0.0234375 0.0273438
0 0.54248 0.530273 0.0205078 0.03125
0 0.616211 0.505371 0.015625 0.0283203
0 0.28125 0.684082 0.03125 0.0302734
0 0.198242 0.568848 0.0410156 0.0126953
0 0.558594 0.526367 0.0253906 0.0214844
0 0.680664 0.493164 0.015625 0.03125
0 0.374512 0.496094 0.0458984 0.0136719
0 0.75293 0.568848 0.0195312 0.0302734
0 0.728516 0.567871 0.0371094 0.0244141
0 0.69873 0.470215 0.0361328 0.0224609
0 0.700684 0.554688 0.0166016 0.0292969
0 0.432617 0.540039 0.0371094 0.015625
0 0.413574 0.851562 0.0458984 0.0273438
0 0.305664 0.602051 0.0449219 0.0244141
0 0.644531 0.529785 0.0292969 0.0244141
0 0.17041 0.682129 0.0185547 0.0302734
0 0.655273 0.331055 0.03125 0.0234375
0 0.297852 0.637207 0.03125 0.0224609
0 0.39502 0.311523 0.0400391 0.0195312
0 0.159668 0.498535 0.0380859 0.0146484
0 0.576172 0.408203 0.0390625 0.0117188
0 0.54541 0.737305 0.0361328 0.0351562
0 0.746094 0.453125 0.0332031 0.03125
0 0.521973 0.503906 0.0400391 0.015625
0 0.428711 0.866699 0.0351562 0.0361328
0 0.520508 0.672363 0.0449219 0.0146484
0 0.541016 0.428711 0.0273438 0.0292969
0 0.266602 0.76416 0.0351562 0.0263672
0 0.362305 0.322754 0.0273438 0.0244141
0 0.208008 0.609375 0.0507812 0.015625
0 0.257324 0.808105 0.0205078 0.0322266
0 0.422852 0.605957 0.0175781 0.0322266
0 0.693359 0.384766 0.0253906 0.0234375
0 0.710938 0.419922 0.03125 0.0214844
0 0.747559 0.529297 0.0400391 0.0117188
0 0.631348 0.557617 0.0302734 0.0273438
0 0.765625 0.312012 0.0371094 0.0166016
0 0.311523 0.84375 0.0429688 0.0136719
0 0.387207 0.810547 0.0185547 0.03125
0 0.561035 0.312988 0.0205078 0.0302734
0 0.281738 0.385742 0.0341797 0.0234375
0 0.561523 0.680664 0.0371094 0.015625
0 0.447266 0.561523 0.0390625 0.0214844
0 0.510254 0.721191 0.0458984 0.0126953
0 0.369629 0.232422 0.0263672 0.0234375
0 0.437012 0.890625 0.0419922 0.015625
0 0.391602 0.86084 0.0332031 0.0341797
0 0.508301 0.655762 0.0400391 0.0205078
0 0.461914 0.344727 0.0234375 0.0273438
0 0.257324 0.65625 0.0478516 0.015625
0 0.585449 0.804688 0.0322266 0.0214844
0 0.837891 0.550293 0.0292969 0.0283203
0 0.333984 0.477539 0.0214844 0.03125
0 0.342773 0.410156 0.0371094 0.0195312
0 0.224609 0.580078 0.0292969 0.0195312
0 0.451172 0.485352 0.0292969 0.0253906
0 0.229004 0.772949 0.0419922 0.0166016
0 0.582031 0.387695 0.0136719 0.0332031
0 0.665527 0.341309 0.0166016 0.0322266
0 0.450195 0.421875 0.03125 0.03125
0 0.586426 0.526855 0.0400391 0.0205078
0 0.40918 0.489258 0.0195312 0.03125
0 0.462891 0.362793 0.0410156 0.0185547
0 0.464844 0.468262 0.0332031 0.0224609
0 0.295898 0.390137 0.0371094 0.0166016
0 0.34668 0.648438 0.0410156 0.015625
0 0.729492 0.278809 0.0195312 0.0224609
0 0.331543 0.656738 0.0361328 0.0244141
0 0.368164 0.789551 0.0253906 0.0283203
0 0.411621 0.505371 0.0185547 0.0322266
0 0.537109 0.787109 0.0351562 0.0273438
0 0.53125 0.597168 0.0410156 0.0224609
0 0.146973 0.606934 0.0439453 0.0107422
0 0.743164 0.59375 0.03125 0.0214844
0 0.403809 0.322754 0.0380859 0.0166016
0 0.62207 0.243652 0.0371094 0.0224609
0 0.793457 0.404297 0.0185547 0.03125
0 0.678223 0.293457 0.0419922 0.0126953
0 0.547852 0.230957 0.0390625 0.0126953
0 0.236816 0.461426 0.0400391 0.0185547
0 0.403809 0.791992 0.0205078 0.0351562
0 0.481445 0.479492 0.0371094 0.0253906
0 0.865234 0.541016 0.0273438 0.0292969
0 0.18457 0.723633 0.0488281 0.015625
0 0.543945 0.248047 0.0175781 0.0292969
0 0.346191 0.634277 0.0439453 0.0166016
0 0.690918 0.575684 0.0439453 0.0166016
0 0.503906 0.593262 0.0195312 0.0322266
0 0.774902 0.505859 0.0458984 0.0117188
0 0.8125 0.391602 0.0175781 0.0292969
0 0.605469 0.329102 0.03125 0.0273438
0 0.18457 0.320801 0.0175781 0.0302734
0 0.266602 0.559082 0.0390625 0.0146484
0 0.623047 0.459961 0.0273438 0.0273438
0 0.454102 0.29248 0.0390625 0.0166016
0 0.44873 0.659668 0.0244141 0.0302734
0 0.335938 0.359863 0.0195312 0.0283203
0 0.844727 0.56543 0.0390625 0.0175781
0 0.396973 0.735352 0.0400391 0.015625
0 0.780273 0.678223 0.0390625 0.0205078
0 0.354492 0.384277 0.0292969 0.0263672
0 0.40918 0.637695 0.0410156 0.0214844
0 0.55127 0.506348 0.0283203 0.0263672
0 0.490723 0.232422 0.0400391 0.0195312
0 0.361328 0.354492 0.0292969 0.0253906
0 0.550781 0.277832 0.0332031 0.0224609
0 0.304199 0.567871 0.0419922 0.0224609
0 0.591797 0.760254 0.0175781 0.0341797
0 0.815918 0.327637 0.0244141 0.0263672
0 0.325684 0.403809 0.0302734 0.0283203
0 0.193359 0.342285 0.0371094 0.0166016
0 0.762207 0.589844 0.0205078 0.0273438
0 0.799805 0.380859 0.015625 0.0332031
0 0.337891 0.616699 0.0410156 0.0166016
0 0.258301 0.754883 0.0439453 0.0234375
0 0.480469 0.68457 0.0351562 0.0234375
0 0.152344 0.366211 0.0273438 0.0273438
0 0.527832 0.270508 0.0166016 0.0292969
0 0.32666 0.431641 0.0302734 0.0253906
0 0.550293 0.390625 0.0244141 0.03125
0 0.606445 0.356934 0.0292969 0.0263672
0 0.690918 0.414551 0.0146484 0.0341797
0 0.415039 0.238281 0.0351562 0.0175781
0 0.681152 0.554688 0.0341797 0.0273438
0 0.475098 0.308105 0.0302734 0.0205078
0 0.560547 0.607422 0.046875 0.0136719
0 0.154785 0.710938 0.0361328 0.0175781
0 0.504395 0.744141 0.0166016 0.0371094
0 0.358887 0.726074 0.0439453 0.0244141
0 0.573242 0.742188 0.0234375 0.0332031
0 0.38916 0.516113 0.0185547 0.0322266
0 0.193848 0.395508 0.0439453 0.0136719
0 0.234863 0.593262 0.0439453 0.0185547
0 0.407227 0.765137 0.0332031 0.0263672
0 0.467285 0.630859 0.0224609 0.0292969
0 0.504883 0.366699 0.0351562 0.0185547
0 0.709473 0.290527 0.0224609 0.0283203
0 0.620605 0.400879 0.0244141 0.0283203
0 0.411133 0.618652 0.0195312 0.0302734
0 0.65918 0.49707 0.0332031 0.0234375
0 0.755859 0.740234 0.0292969 0.0371094
0 0.481934 0.565918 0.0361328 0.0224609
0 0.731934 0.605957 0.0341797 0.0244141
0 0.477539 0.249512 0.0410156 0.0185547
0 0.441406 0.693359 0.0449219 0.0253906
0 0.338867 0.571289 0.0449219 0.0175781
0 0.727539 0.447266 0.0390625 0.0175781
0 0.337402 0.455078 0.0419922 0.0292969
0 0.28418 0.759766 0.0234375 0.0332031
0 0.271484 0.585938 0.0273438 0.0273438
0 0.783203 0.42041 0.0195312 0.0263672
0 0.206055 0.304688 0.03125 0.03125
0 0.173828 0.760254 0.0429688 0.0205078
0 0.725586 0.483887 0.0195312 0.0283203
0 0.238281 0.394043 0.046875 0.0146484
0 0.78125 0.781738 0.0253906 0.0380859
0 0.155273 0.483398 0.0507812 0.015625
0 0.711426 0.307617 0.0322266 0.0253906
0 0.728516 0.666016 0.0332031 0.0292969
0 0.756836 0.488281 0.0234375 0.0253906
0 0.163086 0.651855 0.0527344 0.0185547
0 0.64502 0.728516 0.0185547 0.0351562
0 0.686523 0.708496 0.015625 0.0380859
0 0.262695 0.632812 0.0253906 0.0351562
0 0.77002 0.713867 0.0419922 0.0195312
0 0.307617 0.487305 0.0332031 0.0253906
0 0.464355 0.712891 0.0419922 0.0214844
0 0.599609 0.784668 0.0292969 0.0283203
0 0.376953 0.714844 0.0371094 0.0292969
0 0.412109 0.411133 0.0273438 0.0292969
0 0.62793 0.725098 0.0175781 0.0361328
0 0.583496 0.319336 0.0224609 0.0273438
0 0.171387 0.405273 0.0419922 0.015625
0 0.19043 0.542969 0.0253906 0.0234375
0 0.362305 0.532715 0.0332031 0.0244141
0 0.314453 0.636719 0.0234375 0.0292969
0 0.343262 0.684082 0.0224609 0.0322266
0 0.342773 0.325195 0.0273438 0.0253906
0 0.648926 0.292969 0.0205078 0.03125
0 0.54834 0.647949 0.0283203 0.0302734
0 0.430664 0.577148 0.0410156 0.0234375
0 0.522461 0.744629 0.0234375 0.0322266
0 0.395996 0.253418 0.0224609 0.0302734
0 0.538086 0.803711 0.03125 0.03125
0 0.391113 0.474121 0.0263672 0.0302734
0 0.629883 0.699219 0.0429688 0.0253906
0 0.451172 0.599609 0.0429688 0.0195312
0 0.611816 0.733398 0.0205078 0.0351562
0 0.828125 0.660156 0.0371094 0.0234375
0 0.340332 0.70752 0.0439453 0.0205078
0 0.693848 0.625488 0.0400391 0.0224609
0 0.186035 0.522949 0.0458984 0.0224609
0 0.566895 0.183594 0.0244141 0.0273438
0 0.370605 0.759766 0.0244141 0.0371094
0 0.618164 0.593262 0.0390625 0.0205078
0 0.566406 0.789062 0.0195312 0.0332031
0 0.192383 0.787109 0.0332031 0.0273438
0 0.154297 0.431152 0.0332031 0.0283203
0 0.739258 0.425781 0.0273438 0.03125
0 0.368164 0.304688 0.03125 0.0234375
0 0.88623 0.55957 0.0380859 0.0234375
0 0.230957 0.547363 0.0322266 0.0224609
0 0.812012 0.537109 0.0419922 0.0195312
0 0.234863 0.300781 0.0263672 0.0292969
0 0.584961 0.242188 0.0195312 0.03125
0 0.697266 0.600586 0.0410156 0.0214844
0 0.169434 0.740234 0.0361328 0.0273438
0 0.288086 0.436523 0.0371094 0.0253906
0 0.711426 0.702637 0.0458984 0.0283203
0 0.545898 0.566406 0.03125 0.0292969
0 0.373047 0.381836 0.0195312 0.0292969
0 0.69873 0.672363 0.0341797 0.0263672
0 0.337402 0.871582 0.0205078 0.0361328
0 0.162598 0.633789 0.0361328 0.0292969
0 0.878906 0.543945 0.0292969 0.0292969
0 0.549316 0.816895 0.0185547 0.0380859
0 0.260254 0.705566 0.0341797 0.0244141
0 0.714355 0.640625 0.0302734 0.0253906
0 0.803223 0.697266 0.0146484 0.0371094
0 0.666016 0.761719 0.0175781 0.0351562
0 0.79541 0.628418 0.0224609 0.0302734
0 0.371582 0.251465 0.0361328 0.0244141
0 0.208008 0.746582 0.0175781 0.0341797
0 0.229492 0.815918 0.0410156 0.0224609
0 0.757324 0.353516 0.0283203 0.0273438
0 0.3125 0.866699 0.0371094 0.0341797
0 0.339355 0.539062 0.0302734 0.0253906
0 0.487305 0.326172 0.0292969 0.0234375
0 0.362305 0.559082 0.0410156 0.0185547
0 0.432617 0.324219 0.0195312 0.0292969
0 0.280273 0.789062 0.0292969 0.0371094
0 0.165039 0.363281 0.0253906 0.03125
0 0.476074 0.892578 0.0400391 0.0253906
0 0.788574 0.489258 0.0439453 0.0234375
0 0.766113 0.457031 0.0224609 0.0332031
0 0.646484 0.762695 0.0195312 0.0351562
0 0.428711 0.249023 0.0234375 0.0332031
0 0.289062 0.724609 0.0351562 0.0253906
0 0.511719 0.861328 0.0371094 0.03125
0 0.566895 0.629395 0.0322266 0.0322266
0 0.693359 0.342285 0.0332031 0.0244141
0 0.35791 0.825684 0.0322266 0.0302734
0 0.588867 0.68457 0.0253906 0.03125
0 0.662109 0.616211 0.0253906 0.03125
0 0.190918 0.598145 0.0439453 0.0166016
0 0.19043 0.436523 0.0449219 0.0234375
0 0.179688 0.366211 0.0195312 0.03125
0 0.419922 0.791992 0.0253906 0.0351562
0 0.314453 0.353027 0.0273438 0.0283203
0 0.443359 0.769531 0.0273438 0.0292969
0 0.174805 0.782715 0.0410156 0.0263672
0 0.18457 0.495605 0.0351562 0.0244141
0 0.478027 0.750488 0.0263672 0.0361328
0 0.793457 0.318848 0.0302734 0.0224609
0 0.686035 0.318848 0.0283203 0.0322266
0 0.82373 0.359863 0.0302734 0.0263672
0 0.524902 0.891113 0.0419922 0.0302734
0 0.307617 0.320312 0.0214844 0.0273438
0 0.28125 0.855957 0.03125 0.0322266
0 0.352051 0.482422 0.0224609 0.0292969
0 0.615723 0.811523 0.0244141 0.0351562
0 0.501953 0.777832 0.0390625 0.0283203
0 0.306152 0.745117 0.0283203 0.0351562
0 0.598633 0.718262 0.0292969 0.0361328
0 0.827148 0.759766 0.0507812 0.0136719
0 0.483398 0.832031 0.0195312 0.0371094
0 0.476074 0.861328 0.0361328 0.0332031
0 0.403809 0.888672 0.0361328 0.0273438
0 0.71875 0.37207 0.0214844 0.03125
0 0.468262 0.82666 0.0244141 0.0361328
0 0.584961 0.921875 0.0410156 0.0273438
0 0.38916 0.228027 0.0361328 0.0244141
0 0.285156 0.367676 0.0332031 0.0224609
0 0.334473 0.783691 0.0458984 0.0205078
0 0.104492 0.637695 0.0429688 0.0253906
0 0.192871 0.692871 0.0341797 0.0322266
0 0.141113 0.406738 0.0263672 0.0302734
0 0.813477 0.736328 0.0351562 0.0253906
0 0.215332 0.791504 0.0439453 0.0224609
0 0.868164 0.515137 0.03125 0.0302734
0 0.810059 0.791016 0.0205078 0.0390625
0 0.736816 0.764648 0.0439453 0.0273438
0 0.785156 0.36377 0.0332031 0.0263672
0 0.128418 0.642578 0.0263672 0.0292969
0 0.633789 0.790039 0.0332031 0.0234375
0 0.120117 0.501465 0.0332031 0.0283203
