0 0.467285 0.291016 0.0654297 0.0292969
0 0.688477 0.740723 0.0664062 0.0361328
0 0.200195 0.55957 0.0605469 0.0429688
0 0.249512 0.172852 0.0732422 0.0410156
0 0.922363 0.580078 0.0537109 0.0488281
0 0.163574 0.332031 0.0634766 0.0585938
0 0.607422 0.591797 0.0488281 0.0546875
0 0.513184 0.413574 0.0498047 0.0517578
0 0.745117 0.328125 0.0546875 0.0566406
0 0.513184 0.56543 0.0556641 0.0507812
0 0.155273 0.523438 0.0703125 0.046875
0 0.40332 0.441895 0.0527344 0.0537109
0 0.065918 0.431152 0.0732422 0.0380859
0 0.731934 0.523926 0.0537109 0.0498047
0 0.277832 0.588867 0.0595703 0.0507812
0 0.590332 0.787109 0.0673828 0.0546875
0 0.233398 0.679199 0.0683594 0.0341797
0 0.30957 0.774414 0.0644531 0.0429688
0 0.535156 0.46582 0.0722656 0.0410156
