0 0.521973 0.662109 0.0244141 0.0351562
0 0.335449 0.541016 0.0419922 0.046875
0 0.513184 0.294434 0.0185547 0.0517578
0 0.327637 0.556641 0.0380859 0.0273438
0 0.460938 0.367188 0.0351562 0.0292969
0 0.344238 0.630371 0.0322266 0.0341797
0 0.363281 0.62793 0.0332031 0.03125
0 0.520996 0.55127 0.0244141 0.0400391
0 0.606934 0.282715 0.0244141 0.0517578
0 0.59082 0.256348 0.0332031 0.0537109
0 0.580566 0.5 0.0185547 0.0488281
0 0.592285 0.655273 0.0185547 0.0371094
0 0.408691 0.474609 0.0224609 0.0410156
0 0.299805 0.545898 0.0292969 0.0449219
0 0.503906 0.552246 0.0234375 0.0458984
0 0.451172 0.438477 0.0292969 0.0449219
0 0.297363 0.645508 0.0283203 0.0332031
