0 0.347168 0.720703 0.0634766 0.0488281
0 0.658203 0.694824 0.0449219 0.0263672
0 0.530273 0.724121 0.03125 0.0654297
0 0.361816 0.732422 0.0517578 0.03125
0 0.632812 0.710449 0.0488281 0.0341797
0 0.67041 0.734375 0.0498047 0.0390625
0 0.661621 0.67627 0.0458984 0.0361328
0 0.679688 0.521484 0.0234375 0.0585938
0 0.560059 0.654785 0.0263672 0.0595703
0 0.67041 0.755859 0.0595703 0.0390625
0 0.832031 0.59375 0.0292969 0.0644531
0 0.397461 0.480957 0.0429688 0.0595703
0 0.550293 0.757324 0.0517578 0.0361328
0 0.424316 0.660156 0.0478516 0.0351562
0 0.401855 0.529297 0.0498047 0.0390625
0 0.552734 0.705078 0.0292969 0.0644531
0 0.401367 0.552734 0.0507812 0.0390625
0 0.443359 0.42041 0.0488281 0.0322266
0 0.689941 0.673828 0.0283203 0.0683594
0 0.546875 0.509766 0.0449219 0.0449219
0 0.552246 0.922852 0.0400391 0.0820312
0 0.581543 0.525879 0.0458984 0.0498047
0 0.705078 0.499023 0.0449219 0.0410156
0 0.904297 0.679199 0.0488281 0.0419922
0 0.664551 0.512207 0.0283203 0.0576172
0 0.62793 0.632324 0.0488281 0.0380859
0 0.67627 0.578125 0.0400391 0.0527344
0 0.580078 0.734863 0.0292969 0.0693359
0 0.776367 0.695312 0.0273438 0.0507812
0 0.43457 0.600586 0.0546875 0.0488281
0 0.200195 0.767578 0.0683594 0.0449219
0 0.705078 0.596191 0.0351562 0.0556641
0 0.424805 0.47998 0.0371094 0.0634766
0 0.288086 0.691895 0.0546875 0.0419922
0 0.271484 0.652344 0.03125 0.0625
0 0.714844 0.635742 0.0488281 0.0429688
0 0.307129 0.564941 0.0439453 0.0732422
0 0.653809 0.557617 0.0400391 0.0527344
0 0.332031 0.672363 0.0410156 0.0556641
0 0.507812 0.42334 0.0390625 0.0732422
0 0.853027 0.675781 0.0361328 0.0722656
0 0.797852 0.526855 0.0429688 0.0595703
0 0.733887 0.57666 0.0341797 0.0517578
