0 0.493652 0.550293 0.0263672 0.0166016
0 0.377441 0.425781 0.0126953 0.0332031
0 0.41748 0.643555 0.0166016 0.0351562
0 0.259766 0.442871 0.0292969 0.0166016
0 0.258789 0.612793 0.0253906 0.0185547
0 0.360352 0.653809 0.0214844 0.0205078
0 0.462402 0.553711 0.0244141 0.0195312
0 0.525391 0.420898 0.015625 0.0234375
0 0.491211 0.440918 0.0214844 0.0185547
0 0.29834 0.597656 0.0185547 0.0253906
0 0.38916 0.541992 0.0185547 0.0390625
0 0.245117 0.397461 0.0136719 0.03125
0 0.388184 0.70752 0.0224609 0.0166016
0 0.479492 0.648926 0.0175781 0.0400391
0 0.519043 0.569824 0.0244141 0.0166016
0 0.307129 0.70752 0.0205078 0.0185547
0 0.412598 0.449707 0.0126953 0.0380859
0 0.462891 0.415527 0.0253906 0.0146484
0 0.42334 0.595215 0.0126953 0.0361328
0 0.357422 0.550781 0.0175781 0.0234375
0 0.321777 0.652832 0.0166016 0.0224609
0 0.580078 0.601562 0.0195312 0.0253906
0 0.511719 0.675293 0.0136719 0.0380859
0 0.247559 0.333008 0.0185547 0.03125
0 0.51709 0.678223 0.0146484 0.0419922
0 0.496094 0.603516 0.0195312 0.0175781
0 0.227539 0.649902 0.0253906 0.0322266
0 0.39209 0.691406 0.0263672 0.0175781
0 0.420898 0.564941 0.0273438 0.0205078
0 0.516113 0.642578 0.0224609 0.0195312
0 0.331543 0.642578 0.0185547 0.0214844
0 0.51416 0.60791 0.0283203 0.0166016
0 0.411621 0.482422 0.0146484 0.0371094
0 0.251465 0.631836 0.0166016 0.0253906
0 0.360352 0.589355 0.0332031 0.0205078
0 0.575195 0.356934 0.0175781 0.0185547
0 0.217773 0.241211 0.0175781 0.0195312
0 0.329102 0.529785 0.0195312 0.0361328
0 0.314453 0.733887 0.015625 0.0322266
0 0.369141 0.717285 0.015625 0.0283203
0 0.231934 0.335449 0.0166016 0.0361328
0 0.522461 0.627441 0.0253906 0.0166016
0 0.255859 0.676758 0.0273438 0.0195312
0 0.383301 0.374023 0.0185547 0.0332031
0 0.559082 0.570312 0.0205078 0.0351562
0 0.220215 0.47998 0.0146484 0.0439453
0 0.323242 0.603516 0.0234375 0.015625
0 0.479492 0.443359 0.0117188 0.0253906
0 0.458496 0.343262 0.0185547 0.0458984
0 0.297852 0.489746 0.0214844 0.0166016
0 0.526367 0.648926 0.0292969 0.0224609
0 0.447266 0.624023 0.015625 0.0292969
0 0.319336 0.375488 0.0214844 0.0283203
0 0.220703 0.612305 0.0253906 0.0390625
0 0.462891 0.541992 0.0214844 0.015625
0 0.412598 0.606934 0.0166016 0.0322266
0 0.259277 0.605469 0.0263672 0.0175781
0 0.505859 0.421387 0.0136719 0.0361328
0 0.501953 0.692383 0.0253906 0.03125
0 0.324219 0.681152 0.0273438 0.0185547
0 0.282715 0.527832 0.0244141 0.0205078
0 0.4375 0.391602 0.0253906 0.0175781
0 0.34375 0.462891 0.0234375 0.0332031
0 0.26123 0.507324 0.0283203 0.0146484
0 0.329102 0.405762 0.0214844 0.0263672
0 0.444336 0.59082 0.0175781 0.0332031
0 0.552734 0.617188 0.0136719 0.0429688
0 0.337891 0.384766 0.03125 0.015625
0 0.267578 0.316406 0.0136719 0.0332031
0 0.254883 0.656738 0.0253906 0.0263672
0 0.590332 0.566895 0.0205078 0.0341797
0 0.490723 0.650391 0.0166016 0.0332031
0 0.316406 0.695801 0.0273438 0.0146484
0 0.572754 0.598145 0.0205078 0.0322266
0 0.417969 0.692383 0.0234375 0.0195312
0 0.249512 0.493164 0.0302734 0.0175781
0 0.56543 0.556641 0.0195312 0.0371094
0 0.24707 0.544922 0.0175781 0.0292969
0 0.318848 0.317871 0.0263672 0.0146484
0 0.381348 0.785645 0.0205078 0.0361328
0 0.441895 0.638672 0.0224609 0.0273438
0 0.562988 0.411621 0.0224609 0.0185547
0 0.296875 0.439941 0.0253906 0.0205078
0 0.311523 0.342285 0.0175781 0.0361328
0 0.409668 0.781738 0.0185547 0.0244141
0 0.537598 0.686035 0.0166016 0.0478516
0 0.381836 0.338867 0.0195312 0.0351562
0 0.399414 0.722656 0.015625 0.0351562
0 0.617676 0.367676 0.0146484 0.0439453
0 0.462402 0.399902 0.0224609 0.0244141
0 0.624512 0.475586 0.0126953 0.0390625
0 0.597656 0.461914 0.0234375 0.0253906
0 0.604004 0.560547 0.0185547 0.0429688
0 0.499512 0.397949 0.0224609 0.0283203
0 0.439453 0.527832 0.0214844 0.0244141
0 0.344238 0.724609 0.0283203 0.0214844
0 0.435059 0.677734 0.0185547 0.0371094
0 0.544434 0.460449 0.0263672 0.0185547
0 0.460449 0.452637 0.0205078 0.0146484
0 0.586914 0.413574 0.0292969 0.0224609
0 0.436523 0.430176 0.0195312 0.0263672
0 0.430664 0.78125 0.0273438 0.0234375
0 0.557617 0.680176 0.015625 0.0439453
0 0.288086 0.701172 0.0195312 0.0292969
0 0.335449 0.200684 0.0185547 0.0224609
0 0.383789 0.507812 0.0253906 0.0214844
0 0.580566 0.624512 0.0185547 0.0439453
0 0.15332 0.63916 0.0253906 0.0400391
0 0.199707 0.649414 0.0205078 0.0371094
0 0.169922 0.277344 0.015625 0.046875
0 0.250488 0.199219 0.0244141 0.0371094
