0 0.559082 0.697754 0.0380859 0.12793
0 0.464355 0.443848 0.0302734 0.129883
0 0.443848 0.611328 0.0458984 0.115234
0 0.491699 0.720215 0.0869141 0.157227
0 0.42627 0.905273 0.0654297 0.0898438
0 0.368164 0.520508 0.0625 0.0625
0 0.521973 0.562012 0.0751953 0.0517578
0 0.63916 0.697266 0.0478516 0.111328
0 0.456543 0.793457 0.0400391 0.15332
0 0.492676 0.55127 0.0439453 0.165039
0 0.404785 0.560547 0.0751953 0.0683594
0 0.504395 0.848145 0.0654297 0.135742
0 0.60498 0.812988 0.0810547 0.131836
0 0.588867 0.553711 0.0898438 0.113281
0 0.65918 0.655762 0.0703125 0.100586
0 0.662109 0.771484 0.0566406 0.130859
0 0.704102 0.828125 0.0625 0.130859
