0 0.130371 0.805664 0.0810547 0.0332031
0 0.487305 0.609863 0.0488281 0.0458984
0 0.459961 0.536133 0.0488281 0.0527344
0 0.51123 0.633301 0.0712891 0.0263672
0 0.412598 0.641113 0.112305 0.0498047
0 0.126953 0.872559 0.0957031 0.0615234
0 0.435547 0.466797 0.0585938 0.0976562
0 0.462891 0.737793 0.0683594 0.0947266
0 0.583008 0.731934 0.0683594 0.106445
0 0.37207 0.695312 0.123047 0.0585938
0 0.290039 0.413086 0.101562 0.0839844
0 0.439453 0.319336 0.128906 0.101562
0 0.539062 0.59375 0.078125 0.0820312
