0 0.438477 0.448242 0.0175781 0.0253906
0 0.414062 0.48291 0.0136719 0.0400391
0 0.384766 0.470703 0.0253906 0.0175781
0 0.476074 0.459961 0.0302734 0.0175781
0 0.425781 0.455078 0.015625 0.0390625
0 0.415039 0.450195 0.0234375 0.0214844
0 0.540527 0.516602 0.0126953 0.03125
0 0.705078 0.406738 0.0253906 0.0439453
0 0.453125 0.463867 0.0292969 0.0214844
0 0.399902 0.492188 0.0224609 0.0332031
0 0.393066 0.5 0.0205078 0.0351562
0 0.444336 0.469727 0.03125 0.015625
0 0.736328 0.656738 0.0234375 0.0439453
0 0.432617 0.480957 0.0253906 0.0146484
0 0.53418 0.445312 0.0136719 0.0332031
0 0.685059 0.666504 0.0419922 0.0283203
0 0.666992 0.547852 0.0214844 0.0527344
0 0.391602 0.44873 0.0273438 0.0302734
0 0.564453 0.40918 0.0351562 0.0253906
0 0.519531 0.496582 0.0351562 0.0185547
0 0.499023 0.510742 0.015625 0.0429688
0 0.739746 0.641602 0.0244141 0.0410156
0 0.672852 0.370117 0.0351562 0.0429688
0 0.672852 0.347656 0.0273438 0.0429688
0 0.400391 0.463867 0.0117188 0.0351562
0 0.594238 0.382324 0.0361328 0.0185547
0 0.285156 0.465332 0.03125 0.0146484
0 0.662109 0.317871 0.0371094 0.0419922
0 0.699219 0.660156 0.0273438 0.0390625
0 0.411133 0.565918 0.015625 0.0380859
0 0.584961 0.505859 0.0332031 0.0234375
0 0.384277 0.531738 0.0263672 0.0380859
0 0.685059 0.256836 0.0224609 0.0527344
0 0.562988 0.302734 0.0341797 0.0371094
0 0.518555 0.477539 0.0332031 0.015625
0 0.774902 0.666016 0.0458984 0.0253906
0 0.669922 0.629395 0.0351562 0.0439453
0 0.672852 0.520508 0.0273438 0.046875
0 0.58252 0.348633 0.0224609 0.0429688
0 0.590332 0.325195 0.0361328 0.0214844
0 0.550293 0.481934 0.0205078 0.0419922
0 0.693848 0.544434 0.0205078 0.0302734
0 0.226562 0.47168 0.0332031 0.015625
0 0.642578 0.557129 0.0410156 0.0244141
0 0.491699 0.422852 0.0302734 0.0273438
0 0.717773 0.644531 0.0273438 0.0507812
0 0.306152 0.459473 0.0380859 0.0205078
0 0.374512 0.503418 0.0185547 0.0419922
0 0.680176 0.689453 0.0478516 0.0195312
0 0.751953 0.499023 0.0175781 0.046875
0 0.596191 0.481445 0.0205078 0.0429688
0 0.56543 0.534668 0.0351562 0.0166016
0 0.748535 0.626465 0.0400391 0.0302734
0 0.537598 0.558594 0.0341797 0.03125
0 0.729492 0.480469 0.0390625 0.03125
0 0.712402 0.585449 0.0361328 0.0263672
0 0.584473 0.422363 0.0244141 0.0400391
0 0.83252 0.621582 0.0205078 0.0537109
0 0.695801 0.610352 0.0400391 0.0273438
0 0.433594 0.501465 0.0351562 0.0244141
0 0.243652 0.459961 0.0341797 0.0117188
0 0.556152 0.516113 0.0302734 0.0302734
0 0.253906 0.475098 0.0332031 0.0185547
0 0.513672 0.425781 0.0234375 0.0410156
0 0.598633 0.358398 0.0332031 0.03125
0 0.537598 0.538086 0.0322266 0.0253906
0 0.693359 0.569336 0.03125 0.03125
0 0.191406 0.469727 0.0351562 0.0273438
0 0.633789 0.527832 0.0371094 0.0244141
0 0.566406 0.605469 0.03125 0.0292969
0 0.79541 0.716797 0.0498047 0.0214844
0 0.675293 0.398926 0.0341797 0.0244141
0 0.800293 0.649902 0.0361328 0.0244141
