0 0.78125 0.491699 0.0292969 0.0341797
0 0.927734 0.636719 0.0253906 0.0507812
0 0.693848 0.682129 0.0478516 0.0205078
0 0.940918 0.416992 0.0302734 0.0351562
0 0.606445 0.516113 0.0273438 0.0380859
0 0.138672 0.496582 0.0253906 0.0126953
0 0.768066 0.303223 0.0283203 0.0224609
0 0.749512 0.343262 0.0361328 0.0146484
0 0.233887 0.501953 0.0380859 0.015625
0 0.757324 0.362793 0.0341797 0.0263672
0 0.804688 0.564941 0.0273438 0.0185547
0 0.688477 0.691406 0.0429688 0.0195312
0 0.955078 0.444824 0.0253906 0.0283203
0 0.765625 0.445801 0.0410156 0.0146484
0 0.701172 0.632324 0.0527344 0.0302734
0 0.837891 0.80127 0.0507812 0.0205078
0 0.696777 0.665039 0.0517578 0.015625
0 0.978027 0.374512 0.0302734 0.0283203
0 0.436523 0.512695 0.0507812 0.0195312
0 0.77832 0.393555 0.0625 0.0332031
0 0.540039 0.714844 0.0332031 0.0214844
0 0.539062 0.461426 0.0546875 0.0283203
0 0.803223 0.708984 0.0576172 0.0449219
0 0.408203 0.53418 0.0390625 0.0273438
0 0.573242 0.615723 0.0527344 0.0283203
0 0.431641 0.520508 0.0507812 0.015625
0 0.776855 0.314453 0.0380859 0.0214844
0 0.936035 0.462891 0.0244141 0.0410156
0 0.615234 0.678223 0.0214844 0.0283203
0 0.746094 0.50293 0.0292969 0.0351562
0 0.273926 0.685547 0.0205078 0.0351562
0 0.942383 0.518066 0.0234375 0.0341797
0 0.638184 0.54834 0.0419922 0.0166016
0 0.506348 0.724121 0.0322266 0.0380859
0 0.594238 0.543457 0.0400391 0.0283203
0 0.388184 0.543457 0.0458984 0.0185547
0 0.549805 0.333984 0.0332031 0.0253906
0 0.67041 0.726562 0.0537109 0.0175781
0 0.58252 0.433105 0.0478516 0.0244141
0 0.487305 0.577148 0.046875 0.0195312
0 0.927246 0.684082 0.0185547 0.0380859
0 0.116699 0.422363 0.0654297 0.0322266
0 0.519531 0.609863 0.0253906 0.0400391
0 0.806152 0.479492 0.0341797 0.0371094
0 0.713379 0.804199 0.0537109 0.0283203
0 0.654785 0.524414 0.0263672 0.0390625
0 0.929688 0.848145 0.0273438 0.0361328
0 0.808105 0.265625 0.0439453 0.0253906
0 0.411133 0.405762 0.046875 0.0166016
0 0.933594 0.789062 0.0351562 0.0273438
0 0.759277 0.287109 0.0283203 0.0371094
0 0.822266 0.325684 0.0410156 0.0244141
0 0.931152 0.813477 0.0283203 0.0390625
0 0.543457 0.623535 0.0341797 0.0419922
0 0.536133 0.587402 0.0253906 0.0361328
0 0.89209 0.307617 0.0341797 0.0332031
0 0.422852 0.458984 0.0429688 0.0292969
0 0.311035 0.368652 0.0341797 0.0283203
0 0.184082 0.504883 0.0341797 0.0371094
0 0.403809 0.440918 0.0361328 0.0322266
0 0.564453 0.588379 0.046875 0.0322266
0 0.388672 0.51709 0.0449219 0.0244141
0 0.365234 0.558594 0.0410156 0.0273438
0 0.719727 0.767578 0.0390625 0.0449219
