0 0.466797 0.467773 0.0253906 0.0585938
0 0.444336 0.486816 0.0488281 0.0576172
0 0.427734 0.503906 0.0195312 0.0546875
0 0.447266 0.546875 0.0390625 0.0527344
0 0.487305 0.45459 0.0253906 0.0849609
0 0.424805 0.415527 0.0507812 0.0400391
0 0.456543 0.425293 0.0380859 0.0595703
0 0.406738 0.5 0.0322266 0.0585938
0 0.109863 0.626953 0.0595703 0.0390625
0 0.373535 0.387207 0.0322266 0.0810547
0 0.382812 0.473633 0.0332031 0.0722656
0 0.486328 0.221191 0.0683594 0.0498047
0 0.410156 0.761719 0.0507812 0.0292969
0 0.359375 0.575684 0.0410156 0.0556641
