0 0.276855 0.481934 0.0263672 0.0205078
0 0.603516 0.491699 0.0292969 0.0185547
0 0.689941 0.564453 0.0751953 0.0371094
0 0.378906 0.703125 0.0390625 0.0136719
0 0.35791 0.431152 0.0419922 0.0166016
0 0.323242 0.59082 0.0351562 0.015625
0 0.225586 0.61377 0.0390625 0.0185547
0 0.311035 0.50293 0.0283203 0.0234375
0 0.620117 0.516113 0.0292969 0.0263672
0 0.269531 0.494141 0.0332031 0.015625
0 0.266602 0.617188 0.0253906 0.0234375
0 0.60791 0.4375 0.0400391 0.0136719
0 0.34082 0.413574 0.0488281 0.0185547
0 0.338867 0.634766 0.0292969 0.0175781
0 0.543457 0.44043 0.0439453 0.015625
0 0.627441 0.440918 0.0322266 0.0146484
1 0.337891 0.731934 0.0664062 0.0693359
0 0.398438 0.466309 0.0175781 0.0263672
0 0.473145 0.487793 0.0244141 0.0185547
0 0.51416 0.458008 0.0244141 0.0175781
0 0.5625 0.449219 0.0273438 0.0253906
0 0.418457 0.460938 0.0263672 0.0195312
0 0.318848 0.483887 0.0419922 0.0146484
0 0.430664 0.46875 0.0332031 0.0117188
0 0.278809 0.578125 0.0400391 0.0136719
0 0.354492 0.611328 0.0429688 0.015625
0 0.611816 0.446777 0.0322266 0.0224609
0 0.619141 0.503418 0.0273438 0.0263672
0 0.583496 0.434082 0.0400391 0.0146484
0 0.351074 0.405762 0.0517578 0.0166016
0 0.385254 0.627441 0.0361328 0.0205078
0 0.5625 0.553711 0.0410156 0.0195312
0 0.455078 0.489258 0.0136719 0.0214844
0 0.221191 0.619629 0.0361328 0.0185547
0 0.437012 0.598633 0.0263672 0.0195312
0 0.274414 0.60498 0.0371094 0.0146484
0 0.510742 0.661621 0.0234375 0.0263672
0 0.533691 0.45166 0.0380859 0.0166016
0 0.525391 0.598633 0.0253906 0.0273438
0 0.264648 0.51709 0.0234375 0.0263672
0 0.304688 0.493164 0.0390625 0.0175781
0 0.494141 0.669434 0.03125 0.0224609
0 0.530762 0.703125 0.0341797 0.0175781
0 0.450195 0.697266 0.0273438 0.0214844
0 0.288086 0.51123 0.0273438 0.0263672
0 0.318359 0.610352 0.0390625 0.0234375
0 0.540039 0.696777 0.0429688 0.0185547
0 0.3125 0.47168 0.0410156 0.015625
0 0.644043 0.39209 0.0380859 0.0244141
0 0.217285 0.628906 0.0302734 0.0234375
0 0.566895 0.536133 0.0244141 0.0253906
0 0.268066 0.546387 0.0400391 0.0146484
0 0.274902 0.590332 0.0263672 0.0205078
0 0.49707 0.585938 0.0253906 0.0332031
0 0.435547 0.486328 0.0371094 0.0136719
0 0.496094 0.335449 0.0253906 0.0263672
0 0.385742 0.547852 0.0234375 0.0273438
0 0.478027 0.695312 0.0205078 0.03125
0 0.130859 0.59082 0.0507812 0.015625
0 0.513672 0.601074 0.0273438 0.0283203
0 0.29248 0.601074 0.0224609 0.0244141
0 0.382812 0.582031 0.03125 0.0195312
0 0.222656 0.531738 0.0332031 0.0302734
0 0.479492 0.668457 0.0195312 0.0283203
0 0.372559 0.538086 0.0400391 0.0195312
0 0.543457 0.535645 0.0263672 0.0283203
0 0.279785 0.505371 0.0205078 0.0244141
0 0.416992 0.606445 0.0273438 0.0292969
0 0.430176 0.618652 0.0400391 0.0185547
0 0.469727 0.396484 0.0332031 0.0175781
0 0.550781 0.683594 0.0429688 0.0136719
0 0.617676 0.458008 0.0283203 0.0253906
0 0.439453 0.678223 0.0410156 0.0166016
0 0.277832 0.619141 0.0283203 0.0234375
0 0.258789 0.637207 0.0332031 0.0185547
0 0.389648 0.65332 0.046875 0.0136719
0 0.426758 0.672363 0.03125 0.0224609
0 0.445801 0.591797 0.0205078 0.0273438
0 0.391113 0.614258 0.0263672 0.0234375
0 0.463867 0.700684 0.0195312 0.0302734
0 0.161621 0.616699 0.0302734 0.0283203
0 0.317383 0.625488 0.03125 0.0205078
0 0.408203 0.47998 0.0390625 0.0166016
0 0.379395 0.642578 0.0419922 0.0175781
0 0.46582 0.67041 0.0234375 0.0302734
0 0.238281 0.536133 0.0273438 0.03125
0 0.334961 0.674316 0.0429688 0.0224609
0 0.465332 0.577148 0.0439453 0.0175781
0 0.29834 0.559082 0.0400391 0.0185547
0 0.529785 0.665527 0.0263672 0.0263672
0 0.421387 0.584473 0.0380859 0.0166016
0 0.360352 0.552734 0.0332031 0.0214844
0 0.388184 0.40625 0.0302734 0.0234375
0 0.380859 0.684082 0.03125 0.0224609
0 0.458984 0.599121 0.0214844 0.0283203
0 0.236816 0.633789 0.0263672 0.0273438
0 0.496582 0.458008 0.0361328 0.0214844
0 0.40625 0.544434 0.0351562 0.0244141
0 0.248535 0.612305 0.0283203 0.0253906
0 0.350586 0.594238 0.03125 0.0244141
0 0.294922 0.526855 0.0351562 0.0244141
0 0.304688 0.577148 0.0273438 0.0234375
0 0.295898 0.62793 0.0234375 0.0292969
0 0.358398 0.479492 0.0351562 0.0195312
0 0.232422 0.59375 0.0273438 0.0253906
0 0.573242 0.419434 0.0371094 0.0224609
0 0.440918 0.367676 0.0361328 0.0205078
0 0.201172 0.602051 0.0332031 0.0224609
0 0.15918 0.639648 0.0429688 0.0273438
0 0.422852 0.691406 0.0292969 0.0214844
0 0.548828 0.422363 0.03125 0.0224609
0 0.400391 0.516602 0.0351562 0.0234375
0 0.358398 0.460938 0.0332031 0.0195312
