0 0.348145 0.533691 0.0107422 0.0263672
0 0.027832 0.982422 0.0537109 0.0332031
1 0.0454102 0.103516 0.0888672 0.205078
0 0.631836 0.695312 0.0136719 0.0292969
0 0.401367 0.342285 0.0332031 0.0244141
0 0.505859 0.474121 0.0234375 0.0400391
0 0.456543 0.429688 0.0107422 0.046875
0 0.291992 0.475098 0.0214844 0.0341797
0 0.401367 0.491699 0.0175781 0.0498047
0 0.371094 0.744629 0.0234375 0.0263672
0 0.525879 0.617188 0.0146484 0.03125
0 0.456055 0.727051 0.0214844 0.0380859
0 0.425781 0.689941 0.0214844 0.0380859
0 0.360352 0.333008 0.0292969 0.0273438
0 0.487305 0.322754 0.0117188 0.0478516
