0 0.505371 0.395996 0.0361328 0.0595703
0 0.459473 0.456543 0.0185547 0.0693359
0 0.515625 0.394043 0.0273438 0.0771484
0 0.499512 0.344727 0.0400391 0.0332031
0 0.483887 0.441406 0.0439453 0.0449219
0 0.48877 0.393555 0.0302734 0.0644531
0 0.570312 0.630859 0.0195312 0.0546875
0 0.526367 0.318359 0.0214844 0.09375
0 0.604492 0.319336 0.0449219 0.0292969
0 0.553711 0.349121 0.0410156 0.0400391
0 0.538086 0.39502 0.0371094 0.0517578
0 0.59668 0.298828 0.0449219 0.0351562
0 0.685547 0.250977 0.046875 0.0351562
0 0.566406 0.662109 0.0234375 0.0488281
0 0.275879 0.749023 0.0400391 0.0566406
0 0.550781 0.516113 0.0449219 0.0849609
0 0.637695 0.183594 0.0546875 0.0742188
0 0.5625 0.243164 0.0332031 0.0664062
0 0.48877 0.506348 0.0498047 0.0498047
0 0.6875 0.334961 0.0351562 0.0957031
0 0.549805 0.708008 0.0390625 0.0566406
