0 0.575195 0.847168 0.0214844 0.0400391
0 0.569336 0.892578 0.0136719 0.0390625
0 0.317383 0.70166 0.0234375 0.0283203
0 0.683594 0.65918 0.0175781 0.0390625
0 0.548828 0.754395 0.0175781 0.0498047
0 0.562012 0.75293 0.0166016 0.0507812
0 0.553223 0.911133 0.0361328 0.0234375
0 0.522949 0.530273 0.0439453 0.0253906
0 0.591309 0.813965 0.0302734 0.0185547
0 0.763672 0.17334 0.0136719 0.0439453
0 0.544434 0.488281 0.0244141 0.0449219
0 0.466797 0.403809 0.0390625 0.0517578
0 0.575195 0.688477 0.0253906 0.0507812
0 0.575195 0.868652 0.03125 0.0400391
0 0.555664 0.707031 0.0175781 0.0488281
0 0.530762 0.619629 0.0283203 0.0498047
0 0.577148 0.256348 0.0253906 0.0478516
