0 0.381348 0.388672 0.0205078 0.0449219
0 0.430664 0.466309 0.0410156 0.0380859
0 0.46875 0.347656 0.0292969 0.03125
0 0.498047 0.517578 0.0214844 0.0253906
0 0.695312 0.52832 0.0175781 0.0449219
0 0.50293 0.262207 0.0234375 0.0126953
0 0.346191 0.487793 0.0107422 0.0439453
0 0.516113 0.48584 0.0126953 0.0498047
0 0.278809 0.667969 0.0224609 0.015625
0 0.362793 0.655762 0.0146484 0.0322266
0 0.276367 0.569824 0.0195312 0.0400391
0 0.387695 0.560059 0.0175781 0.0458984
0 0.663574 0.410645 0.0244141 0.0224609
