0 0.731934 0.224609 0.0205078 0.0078125
0 0.390625 0.66748 0.0195312 0.0146484
0 0.575684 0.364746 0.0224609 0.0205078
0 0.660645 0.391113 0.0322266 0.0302734
0 0.543457 0.343262 0.0322266 0.0126953
0 0.484863 0.55957 0.0302734 0.00976562
0 0.341309 0.625 0.0361328 0.0117188
0 0.759277 0.505371 0.0322266 0.0126953
0 0.483398 0.686523 0.0292969 0.015625
0 0.719727 0.31543 0.0351562 0.0136719
0 0.25293 0.37207 0.0332031 0.0117188
0 0.51123 0.36377 0.0146484 0.0283203
0 0.585938 0.311523 0.03125 0.0253906
0 0.495117 0.678223 0.03125 0.0146484
0 0.575195 0.599609 0.0390625 0.015625
0 0.398438 0.848145 0.03125 0.0224609
0 0.534668 0.56543 0.0322266 0.00976562
0 0.566406 0.500488 0.0351562 0.0166016
0 0.371582 0.57373 0.0380859 0.0126953
0 0.70166 0.502441 0.0400391 0.0146484
0 0.41748 0.432129 0.0126953 0.0244141
0 0.512695 0.585938 0.0234375 0.0214844
0 0.371582 0.736816 0.0146484 0.0263672
0 0.60498 0.495117 0.0302734 0.015625
0 0.167969 0.447266 0.0351562 0.015625
0 0.478516 0.338379 0.03125 0.0244141
0 0.370117 0.499023 0.0253906 0.0214844
0 0.254395 0.49707 0.0302734 0.0175781
0 0.182129 0.379883 0.0244141 0.0214844
0 0.589844 0.365723 0.0273438 0.0224609
0 0.534668 0.602539 0.0361328 0.015625
0 0.332031 0.678711 0.0175781 0.0234375
0 0.572266 0.345703 0.0332031 0.0234375
0 0.403809 0.740723 0.0185547 0.0244141
0 0.333008 0.756836 0.0214844 0.0234375
0 0.651855 0.349121 0.0224609 0.0224609
0 0.517578 0.251465 0.0195312 0.0263672
0 0.702637 0.35498 0.0263672 0.0224609
