0 0.496094 0.827148 0.0117188 0.00976562
0 0.580566 0.882812 0.0126953 0.0117188
0 0.527344 0.575195 0.0195312 0.0410156
0 0.769531 0.654297 0.0117188 0.03125
0 0.532227 0.866211 0.00585938 0.0332031
0 0.280273 0.623047 0.0253906 0.0664062
0 0.506836 0.648438 0.0507812 0.0273438
0 0.37207 0.739258 0.0507812 0.0488281
0 0.351074 0.363281 0.0205078 0.0703125
0 0.352539 0.289062 0.0292969 0.0585938
0 0.541504 0.512695 0.0400391 0.0371094
0 0.416992 0.174316 0.0332031 0.0322266
0 0.545898 0.336914 0.0332031 0.0566406
0 0.414551 0.459961 0.0322266 0.0273438
0 0.398438 0.339355 0.0332031 0.0517578
0 0.334473 0.503906 0.0224609 0.0605469
0 0.405273 0.256348 0.03125 0.0458984
0 0.427734 0.493652 0.0449219 0.0322266
0 0.311035 0.396973 0.0302734 0.0478516
0 0.652344 0.335449 0.03125 0.0556641
0 0.316406 0.446777 0.0390625 0.0439453
0 0.511719 0.275391 0.0292969 0.0546875
