0 0.290039 0.538086 0.0488281 0.0234375
0 0.477539 0.45459 0.0507812 0.0517578
0 0.397461 0.648438 0.0371094 0.0371094
0 0.333496 0.479492 0.0380859 0.0390625
0 0.52002 0.528809 0.0166016 0.0556641
0 0.633301 0.327637 0.0146484 0.0478516
0 0.605957 0.329102 0.0146484 0.0546875
0 0.750977 0.611328 0.0429688 0.0527344
0 0.49707 0.635254 0.046875 0.0283203
0 0.362793 0.410156 0.0341797 0.046875
0 0.544922 0.542969 0.0214844 0.0703125
0 0.702637 0.3125 0.0400391 0.03125
0 0.301758 0.588867 0.0410156 0.0390625
0 0.621582 0.413574 0.0400391 0.0400391
0 0.638672 0.553223 0.03125 0.0673828
0 0.65918 0.326172 0.0371094 0.0410156
0 0.612793 0.595215 0.0205078 0.0537109
0 0.366211 0.523438 0.0390625 0.0332031
