0 0.507324 0.406738 0.0400391 0.0400391
0 0.598145 0.620605 0.0224609 0.0576172
1 0.440918 0.474609 0.102539 0.132812
0 0.587402 0.587891 0.0361328 0.0507812
0 0.54834 0.404297 0.0400391 0.0273438
0 0.516602 0.439453 0.0410156 0.0292969
0 0.560059 0.438477 0.0400391 0.0332031
0 0.5 0.373535 0.0546875 0.0322266
0 0.464844 0.407227 0.0390625 0.0488281
0 0.398926 0.422852 0.0361328 0.0527344
0 0.47168 0.386719 0.0253906 0.0546875
0 0.397949 0.375 0.0361328 0.0507812
1 0.504883 0.674805 0.142578 0.228516
