0 0.438477 0.703125 0.0234375 0.0957031
0 0.474609 0.570801 0.0488281 0.0419922
0 0.41748 0.742188 0.0166016 0.0996094
0 0.453613 0.714844 0.0185547 0.0683594
0 0.660156 0.767578 0.0585938 0.0390625
0 0.406738 0.394531 0.0458984 0.0488281
0 0.63916 0.690918 0.0205078 0.0771484
0 0.51123 0.678711 0.0498047 0.0429688
0 0.459473 0.199219 0.0478516 0.0410156
0 0.563965 0.594727 0.0361328 0.0585938
0 0.657715 0.24707 0.0361328 0.0605469
0 0.449219 0.76709 0.0585938 0.0537109
0 0.729004 0.559082 0.0615234 0.0458984
0 0.652832 0.728516 0.0556641 0.0722656
0 0.502441 0.507812 0.0361328 0.0761719
0 0.419434 0.587891 0.0400391 0.078125
0 0.400391 0.740234 0.0214844 0.0957031
0 0.397461 0.501465 0.0429688 0.0556641
0 0.573242 0.79541 0.0292969 0.0830078
0 0.553223 0.331055 0.0576172 0.0449219
0 0.274902 0.303223 0.0498047 0.0400391
0 0.525879 0.808105 0.0322266 0.0595703
0 0.305664 0.414551 0.0605469 0.0595703
0 0.462402 0.876953 0.0478516 0.0351562
0 0.73291 0.59668 0.0419922 0.0449219
0 0.641113 0.542969 0.0556641 0.0332031
0 0.54248 0.842285 0.0341797 0.0634766
0 0.951172 0.677734 0.0410156 0.0722656
0 0.512695 0.369141 0.0195312 0.0683594
0 0.548828 0.64209 0.0410156 0.0400391
0 0.193359 0.901367 0.0546875 0.0351562
0 0.666016 0.618652 0.0214844 0.0751953
0 0.86084 0.733887 0.0537109 0.0341797
0 0.50293 0.763672 0.046875 0.078125
0 0.63916 0.491699 0.0537109 0.0498047
0 0.544922 0.769531 0.0332031 0.0742188
0 0.619141 0.600098 0.046875 0.0517578
0 0.493652 0.414551 0.0322266 0.0615234
0 0.51123 0.472168 0.0458984 0.0556641
0 0.369629 0.116211 0.0517578 0.0761719
0 0.660645 0.513672 0.0498047 0.0371094
0 0.814941 0.108398 0.0576172 0.0664062
0 0.388184 0.600098 0.0576172 0.0458984
0 0.237305 0.881348 0.0351562 0.0771484
