0 0.586914 0.637207 0.0722656 0.0400391
0 0.625977 0.526367 0.0683594 0.0546875
0 0.651855 0.56543 0.0732422 0.0488281
0 0.679199 0.674316 0.0849609 0.0361328
0 0.780762 0.49707 0.0830078 0.0390625
0 0.644531 0.640625 0.0800781 0.0488281
0 0.412598 0.719727 0.0810547 0.0507812
0 0.687012 0.863281 0.124023 0.0664062
0 0.503418 0.65625 0.0556641 0.0605469
0 0.541992 0.641113 0.0507812 0.0673828
0 0.426758 0.586914 0.0507812 0.0605469
0 0.69043 0.751465 0.078125 0.0458984
0 0.481934 0.706055 0.0732422 0.0429688
0 0.311035 0.42627 0.0869141 0.0439453
0 0.72998 0.460938 0.0615234 0.0585938
0 0.276855 0.737305 0.0966797 0.0625
0 0.816895 0.851562 0.0908203 0.0390625
0 0.451172 0.694336 0.0683594 0.0546875
0 0.38916 0.421875 0.0751953 0.0722656
0 0.213379 0.492676 0.0615234 0.0693359
0 0.458496 0.379395 0.0849609 0.0537109
0 0.394043 0.23291 0.0595703 0.0712891
0 0.285156 0.261719 0.0625 0.0625
