0 0.701172 0.354004 0.0585938 0.0380859
0 0.423828 0.37207 0.0488281 0.0527344
0 0.460938 0.676758 0.0566406 0.0605469
0 0.321289 0.759277 0.03125 0.0751953
0 0.720703 0.722168 0.0625 0.0439453
0 0.431641 0.768066 0.0351562 0.0830078
0 0.60791 0.512207 0.0322266 0.0673828
0 0.324707 0.820312 0.0654297 0.0566406
0 0.461914 0.75 0.0449219 0.0683594
0 0.542969 0.518066 0.0390625 0.0712891
0 0.744141 0.491211 0.0449219 0.0703125
0 0.250977 0.738281 0.0351562 0.0800781
0 0.221191 0.416016 0.0595703 0.0644531
0 0.52832 0.775391 0.0292969 0.0820312
0 0.585938 0.671875 0.0644531 0.0390625
0 0.637207 0.398926 0.0556641 0.0771484
0 0.451172 0.603027 0.0527344 0.0556641
0 0.158691 0.611328 0.0498047 0.0898438
0 0.194824 0.445801 0.0556641 0.0615234
0 0.569336 0.446289 0.0625 0.0625
0 0.349609 0.411621 0.0546875 0.0576172
0 0.560547 0.740723 0.046875 0.0732422
0 0.327148 0.454102 0.0546875 0.0585938
0 0.53418 0.572754 0.0371094 0.0712891
0 0.330078 0.703125 0.0546875 0.0605469
0 0.283203 0.631836 0.0390625 0.078125
0 0.465332 0.420898 0.0458984 0.0703125
0 0.378418 0.59668 0.0400391 0.0800781
