0 0.585938 0.662109 0.0136719 0.015625
0 0.446777 0.601562 0.00878906 0.0195312
0 0.443848 0.543457 0.0185547 0.0126953
0 0.553711 0.567383 0.0136719 0.0175781
0 0.541992 0.573242 0.0136719 0.0136719
0 0.469238 0.525879 0.0185547 0.0126953
0 0.457031 0.587891 0.015625 0.0234375
0 0.439453 0.572754 0.0078125 0.0205078
0 0.483398 0.528809 0.015625 0.0185547
0 0.594727 0.645508 0.0136719 0.0136719
0 0.561523 0.592285 0.0136719 0.0166016
0 0.520508 0.650879 0.0136719 0.0126953
0 0.453613 0.746094 0.0166016 0.0234375
0 0.557129 0.573242 0.0107422 0.0214844
0 0.461426 0.546387 0.0126953 0.0166016
0 0.550781 0.532227 0.0117188 0.0253906
0 0.509277 0.598633 0.0107422 0.0175781
0 0.48877 0.54248 0.0126953 0.0166016
0 0.574219 0.592773 0.0117188 0.0175781
0 0.521484 0.571777 0.0195312 0.0126953
0 0.584473 0.615234 0.0107422 0.0214844
0 0.537109 0.600586 0.0136719 0.0136719
0 0.47168 0.577637 0.0136719 0.0166016
0 0.487793 0.588867 0.0185547 0.0136719
0 0.487793 0.563477 0.0107422 0.0214844
0 0.544922 0.613281 0.0117188 0.0195312
0 0.540039 0.556641 0.00976562 0.0214844
0 0.579102 0.628906 0.00976562 0.0234375
0 0.577148 0.576172 0.0136719 0.0175781
