0 0.207031 0.55957 0.015625 0.0136719
0 0.422363 0.618164 0.0126953 0.0175781
0 0.438477 0.591797 0.0117188 0.0234375
0 0.539062 0.45752 0.0117188 0.0205078
0 0.536621 0.474609 0.0185547 0.0195312
0 0.54834 0.625 0.00878906 0.0214844
0 0.476562 0.48877 0.015625 0.0146484
0 0.467773 0.532227 0.015625 0.0195312
0 0.51709 0.657715 0.0166016 0.0244141
0 0.544434 0.744141 0.0126953 0.0253906
0 0.495605 0.556152 0.0166016 0.0185547
0 0.464355 0.501465 0.0166016 0.0146484
0 0.5 0.675781 0.015625 0.00976562
0 0.476562 0.632812 0.015625 0.0214844
0 0.450684 0.599609 0.00878906 0.0214844
0 0.461426 0.622559 0.0126953 0.0166016
0 0.501953 0.508301 0.0136719 0.0283203
0 0.556641 0.602539 0.0214844 0.015625
0 0.583984 0.594727 0.0175781 0.0136719
0 0.476074 0.501465 0.0166016 0.0185547
0 0.463379 0.650391 0.0166016 0.0136719
0 0.504883 0.549805 0.0117188 0.0234375
0 0.49707 0.418945 0.015625 0.00976562
0 0.480469 0.56543 0.00976562 0.0273438
0 0.495605 0.597656 0.00878906 0.0234375
0 0.424316 0.694824 0.0166016 0.0224609
0 0.530273 0.634277 0.015625 0.0126953
0 0.547363 0.526855 0.0185547 0.0126953
0 0.460449 0.638672 0.0107422 0.0195312
0 0.510254 0.632812 0.00878906 0.0214844
0 0.436523 0.638672 0.015625 0.00976562
0 0.504395 0.577148 0.0205078 0.015625
0 0.420898 0.634766 0.015625 0.0195312
0 0.571777 0.700684 0.0166016 0.0205078
0 0.54248 0.609863 0.0185547 0.0146484
0 0.505371 0.592285 0.0107422 0.0185547
0 0.596191 0.602539 0.0146484 0.0253906
0 0.538574 0.543457 0.0185547 0.0126953
0 0.549316 0.674805 0.0126953 0.0234375
0 0.502441 0.487793 0.0126953 0.0224609
0 0.581543 0.607422 0.0185547 0.0175781
0 0.550781 0.549316 0.0136719 0.0205078
0 0.523926 0.546875 0.00878906 0.0234375
0 0.518555 0.618652 0.0117188 0.0205078
0 0.493652 0.476074 0.0126953 0.0205078
0 0.570801 0.73877 0.0146484 0.0185547
0 0.472656 0.629883 0.0136719 0.0195312
0 0.510254 0.456543 0.0146484 0.0146484
0 0.46582 0.481934 0.015625 0.0185547
0 0.511719 0.501465 0.00976562 0.0244141
0 0.581055 0.583008 0.015625 0.0117188
