0 0.521484 0.449219 0.0820312 0.0273438
0 0.311035 0.326172 0.0810547 0.0292969
0 0.54541 0.73877 0.0966797 0.0263672
0 0.365723 0.356445 0.0849609 0.0390625
0 0.373047 0.59668 0.0722656 0.0390625
0 0.455566 0.499512 0.0810547 0.0419922
0 0.407715 0.495117 0.0634766 0.0429688
0 0.312988 0.490234 0.0439453 0.0566406
0 0.559082 0.437012 0.0498047 0.0576172
0 0.289062 0.303711 0.0585938 0.0410156
0 0.461914 0.419434 0.0546875 0.0634766
0 0.32373 0.445312 0.0673828 0.0664062
0 0.266113 0.445312 0.0556641 0.0507812
0 0.234863 0.225586 0.0986328 0.0507812
0 0.405762 0.515625 0.0673828 0.0449219
0 0.74707 0.584473 0.078125 0.0712891
0 0.546875 0.401367 0.0722656 0.0390625
0 0.604004 0.627441 0.0537109 0.0498047
0 0.591309 0.662598 0.0517578 0.0595703
0 0.223633 0.276855 0.0449219 0.0615234
0 0.622559 0.702637 0.0771484 0.0478516
0 0.340332 0.307617 0.0732422 0.0507812
