0 0.546387 0.678223 0.0478516 0.0673828
0 0.451172 0.618164 0.0234375 0.0546875
0 0.595703 0.662109 0.03125 0.0625
0 0.384766 0.59082 0.0214844 0.0605469
0 0.589844 0.620605 0.0292969 0.0751953
0 0.460938 0.679688 0.0273438 0.0800781
0 0.376953 0.490234 0.0351562 0.0449219
0 0.570801 0.433594 0.0283203 0.0722656
0 0.549805 0.408203 0.0410156 0.0488281
0 0.573242 0.547852 0.0507812 0.0546875
0 0.417969 0.515625 0.03125 0.0664062
0 0.632812 0.676758 0.0449219 0.0410156
0 0.749512 0.630859 0.0556641 0.0390625
0 0.570801 0.489746 0.0341797 0.0732422
0 0.47168 0.536621 0.03125 0.0537109
0 0.537598 0.461426 0.0400391 0.0654297
0 0.583984 0.723145 0.0429688 0.0576172
0 0.630859 0.588867 0.0449219 0.0527344
0 0.529297 0.367188 0.0546875 0.0292969
0 0.595703 0.499512 0.0214844 0.0634766
0 0.379395 0.413574 0.0517578 0.0634766
0 0.502441 0.410156 0.0517578 0.0625
