0 0.495117 0.411133 0.0273438 0.046875
0 0.639648 0.424316 0.046875 0.0517578
0 0.437012 0.677734 0.0361328 0.0644531
0 0.668457 0.500488 0.0576172 0.0263672
0 0.489746 0.639648 0.0322266 0.0605469
0 0.322754 0.395996 0.0361328 0.0537109
0 0.53418 0.644531 0.0371094 0.0351562
0 0.266113 0.544922 0.0244141 0.0664062
0 0.441406 0.367676 0.046875 0.0263672
0 0.298828 0.260254 0.0585938 0.0400391
0 0.638184 0.700684 0.0361328 0.0693359
0 0.519043 0.40332 0.0341797 0.0585938
0 0.302246 0.353027 0.0361328 0.0537109
0 0.245117 0.302734 0.0234375 0.0664062
0 0.495605 0.511719 0.0185547 0.0566406
0 0.504883 0.736328 0.0449219 0.0234375
0 0.585449 0.625977 0.0283203 0.0722656
0 0.403809 0.305664 0.0361328 0.046875
