0 0.490234 0.782227 0.03125 0.0253906
0 0.250977 0.609375 0.03125 0.0273438
0 0.333008 0.671875 0.0175781 0.0585938
0 0.39502 0.428711 0.0185547 0.0527344
0 0.474609 0.557617 0.0253906 0.03125
0 0.39209 0.268066 0.0283203 0.0361328
0 0.325195 0.675781 0.0214844 0.0625
0 0.483398 0.411621 0.0195312 0.0478516
0 0.35791 0.360352 0.0283203 0.0292969
0 0.458008 0.787598 0.0253906 0.0419922
0 0.414551 0.458008 0.0302734 0.0332031
0 0.451172 0.800781 0.03125 0.03125
0 0.498535 0.408203 0.0263672 0.0429688
0 0.358398 0.74707 0.0175781 0.0546875
0 0.399902 0.404297 0.0224609 0.0546875
0 0.373047 0.752441 0.0273438 0.0419922
0 0.397461 0.831055 0.0175781 0.0488281
0 0.38623 0.722168 0.0205078 0.0458984
0 0.334473 0.495605 0.0205078 0.0458984
0 0.425293 0.698242 0.0244141 0.0332031
0 0.407715 0.828125 0.0224609 0.0429688
0 0.406738 0.220215 0.0224609 0.0595703
0 0.472656 0.814453 0.0195312 0.0546875
0 0.494141 0.799805 0.0273438 0.0332031
0 0.463867 0.412598 0.0371094 0.0302734
0 0.524414 0.725586 0.0175781 0.0566406
0 0.404785 0.296875 0.0302734 0.0351562
0 0.262695 0.701172 0.0214844 0.0546875
0 0.392578 0.688965 0.0195312 0.0419922
0 0.311523 0.659668 0.0253906 0.0458984
0 0.373535 0.716797 0.0205078 0.0410156
0 0.405273 0.554688 0.0292969 0.0410156
0 0.401367 0.71582 0.0214844 0.0527344
0 0.46875 0.432617 0.03125 0.0292969
0 0.356934 0.378418 0.0302734 0.0380859
0 0.443359 0.662598 0.0273438 0.0341797
0 0.458008 0.831055 0.0175781 0.0566406
0 0.458496 0.572266 0.0185547 0.046875
0 0.412109 0.436035 0.0292969 0.0380859
0 0.392578 0.467773 0.0332031 0.03125
0 0.435547 0.845215 0.0273438 0.0341797
0 0.418457 0.678711 0.0322266 0.0292969
0 0.448242 0.535156 0.0214844 0.0546875
0 0.525879 0.765625 0.0283203 0.0332031
0 0.368652 0.431152 0.0205078 0.0439453
0 0.330078 0.513672 0.0273438 0.0429688
0 0.353516 0.672363 0.0195312 0.0634766
0 0.303223 0.594727 0.0263672 0.0429688
0 0.397461 0.48584 0.0273438 0.0341797
0 0.489258 0.818359 0.0253906 0.0351562
0 0.419922 0.577148 0.0175781 0.0410156
0 0.492676 0.44043 0.0205078 0.0488281
0 0.521484 0.577148 0.0195312 0.0566406
0 0.362793 0.586914 0.0283203 0.0292969
0 0.282227 0.498535 0.0332031 0.0380859
0 0.467773 0.628906 0.0136719 0.0585938
0 0.406738 0.369629 0.0185547 0.0576172
0 0.45752 0.69043 0.0166016 0.0566406
0 0.564453 0.641602 0.03125 0.0292969
0 0.447266 0.634766 0.0234375 0.046875
0 0.47998 0.293457 0.0322266 0.0537109
0 0.325195 0.797852 0.0175781 0.0488281
0 0.445801 0.713867 0.0185547 0.0527344
0 0.438477 0.567871 0.0195312 0.0517578
0 0.32959 0.393555 0.0341797 0.0410156
0 0.484375 0.651367 0.0253906 0.0410156
0 0.315918 0.8125 0.0185547 0.046875
0 0.334473 0.609375 0.0322266 0.0234375
0 0.286621 0.403809 0.0224609 0.0615234
0 0.265625 0.544922 0.0253906 0.0585938
0 0.514648 0.794434 0.0253906 0.0498047
0 0.518555 0.631836 0.0253906 0.0332031
0 0.339355 0.272461 0.0341797 0.0429688
0 0.258301 0.23877 0.0263672 0.0595703
0 0.337891 0.435059 0.03125 0.0361328
0 0.374023 0.268066 0.0214844 0.0556641
0 0.374023 0.510742 0.0292969 0.0292969
0 0.349121 0.519531 0.0185547 0.0507812
0 0.498047 0.69043 0.0273438 0.0292969
0 0.370117 0.211426 0.0332031 0.0361328
0 0.392578 0.52002 0.0195312 0.0458984
0 0.425293 0.318359 0.0283203 0.046875
0 0.421875 0.643555 0.0273438 0.0410156
0 0.482422 0.346191 0.0371094 0.0341797
0 0.446777 0.296875 0.0341797 0.0351562
0 0.50293 0.741211 0.0253906 0.046875
0 0.320801 0.588379 0.0322266 0.0322266
0 0.387695 0.241211 0.0273438 0.0507812
0 0.308594 0.520996 0.0234375 0.0517578
0 0.231445 0.727051 0.0332031 0.0517578
0 0.459473 0.487793 0.0185547 0.0595703
0 0.48584 0.737305 0.0224609 0.0449219
0 0.358398 0.460449 0.0292969 0.0302734
0 0.373047 0.682617 0.0234375 0.0527344
0 0.419922 0.530273 0.0273438 0.0410156
0 0.253418 0.590332 0.0341797 0.0322266
0 0.387207 0.317871 0.0341797 0.0302734
0 0.371094 0.558594 0.0292969 0.03125
0 0.402832 0.611328 0.0185547 0.046875
0 0.433105 0.606445 0.0341797 0.0292969
0 0.322266 0.463867 0.03125 0.0332031
0 0.481445 0.595703 0.0253906 0.0546875
0 0.453125 0.385742 0.03125 0.0371094
0 0.267578 0.659668 0.0234375 0.0576172
0 0.38916 0.788574 0.0263672 0.0439453
0 0.316406 0.561523 0.0351562 0.0332031
0 0.357422 0.243164 0.03125 0.0371094
0 0.53418 0.677734 0.0253906 0.0429688
0 0.315918 0.76709 0.0341797 0.0341797
0 0.226562 0.605469 0.0273438 0.046875
0 0.473633 0.527832 0.0332031 0.0400391
0 0.38623 0.581543 0.0244141 0.0498047
0 0.385254 0.359863 0.0263672 0.0478516
0 0.448242 0.75293 0.0292969 0.0371094
0 0.550781 0.792969 0.0214844 0.0507812
