0 0.591797 0.526367 0.0742188 0.0410156
0 0.39502 0.307617 0.0517578 0.0683594
0 0.688477 0.540039 0.103516 0.0527344
0 0.411133 0.372559 0.0761719 0.0380859
0 0.63916 0.350098 0.0908203 0.0556641
0 0.572266 0.49707 0.0664062 0.046875
0 0.668457 0.489258 0.0537109 0.0332031
0 0.500977 0.317871 0.0488281 0.0537109
0 0.286621 0.480469 0.0517578 0.0507812
0 0.317871 0.458984 0.0556641 0.0742188
0 0.365234 0.368652 0.0820312 0.0322266
0 0.383789 0.339355 0.0546875 0.0556641
0 0.597656 0.54248 0.0722656 0.0517578
0 0.366211 0.312988 0.0644531 0.0498047
0 0.37793 0.42334 0.046875 0.0615234
0 0.325684 0.481445 0.0693359 0.0488281
0 0.319824 0.381348 0.0673828 0.0439453
0 0.339844 0.430664 0.0585938 0.046875
0 0.409668 0.594238 0.0654297 0.0576172
0 0.412598 0.339355 0.0400391 0.0654297
0 0.356445 0.39502 0.0683594 0.0400391
0 0.599609 0.328125 0.0820312 0.0429688
0 0.571777 0.267578 0.0888672 0.0371094
0 0.612305 0.309082 0.0878906 0.0361328
0 0.536621 0.51416 0.0830078 0.0400391
0 0.643066 0.366211 0.0908203 0.0371094
0 0.539062 0.282715 0.0566406 0.0517578
0 0.458008 0.472656 0.0839844 0.0761719
0 0.598633 0.285156 0.0683594 0.0488281
0 0.290039 0.506836 0.0703125 0.0566406
0 0.268555 0.598633 0.0449219 0.0664062
0 0.628906 0.529785 0.0507812 0.0693359
0 0.598633 0.490234 0.0742188 0.0507812
0 0.404785 0.402832 0.0712891 0.0478516
0 0.663086 0.532227 0.0722656 0.0546875
0 0.388184 0.225586 0.0419922 0.0644531
0 0.720703 0.246582 0.0859375 0.0556641
0 0.749023 0.271484 0.0722656 0.0625
0 0.388672 0.637207 0.078125 0.0458984
0 0.455566 0.607422 0.0439453 0.0585938
0 0.26709 0.460938 0.0556641 0.0507812
0 0.623047 0.746094 0.0644531 0.0664062
0 0.376465 0.595703 0.0673828 0.046875
0 0.335449 0.341797 0.0693359 0.0390625
0 0.51123 0.422852 0.0830078 0.0605469
0 0.370117 0.461426 0.0683594 0.0498047
0 0.427734 0.297363 0.0742188 0.0517578
0 0.495117 0.526367 0.0800781 0.0527344
0 0.521484 0.307617 0.0625 0.0644531
0 0.642578 0.268555 0.0742188 0.0566406
0 0.416992 0.229492 0.0761719 0.0644531
0 0.349609 0.302734 0.078125 0.0390625
0 0.321289 0.530273 0.0722656 0.0605469
0 0.388184 0.510742 0.0576172 0.0585938
0 0.613281 0.723633 0.0683594 0.0527344
0 0.51416 0.668945 0.0654297 0.0566406
0 0.760742 0.344727 0.0644531 0.0644531
0 0.553223 0.242188 0.0849609 0.0390625
0 0.725586 0.311523 0.0527344 0.0605469
0 0.427246 0.583984 0.0615234 0.0625
0 0.522949 0.133789 0.0986328 0.0371094
0 0.54248 0.396973 0.0615234 0.0478516
0 0.55127 0.541016 0.0693359 0.0585938
0 0.621582 0.229492 0.0869141 0.0410156
0 0.381348 0.183105 0.0498047 0.0517578
0 0.700195 0.42041 0.0722656 0.0634766
0 0.576172 0.698242 0.0878906 0.0664062
0 0.726562 0.371582 0.101562 0.0400391
0 0.696777 0.476562 0.0771484 0.0546875
0 0.257812 0.567383 0.0820312 0.0449219
0 0.302246 0.588867 0.0478516 0.0605469
0 0.59668 0.446777 0.0722656 0.0517578
0 0.462402 0.355957 0.0712891 0.0712891
0 0.5 0.0986328 0.0722656 0.0644531
0 0.350098 0.184082 0.0537109 0.0595703
0 0.239258 0.509277 0.0683594 0.0673828
0 0.184082 0.450195 0.0732422 0.0585938
0 0.339355 0.14502 0.0810547 0.0380859
0 0.739258 0.187012 0.0683594 0.0712891
0 0.371582 0.259277 0.0576172 0.0615234
0 0.469238 0.131348 0.0634766 0.0576172
0 0.493164 0.888672 0.0996094 0.0683594
