0 0.434082 0.287109 0.0341797 0.0390625
0 0.492188 0.334961 0.0332031 0.0488281
0 0.334473 0.325195 0.0380859 0.0292969
0 0.35791 0.223145 0.0439453 0.0478516
0 0.430664 0.213379 0.03125 0.0419922
0 0.452637 0.230957 0.0419922 0.0283203
0 0.638672 0.158203 0.046875 0.0292969
0 0.501953 0.536133 0.03125 0.0292969
0 0.377441 0.276855 0.0556641 0.0439453
0 0.462891 0.362305 0.03125 0.0390625
0 0.723145 0.336914 0.0419922 0.0253906
0 0.706055 0.579102 0.0234375 0.0488281
0 0.52002 0.237305 0.0361328 0.03125
0 0.516602 0.335449 0.03125 0.0537109
0 0.658203 0.396973 0.015625 0.0439453
0 0.535156 0.481934 0.0195312 0.0380859
0 0.52832 0.376953 0.0410156 0.0371094
0 0.536133 0.727051 0.0371094 0.0263672
0 0.700684 0.483398 0.0439453 0.03125
0 0.268066 0.227051 0.0380859 0.0302734
0 0.669922 0.765137 0.0371094 0.0244141
0 0.663574 0.635254 0.0322266 0.0322266
0 0.668945 0.842285 0.0429688 0.0322266
0 0.618164 0.970215 0.0351562 0.0322266
