0 0.367188 0.43457 0.0371094 0.0273438
0 0.367188 0.524902 0.0214844 0.0263672
0 0.535156 0.351562 0.0234375 0.0253906
0 0.483887 0.59668 0.0146484 0.046875
0 0.473145 0.425781 0.0166016 0.0253906
0 0.518555 0.709473 0.0195312 0.0322266
0 0.438477 0.566406 0.0390625 0.0214844
0 0.531738 0.384766 0.0205078 0.0410156
0 0.547852 0.585449 0.015625 0.0322266
0 0.493652 0.389648 0.0205078 0.0449219
0 0.455078 0.645996 0.03125 0.0263672
0 0.555176 0.713379 0.0322266 0.0263672
0 0.533691 0.644531 0.0126953 0.0371094
0 0.481934 0.526855 0.0126953 0.0400391
0 0.549316 0.748047 0.0224609 0.0371094
0 0.45459 0.379883 0.0302734 0.0449219
0 0.428711 0.401367 0.0234375 0.0332031
0 0.375488 0.418457 0.0283203 0.0283203
0 0.560059 0.501953 0.0166016 0.0527344
0 0.641602 0.822754 0.0292969 0.0322266
0 0.297852 0.428223 0.0117188 0.0361328
0 0.53418 0.685547 0.03125 0.0273438
0 0.412109 0.565918 0.0292969 0.0322266
0 0.47998 0.472168 0.0361328 0.0361328
0 0.55127 0.661133 0.0107422 0.0410156
0 0.342285 0.368164 0.0126953 0.0527344
0 0.446289 0.356445 0.0351562 0.0351562
0 0.510742 0.676758 0.0273438 0.046875
0 0.511719 0.379883 0.0195312 0.0429688
0 0.420898 0.509766 0.015625 0.0429688
0 0.460938 0.469727 0.0175781 0.0273438
0 0.516113 0.620605 0.0244141 0.0478516
0 0.51123 0.585449 0.0146484 0.0419922
0 0.352051 0.352051 0.0166016 0.0361328
0 0.436035 0.462891 0.0224609 0.0332031
0 0.462402 0.44043 0.0185547 0.0371094
0 0.40625 0.540039 0.0332031 0.0253906
0 0.564453 0.63623 0.0195312 0.0498047
0 0.579102 0.724609 0.0253906 0.0371094
0 0.50293 0.33252 0.0195312 0.0361328
0 0.565918 0.838867 0.0341797 0.0351562
0 0.30957 0.446289 0.0136719 0.0371094
0 0.348145 0.48291 0.0224609 0.0419922
0 0.617188 0.853516 0.0292969 0.0332031
0 0.413574 0.401367 0.0302734 0.0371094
0 0.626465 0.791504 0.0361328 0.0361328
0 0.583984 0.802734 0.03125 0.046875
0 0.489746 0.668945 0.0205078 0.046875
0 0.408691 0.382324 0.0283203 0.0361328
0 0.334473 0.418945 0.0224609 0.0488281
0 0.509766 0.316406 0.0234375 0.03125
0 0.601074 0.813477 0.0224609 0.0351562
0 0.59668 0.789062 0.0429688 0.0253906
0 0.40918 0.508301 0.0136719 0.0478516
0 0.532227 0.748047 0.0273438 0.0351562
0 0.560547 0.683594 0.0136719 0.046875
0 0.293457 0.455078 0.0185547 0.0449219
0 0.386719 0.540527 0.0195312 0.0439453
0 0.369141 0.503906 0.0234375 0.0371094
0 0.322754 0.493164 0.0322266 0.0214844
0 0.520996 0.65918 0.0322266 0.0332031
0 0.538086 0.543945 0.015625 0.0527344
0 0.456543 0.625 0.0302734 0.0410156
0 0.334473 0.518066 0.0146484 0.0498047
0 0.320312 0.418945 0.0253906 0.0429688
0 0.591797 0.858887 0.015625 0.0693359
0 0.644531 0.779297 0.0390625 0.0644531
0 0.617188 0.867188 0.0371094 0.0253906
0 0.480957 0.333496 0.0341797 0.0341797
0 0.506348 0.543457 0.0341797 0.0185547
0 0.697266 0.845703 0.0253906 0.0644531
0 0.444336 0.585449 0.046875 0.0224609
0 0.432617 0.504395 0.0195312 0.0341797
0 0.388184 0.51123 0.0224609 0.0322266
0 0.551758 0.344727 0.015625 0.0449219
0 0.552734 0.529297 0.0175781 0.0371094
0 0.583496 0.700195 0.0283203 0.0585938
0 0.620117 0.818848 0.0234375 0.0322266
0 0.38623 0.468262 0.0283203 0.0244141
0 0.479492 0.37207 0.0371094 0.0351562
0 0.530762 0.497559 0.0361328 0.0400391
0 0.369141 0.374023 0.0175781 0.0527344
0 0.353516 0.387695 0.0195312 0.0507812
0 0.484375 0.31543 0.0234375 0.0371094
0 0.543457 0.455078 0.0224609 0.0449219
0 0.431641 0.440918 0.03125 0.0341797
0 0.555664 0.616211 0.0136719 0.0488281
0 0.487305 0.561035 0.0371094 0.0361328
0 0.418457 0.425781 0.0361328 0.0292969
0 0.67041 0.833984 0.0361328 0.0390625
0 0.358398 0.419434 0.0292969 0.0283203
0 0.480469 0.452637 0.0292969 0.0302734
0 0.454102 0.686523 0.0234375 0.0449219
0 0.554688 0.419434 0.0351562 0.0322266
0 0.525879 0.331543 0.0244141 0.0498047
0 0.285156 0.40625 0.0214844 0.0546875
0 0.364258 0.537598 0.0234375 0.0283203
0 0.579102 0.829102 0.0195312 0.0507812
0 0.325195 0.470215 0.0214844 0.0537109
0 0.446289 0.43457 0.0214844 0.0488281
0 0.542969 0.795898 0.0332031 0.0273438
0 0.236328 0.433105 0.0371094 0.0537109
0 0.466309 0.524414 0.0205078 0.0527344
0 0.555176 0.554199 0.0322266 0.0380859
0 0.576172 0.765137 0.0371094 0.0263672
0 0.370605 0.44873 0.0361328 0.0302734
0 0.168945 0.342773 0.046875 0.03125
0 0.67334 0.861816 0.0439453 0.0478516
0 0.656738 0.882324 0.0439453 0.0224609
0 0.435547 0.530762 0.0410156 0.0244141
0 0.451172 0.55127 0.0390625 0.0263672
0 0.496094 0.62793 0.0273438 0.0410156
0 0.494141 0.504395 0.0390625 0.0361328
0 0.327637 0.379395 0.0244141 0.0361328
0 0.494141 0.442383 0.0253906 0.0371094
0 0.633301 0.848633 0.0361328 0.03125
0 0.336914 0.451172 0.0351562 0.0234375
0 0.467773 0.400391 0.0332031 0.0371094
0 0.492188 0.419434 0.0351562 0.0244141
0 0.244141 0.334961 0.0390625 0.0234375
0 0.490723 0.71875 0.0244141 0.0507812
0 0.446289 0.671387 0.0351562 0.0419922
0 0.39209 0.578613 0.0224609 0.0478516
0 0.348145 0.522461 0.0283203 0.0410156
0 0.554688 0.385254 0.0351562 0.0419922
0 0.474121 0.620605 0.0322266 0.0263672
0 0.538086 0.413574 0.0390625 0.0322266
0 0.359863 0.324707 0.0419922 0.0341797
0 0.387695 0.381836 0.0273438 0.0410156
0 0.375977 0.305664 0.0351562 0.0253906
0 0.437988 0.342285 0.0400391 0.0341797
0 0.603027 0.755859 0.0400391 0.0253906
0 0.302246 0.481445 0.0283203 0.0429688
0 0.409668 0.471191 0.0341797 0.0341797
