0 0.78418 0.59668 0.0234375 0.0429688
0 0.729492 0.52002 0.03125 0.0771484
0 0.428223 0.695801 0.0439453 0.0478516
0 0.331543 0.29248 0.0498047 0.0400391
0 0.835449 0.727539 0.0302734 0.0703125
0 0.289551 0.403809 0.0478516 0.0458984
0 0.623535 0.806641 0.0517578 0.0566406
0 0.15332 0.563477 0.0625 0.0429688
0 0.703613 0.097168 0.0322266 0.0771484
0 0.67334 0.665527 0.0283203 0.0693359
0 0.569336 0.390137 0.0449219 0.0498047
0 0.900391 0.342773 0.0449219 0.046875
0 0.85791 0.625 0.0341797 0.0761719
0 0.449219 0.566406 0.0546875 0.0546875
0 0.904785 0.621582 0.0576172 0.0517578
0 0.697754 0.540527 0.0439453 0.0615234
0 0.604492 0.720703 0.0371094 0.0683594
0 0.63623 0.860352 0.0576172 0.0507812
0 0.377441 0.724609 0.0576172 0.0507812
0 0.188477 0.776855 0.0449219 0.0654297
0 0.903809 0.519531 0.0361328 0.0703125
0 0.835938 0.785645 0.0488281 0.0498047
0 0.60498 0.663574 0.0498047 0.0556641
0 0.52832 0.612305 0.0507812 0.0546875
0 0.653809 0.333984 0.0458984 0.0644531
0 0.614746 0.766113 0.0439453 0.0693359
0 0.320312 0.251953 0.0507812 0.0625
0 0.866211 0.810547 0.0390625 0.0683594
0 0.869141 0.380859 0.0566406 0.046875
0 0.765137 0.465332 0.0400391 0.0712891
0 0.588867 0.362305 0.0429688 0.0644531
0 0.558594 0.240723 0.046875 0.0693359
0 0.202148 0.71875 0.0585938 0.0683594
0 0.80957 0.651367 0.046875 0.0625
0 0.483887 0.66748 0.0439453 0.0693359
0 0.594727 0.547363 0.0351562 0.0751953
0 0.259277 0.54541 0.0498047 0.0634766
0 0.512207 0.504883 0.0361328 0.0761719
0 0.65918 0.43457 0.0429688 0.0722656
0 0.119141 0.635742 0.0488281 0.0703125
0 0.766113 0.79834 0.0615234 0.0556641
