0 0.619629 0.729492 0.0556641 0.0429688
0 0.58252 0.655273 0.0615234 0.0332031
0 0.67041 0.446777 0.0458984 0.0693359
0 0.67627 0.678223 0.0458984 0.0439453
0 0.63623 0.753418 0.0341797 0.0615234
0 0.516113 0.598145 0.0341797 0.0576172
0 0.56543 0.714844 0.0273438 0.0488281
0 0.505859 0.640625 0.0253906 0.0546875
0 0.325684 0.616211 0.0439453 0.0410156
0 0.438477 0.587891 0.0390625 0.0683594
0 0.564941 0.775391 0.0244141 0.0800781
0 0.587402 0.441406 0.0419922 0.0371094
0 0.488281 0.805664 0.0449219 0.0507812
