0 0.783203 0.813965 0.0996094 0.0498047
0 0.584473 0.349609 0.0986328 0.0644531
0 0.638672 0.128418 0.111328 0.0654297
0 0.205078 0.458496 0.105469 0.0791016
0 0.518066 0.425781 0.100586 0.0566406
0 0.401367 0.293457 0.0898438 0.0654297
0 0.294922 0.455078 0.0957031 0.0820312
0 0.706543 0.746094 0.116211 0.0527344
0 0.504883 0.334961 0.0820312 0.0527344
0 0.541016 0.307617 0.0742188 0.0625
0 0.672363 0.370117 0.0966797 0.0683594
0 0.654785 0.805176 0.0966797 0.0693359
0 0.705078 0.446777 0.0800781 0.0751953
0 0.794922 0.214844 0.103516 0.0703125
