0 0.148438 0.500488 0.0625 0.0439453
0 0.431152 0.741211 0.0751953 0.0507812
0 0.240234 0.451172 0.0605469 0.046875
0 0.581543 0.365723 0.0712891 0.0478516
0 0.476562 0.708496 0.0429688 0.0849609
0 0.563965 0.273438 0.0537109 0.0859375
0 0.560547 0.207031 0.0507812 0.0605469
0 0.26709 0.80127 0.0556641 0.0576172
0 0.343262 0.418945 0.0419922 0.0878906
0 0.458008 0.580566 0.0605469 0.0693359
0 0.469727 0.437988 0.0527344 0.0615234
0 0.0825195 0.839844 0.0556641 0.0683594
0 0.340332 0.753418 0.0595703 0.0498047
0 0.73291 0.30957 0.0673828 0.0683594
0 0.445312 0.3125 0.0507812 0.0644531
0 0.461914 0.370117 0.0449219 0.0703125
0 0.258301 0.734863 0.0419922 0.0810547
0 0.195801 0.708984 0.0576172 0.0722656
0 0.388672 0.771973 0.0507812 0.0693359
0 0.240723 0.512695 0.0576172 0.0722656
0 0.26123 0.254395 0.0615234 0.0712891
0 0.776367 0.444336 0.0585938 0.0761719
0 0.567383 0.784668 0.0585938 0.0673828
