0 0.538086 0.46582 0.0273438 0.0234375
0 0.344238 0.164551 0.0146484 0.0732422
0 0.57666 0.325195 0.0263672 0.0214844
0 0.477051 0.246094 0.0205078 0.0195312
0 0.575684 0.492676 0.0205078 0.0341797
0 0.603516 0.407227 0.0136719 0.0585938
0 0.561523 0.516602 0.0117188 0.0546875
0 0.576172 0.512207 0.0195312 0.0244141
0 0.596191 0.23877 0.0205078 0.0400391
0 0.494629 0.445801 0.0205078 0.0478516
0 0.488281 0.952148 0.0195312 0.046875
0 0.47168 0.833008 0.0234375 0.0234375
0 0.556641 0.541504 0.0175781 0.0361328
0 0.641113 0.486816 0.0224609 0.0244141
0 0.468262 0.907715 0.0283203 0.0654297
0 0.630371 0.332031 0.0263672 0.0332031
0 0.348145 0.217285 0.0126953 0.0439453
0 0.55127 0.352539 0.0224609 0.0332031
0 0.282227 0.337402 0.0253906 0.0341797
0 0.581055 0.600586 0.0136719 0.0273438
0 0.598633 0.51709 0.0273438 0.0185547
0 0.504395 0.777832 0.0126953 0.0673828
0 0.67334 0.398926 0.0205078 0.0283203
0 0.527832 0.532715 0.0185547 0.0419922
0 0.661621 0.296875 0.0205078 0.0429688
0 0.320312 0.418945 0.0136719 0.0449219
0 0.584473 0.472656 0.0205078 0.0195312
0 0.529297 0.413086 0.015625 0.0449219
0 0.554199 0.393066 0.0107422 0.0380859
0 0.473633 0.737793 0.0117188 0.0615234
0 0.587891 0.534668 0.0292969 0.0224609
0 0.349121 0.392578 0.0185547 0.0527344
0 0.607422 0.30957 0.0136719 0.0390625
0 0.336914 0.422852 0.0234375 0.0449219
0 0.641113 0.466797 0.0263672 0.0214844
0 0.419434 0.341309 0.0146484 0.0576172
0 0.493652 0.834473 0.0166016 0.0673828
0 0.499023 0.650879 0.0175781 0.0498047
0 0.575195 0.225098 0.0136719 0.0478516
0 0.52832 0.644531 0.0195312 0.0449219
0 0.482422 0.742676 0.00976562 0.0576172
0 0.472656 0.96582 0.0117188 0.0507812
0 0.595215 0.300293 0.0126953 0.0458984
0 0.48291 0.343262 0.0205078 0.0498047
0 0.555664 0.634277 0.0273438 0.0283203
0 0.318848 0.153809 0.0107422 0.0517578
0 0.640137 0.236328 0.0166016 0.0410156
0 0.270508 0.355957 0.0273438 0.0205078
0 0.544922 0.598145 0.0214844 0.0166016
0 0.547852 0.676758 0.0273438 0.0234375
0 0.507812 0.411621 0.0195312 0.0419922
0 0.458008 0.34668 0.0273438 0.0253906
0 0.566406 0.57373 0.0175781 0.0283203
0 0.540527 0.540527 0.0107422 0.0458984
0 0.573242 0.445801 0.0195312 0.0419922
0 0.643066 0.273438 0.0146484 0.046875
0 0.677734 0.438965 0.0136719 0.0458984
0 0.489746 0.925781 0.0205078 0.046875
0 0.514648 0.651855 0.0253906 0.0322266
0 0.665039 0.321777 0.0136719 0.0498047
0 0.5 0.39209 0.0214844 0.0419922
0 0.556152 0.454102 0.0126953 0.0390625
0 0.557617 0.652832 0.0253906 0.0244141
0 0.633789 0.215332 0.0136719 0.0537109
0 0.305664 0.179199 0.0136719 0.0673828
0 0.470703 0.856445 0.0273438 0.03125
0 0.605469 0.340332 0.015625 0.0380859
0 0.608398 0.280762 0.0253906 0.0439453
0 0.506348 0.357422 0.0244141 0.046875
0 0.538086 0.638184 0.0175781 0.0576172
0 0.487793 0.861328 0.0126953 0.0488281
0 0.491211 0.725098 0.015625 0.0654297
0 0.621582 0.263672 0.0283203 0.0234375
0 0.541016 0.497559 0.0136719 0.0458984
0 0.626953 0.29834 0.0117188 0.0498047
0 0.677734 0.475098 0.0175781 0.0341797
0 0.478516 0.438477 0.0234375 0.0605469
0 0.478027 0.292969 0.0166016 0.0625
0 0.480957 0.988281 0.0302734 0.0234375
0 0.45752 0.975098 0.0224609 0.0498047
0 0.564941 0.699219 0.0244141 0.0253906
0 0.445312 0.886719 0.0117188 0.0722656
0 0.654785 0.518066 0.0283203 0.0283203
0 0.480469 0.620605 0.0234375 0.0615234
0 0.537109 0.355957 0.0175781 0.0517578
0 0.507812 0.902344 0.0175781 0.0566406
0 0.598633 0.362305 0.0253906 0.0273438
0 0.440918 0.789062 0.0244141 0.0253906
0 0.49707 0.895508 0.0117188 0.0507812
0 0.501953 0.98291 0.0195312 0.0341797
0 0.30957 0.334961 0.0253906 0.0546875
0 0.37793 0.352051 0.0292969 0.0400391
0 0.30127 0.412598 0.0185547 0.0458984
0 0.51709 0.875977 0.0126953 0.0546875
0 0.501465 0.541016 0.0244141 0.0214844
0 0.408691 0.365723 0.0205078 0.0478516
0 0.485352 0.494141 0.0273438 0.0332031
0 0.662598 0.45459 0.0166016 0.0322266
0 0.36377 0.35791 0.0283203 0.0283203
0 0.48291 0.669434 0.0302734 0.0458984
0 0.585938 0.728516 0.0273438 0.0410156
0 0.293457 0.435059 0.0302734 0.0400391
0 0.551758 0.318359 0.0195312 0.0507812
0 0.475586 0.36377 0.0253906 0.0537109
0 0.455566 0.94873 0.0166016 0.0634766
0 0.526855 0.949219 0.0126953 0.0585938
0 0.63623 0.543945 0.0224609 0.03125
0 0.695312 0.228027 0.0214844 0.0380859
0 0.468262 0.69043 0.0244141 0.0390625
0 0.526367 0.375 0.0234375 0.0273438
0 0.627441 0.366211 0.0302734 0.0195312
0 0.377441 0.32666 0.0224609 0.0419922
0 0.460938 0.771484 0.0175781 0.0664062
0 0.45752 0.72168 0.0224609 0.0507812
0 0.524902 0.775391 0.0283203 0.0332031
0 0.510742 0.814453 0.0175781 0.0585938
0 0.588867 0.703125 0.0273438 0.0488281
0 0.619629 0.22998 0.0224609 0.0517578
0 0.653809 0.183594 0.0146484 0.0664062
0 0.708008 0.339844 0.0195312 0.0332031
0 0.570801 0.632324 0.0244141 0.0302734
0 0.669434 0.491699 0.0224609 0.0478516
0 0.477539 0.79541 0.0234375 0.0556641
0 0.662598 0.266113 0.0244141 0.0302734
0 0.45459 0.818359 0.0185547 0.0449219
0 0.631348 0.493164 0.0244141 0.0371094
0 0.653809 0.34668 0.0166016 0.0449219
0 0.415039 0.415039 0.0292969 0.0449219
0 0.507812 0.611816 0.0214844 0.0576172
0 0.552734 0.759766 0.0214844 0.0527344
0 0.527344 0.802734 0.0234375 0.0410156
0 0.50293 0.569336 0.0253906 0.0390625
0 0.445801 0.452637 0.0244141 0.0517578
0 0.541016 0.770508 0.0273438 0.0507812
0 0.435547 0.355469 0.0234375 0.0488281
0 0.569336 0.387695 0.0253906 0.0273438
0 0.404297 0.616211 0.03125 0.0605469
0 0.356445 0.865723 0.0234375 0.0498047
0 0.513672 0.950195 0.0175781 0.0546875
0 0.73584 0.206543 0.0224609 0.0458984
0 0.683594 0.53125 0.0195312 0.0390625
0 0.545898 0.573242 0.0214844 0.0371094
