0 0.461914 0.591797 0.0214844 0.0507812
0 0.60498 0.843262 0.0302734 0.0341797
0 0.488281 0.656738 0.0273438 0.0283203
0 0.485352 0.779297 0.03125 0.0527344
0 0.472656 0.677246 0.0546875 0.0205078
0 0.47998 0.72168 0.0283203 0.046875
0 0.345703 0.708008 0.0234375 0.0351562
0 0.362305 0.804199 0.0410156 0.0361328
0 0.335449 0.626465 0.0302734 0.0615234
0 0.694824 0.349609 0.0322266 0.0214844
0 0.519043 0.238281 0.0107422 0.046875
0 0.489746 0.577637 0.0380859 0.0302734
0 0.42334 0.758301 0.0185547 0.0693359
0 0.375 0.722656 0.0195312 0.0605469
0 0.548828 0.608398 0.0332031 0.046875
0 0.482422 0.750977 0.0332031 0.0273438
0 0.338379 0.695801 0.0263672 0.0517578
0 0.432617 0.557129 0.0371094 0.0517578
