0 0.341309 0.710938 0.0205078 0.0429688
0 0.378906 0.641602 0.015625 0.0351562
0 0.431641 0.516602 0.0117188 0.0566406
0 0.316406 0.703125 0.0195312 0.0390625
0 0.392578 0.435059 0.0234375 0.0322266
0 0.402832 0.556641 0.0205078 0.0234375
0 0.513184 0.399414 0.0107422 0.0429688
0 0.438965 0.311035 0.0322266 0.0458984
0 0.188477 0.925781 0.0214844 0.0195312
0 0.395508 0.543945 0.0273438 0.0214844
0 0.35498 0.249023 0.0361328 0.0214844
0 0.486328 0.32666 0.0136719 0.0537109
0 0.319336 0.737305 0.0273438 0.03125
0 0.436523 0.224609 0.0332031 0.03125
0 0.414551 0.42041 0.0166016 0.0478516
0 0.426758 0.589844 0.0332031 0.0292969
0 0.316406 0.592285 0.03125 0.0224609
0 0.371094 0.651367 0.0214844 0.0546875
0 0.376465 0.277832 0.0322266 0.0380859
0 0.473633 0.438477 0.03125 0.0507812
0 0.458984 0.59668 0.0195312 0.0625
0 0.306152 0.291504 0.0244141 0.0185547
0 0.300293 0.348633 0.0185547 0.0488281
0 0.498047 0.444336 0.0195312 0.0488281
0 0.415039 0.69043 0.0136719 0.0546875
0 0.346191 0.575684 0.0322266 0.0302734
0 0.455566 0.512207 0.0205078 0.0361328
0 0.368164 0.384766 0.0292969 0.0292969
0 0.464844 0.526855 0.0195312 0.0478516
0 0.537109 0.378906 0.0175781 0.0488281
0 0.279785 0.341797 0.0244141 0.0527344
0 0.316895 0.395508 0.0224609 0.0449219
0 0.285645 0.478027 0.0341797 0.0400391
