0 0.295898 0.59668 0.0234375 0.0175781
0 0.483887 0.399902 0.0263672 0.0146484
0 0.438965 0.673828 0.0107422 0.0351562
0 0.286133 0.567383 0.0410156 0.0449219
0 0.511719 0.579102 0.0195312 0.0273438
0 0.42041 0.723633 0.0224609 0.0332031
0 0.494629 0.584961 0.0185547 0.0449219
0 0.423828 0.476074 0.0136719 0.0400391
0 0.520508 0.681641 0.0410156 0.0488281
0 0.419922 0.630859 0.0371094 0.03125
0 0.293945 0.452148 0.0371094 0.0292969
0 0.537109 0.543945 0.03125 0.0332031
0 0.636719 0.550293 0.0195312 0.0361328
