0 0.645508 0.190918 0.0332031 0.0380859
0 0.499512 0.338379 0.0302734 0.0205078
0 0.431152 0.351562 0.0263672 0.0527344
0 0.606445 0.747559 0.0214844 0.0908203
0 0.479492 0.538086 0.0527344 0.0585938
0 0.583984 0.438477 0.0234375 0.0527344
0 0.646973 0.239746 0.0361328 0.0595703
0 0.238281 0.591797 0.0429688 0.0429688
0 0.285645 0.70752 0.0517578 0.0576172
0 0.526855 0.301758 0.0556641 0.0429688
0 0.404785 0.137695 0.0380859 0.0234375
0 0.629395 0.183105 0.0205078 0.0517578
0 0.415039 0.79248 0.0332031 0.0634766
0 0.408691 0.707031 0.0380859 0.0449219
0 0.439453 0.219238 0.046875 0.0380859
0 0.441406 0.493652 0.0429688 0.0556641
0 0.479492 0.446777 0.0507812 0.0537109
0 0.541016 0.586426 0.0292969 0.0810547
0 0.471191 0.410645 0.0322266 0.0380859
0 0.65918 0.250977 0.0273438 0.0644531
0 0.358398 0.190918 0.0195312 0.0615234
0 0.431641 0.478516 0.0410156 0.0527344
0 0.539062 0.143555 0.0234375 0.0625
0 0.466309 0.140137 0.0498047 0.0263672
0 0.586426 0.493164 0.0341797 0.0839844
0 0.351562 0.662109 0.0546875 0.03125
0 0.511719 0.276367 0.0527344 0.0273438
0 0.519531 0.740234 0.0625 0.0234375
0 0.352539 0.415527 0.046875 0.0341797
0 0.450684 0.287109 0.0166016 0.0664062
0 0.501953 0.53125 0.0507812 0.0410156
0 0.610352 0.202148 0.0175781 0.0507812
0 0.664551 0.591309 0.0439453 0.0810547
0 0.410645 0.825684 0.0283203 0.0576172
0 0.455566 0.162598 0.0361328 0.0498047
0 0.519531 0.123047 0.0292969 0.0644531
0 0.687988 0.208984 0.0439453 0.0410156
0 0.532227 0.362793 0.0195312 0.0673828
0 0.501465 0.761719 0.0498047 0.0292969
0 0.186035 0.318359 0.0478516 0.0273438
0 0.49707 0.133789 0.0175781 0.046875
0 0.279297 0.308105 0.0546875 0.0224609
0 0.24707 0.830566 0.0546875 0.0576172
0 0.304199 0.548828 0.0634766 0.0351562
0 0.818359 0.539551 0.0429688 0.0751953
0 0.256348 0.539551 0.0517578 0.0439453
0 0.739746 0.388672 0.0498047 0.0546875
0 0.549805 0.1875 0.0507812 0.0292969
0 0.153809 0.648438 0.0419922 0.0644531
0 0.644531 0.539551 0.0546875 0.0322266
0 0.662598 0.358398 0.0205078 0.0761719
0 0.615234 0.237305 0.0527344 0.0527344
0 0.556152 0.434082 0.0439453 0.0517578
0 0.26416 0.280762 0.0458984 0.0322266
0 0.606445 0.491699 0.0253906 0.0712891
0 0.442871 0.692871 0.0556641 0.0283203
0 0.455078 0.19873 0.0546875 0.0244141
0 0.296875 0.401855 0.0332031 0.0556641
0 0.466797 0.349609 0.0234375 0.0625
0 0.424316 0.183594 0.0439453 0.078125
0 0.328125 0.416504 0.0292969 0.0712891
0 0.252441 0.561523 0.0537109 0.0449219
0 0.506348 0.61377 0.0244141 0.0673828
0 0.376953 0.780273 0.0605469 0.03125
0 0.49707 0.425293 0.0273438 0.0634766
0 0.508789 0.388672 0.0292969 0.0664062
0 0.540039 0.246582 0.0273438 0.0673828
0 0.211914 0.742676 0.0546875 0.0439453
0 0.339844 0.176758 0.0234375 0.0722656
0 0.62793 0.556641 0.0429688 0.0546875
0 0.347168 0.388672 0.0458984 0.046875
0 0.565918 0.75293 0.0517578 0.0234375
0 0.559082 0.237305 0.0224609 0.0683594
0 0.375488 0.398926 0.0302734 0.0615234
0 0.37207 0.211426 0.0214844 0.0712891
0 0.568848 0.160645 0.0400391 0.0595703
0 0.165527 0.357422 0.0576172 0.0253906
0 0.361816 0.530273 0.0361328 0.0742188
0 0.679688 0.313965 0.0292969 0.0615234
0 0.612793 0.816406 0.0537109 0.0253906
0 0.59082 0.14502 0.0449219 0.0361328
0 0.358398 0.635742 0.046875 0.046875
0 0.677246 0.793945 0.0498047 0.046875
0 0.26416 0.757324 0.0595703 0.0302734
0 0.557617 0.36084 0.0351562 0.0634766
0 0.563965 0.724609 0.0556641 0.0332031
0 0.25293 0.464844 0.0566406 0.0585938
0 0.309082 0.243164 0.0439453 0.0371094
0 0.617188 0.663574 0.0292969 0.0673828
0 0.190918 0.414062 0.0361328 0.0527344
0 0.405762 0.732422 0.0556641 0.0371094
0 0.616699 0.591309 0.0595703 0.0576172
0 0.165039 0.720703 0.0488281 0.0507812
0 0.501953 0.657227 0.0566406 0.03125
0 0.542969 0.498535 0.0566406 0.0517578
0 0.561035 0.694336 0.0478516 0.0351562
0 0.62793 0.367676 0.0410156 0.0693359
0 0.757812 0.740234 0.0664062 0.0332031
0 0.578613 0.325684 0.0263672 0.0634766
0 0.312988 0.611328 0.0302734 0.0800781
0 0.714355 0.320801 0.0302734 0.0751953
0 0.134277 0.504883 0.0498047 0.0429688
0 0.170898 0.410156 0.0449219 0.0390625
0 0.204102 0.341309 0.0566406 0.0380859
0 0.370605 0.738281 0.0595703 0.03125
0 0.226562 0.668945 0.0585938 0.03125
0 0.349609 0.553223 0.0429688 0.0751953
0 0.772949 0.775391 0.0498047 0.0488281
0 0.803223 0.495605 0.0263672 0.0732422
0 0.350098 0.683105 0.0556641 0.0400391
0 0.526855 0.70459 0.0283203 0.0771484
0 0.608398 0.307129 0.0253906 0.0791016
0 0.77832 0.510254 0.0507812 0.0458984
0 0.433105 0.31543 0.0458984 0.0488281
0 0.433105 0.125 0.0224609 0.0585938
0 0.695801 0.378418 0.0498047 0.0439453
0 0.399414 0.290039 0.0332031 0.0449219
0 0.697266 0.804688 0.046875 0.0566406
0 0.379883 0.144531 0.0507812 0.03125
0 0.443359 0.575684 0.0566406 0.0654297
0 0.432129 0.823242 0.0224609 0.0859375
0 0.433594 0.664062 0.0585938 0.0488281
0 0.202148 0.691406 0.0585938 0.0371094
0 0.642578 0.651367 0.0234375 0.0722656
0 0.360352 0.605469 0.0703125 0.0332031
0 0.28125 0.789062 0.0585938 0.0371094
0 0.529297 0.798828 0.0507812 0.0566406
0 0.232422 0.41748 0.0507812 0.0380859
0 0.291992 0.350098 0.03125 0.0673828
0 0.375 0.453125 0.0507812 0.0351562
0 0.338867 0.276367 0.0234375 0.0644531
0 0.17041 0.492188 0.0302734 0.0722656
0 0.199219 0.461914 0.0429688 0.0507812
0 0.756836 0.57959 0.0390625 0.0654297
0 0.218262 0.277832 0.0458984 0.0556641
0 0.626953 0.741211 0.0273438 0.0820312
0 0.268555 0.518066 0.0507812 0.0361328
0 0.170898 0.619629 0.0332031 0.0693359
0 0.701172 0.651855 0.0507812 0.0498047
0 0.365723 0.701172 0.0595703 0.0410156
0 0.702148 0.12793 0.0351562 0.0546875
0 0.306152 0.20166 0.0302734 0.0615234
0 0.743652 0.686035 0.0478516 0.0615234
0 0.20166 0.601074 0.0419922 0.0595703
0 0.736816 0.845703 0.0556641 0.0507812
