0 0.446289 0.591797 0.03125 0.0390625
0 0.583496 0.466797 0.0498047 0.0234375
0 0.441406 0.575684 0.0273438 0.0341797
0 0.595215 0.474609 0.0400391 0.0292969
0 0.678711 0.401855 0.0644531 0.0439453
0 0.655273 0.36377 0.0351562 0.0322266
0 0.246094 0.258301 0.0507812 0.0185547
0 0.0776367 0.265137 0.0537109 0.0283203
0 0.653809 0.499512 0.0458984 0.0244141
0 0.339844 0.197266 0.0566406 0.0253906
0 0.708008 0.33252 0.0429688 0.0322266
0 0.524414 0.348145 0.0292969 0.0361328
0 0.544922 0.580078 0.0488281 0.0292969
0 0.318848 0.348633 0.0517578 0.0214844
0 0.651367 0.385254 0.03125 0.0361328
0 0.477051 0.285156 0.0380859 0.0390625
0 0.236816 0.281738 0.0380859 0.0361328
0 0.823242 0.434082 0.0585938 0.0322266
0 0.443848 0.425293 0.0380859 0.0380859
0 0.23584 0.388672 0.0517578 0.0214844
0 0.549805 0.48291 0.03125 0.0361328
0 0.657715 0.34668 0.0419922 0.0253906
0 0.22168 0.355469 0.0527344 0.0273438
0 0.484863 0.442871 0.0361328 0.0341797
0 0.245117 0.325195 0.0410156 0.0390625
0 0.776367 0.530273 0.046875 0.0214844
0 0.591309 0.429199 0.0419922 0.0263672
0 0.425781 0.543945 0.0332031 0.0332031
0 0.728027 0.579102 0.0537109 0.0292969
0 0.495605 0.418945 0.0537109 0.0253906
0 0.197266 0.39209 0.0429688 0.0361328
0 0.519531 0.564941 0.046875 0.0224609
0 0.474121 0.525879 0.0419922 0.0341797
