0 0.405273 0.469727 0.03125 0.046875
0 0.432129 0.558594 0.0205078 0.0722656
0 0.449219 0.720215 0.0253906 0.0419922
0 0.335938 0.334473 0.0234375 0.0283203
0 0.436523 0.494629 0.03125 0.0400391
0 0.446289 0.580078 0.0195312 0.0585938
0 0.332031 0.357422 0.0351562 0.0390625
0 0.344727 0.306152 0.0253906 0.0517578
0 0.37793 0.529297 0.03125 0.0625
0 0.413574 0.644531 0.0322266 0.0546875
0 0.530273 0.316406 0.0195312 0.0605469
0 0.557129 0.23584 0.0244141 0.0654297
0 0.429688 0.168945 0.03125 0.0390625
0 0.397949 0.671387 0.0244141 0.0517578
0 0.351074 0.331543 0.0205078 0.0595703
0 0.576172 0.34375 0.0214844 0.0546875
0 0.317383 0.33252 0.0214844 0.0654297
0 0.362305 0.408691 0.0234375 0.0556641
0 0.441406 0.464844 0.0332031 0.0390625
0 0.379883 0.688477 0.0234375 0.0703125
0 0.37207 0.430664 0.0195312 0.0566406
0 0.540039 0.248047 0.0195312 0.0625
0 0.437012 0.697266 0.0283203 0.0683594
0 0.544922 0.50293 0.0214844 0.0605469
0 0.479492 0.40332 0.0234375 0.0410156
0 0.41748 0.668457 0.0341797 0.0439453
0 0.352539 0.376953 0.0195312 0.0566406
0 0.51709 0.617188 0.0244141 0.046875
0 0.659668 0.606934 0.0361328 0.0458984
0 0.460449 0.585449 0.0302734 0.0361328
0 0.400391 0.503906 0.0332031 0.0410156
0 0.411621 0.546875 0.0244141 0.0800781
0 0.583984 0.806641 0.0253906 0.0625
0 0.32373 0.633301 0.0380859 0.0478516
0 0.491211 0.688477 0.0351562 0.0429688
0 0.652832 0.322754 0.0205078 0.0634766
0 0.440918 0.393555 0.0224609 0.0507812
0 0.522461 0.664551 0.03125 0.0341797
0 0.375977 0.819824 0.0273438 0.0654297
0 0.612305 0.728027 0.0292969 0.0712891
0 0.519043 0.331543 0.0341797 0.0341797
0 0.461426 0.535645 0.0302734 0.0537109
0 0.66748 0.32666 0.0205078 0.0673828
0 0.389648 0.457031 0.0214844 0.0605469
0 0.236816 0.645508 0.0283203 0.0625
0 0.594727 0.476562 0.0273438 0.0605469
0 0.450684 0.400391 0.0244141 0.0546875
0 0.264648 0.370117 0.0371094 0.0566406
0 0.516602 0.571289 0.0273438 0.0488281
0 0.533691 0.481445 0.0244141 0.0644531
0 0.496582 0.579102 0.0224609 0.0585938
0 0.406738 0.336914 0.0224609 0.0546875
0 0.413086 0.173828 0.0273438 0.0546875
0 0.68457 0.561035 0.0273438 0.0693359
0 0.390625 0.285645 0.0234375 0.0634766
0 0.723633 0.749023 0.0273438 0.0664062
0 0.456055 0.353516 0.0332031 0.0527344
0 0.455078 0.496582 0.0273438 0.0615234
0 0.369629 0.194824 0.0302734 0.0673828
0 0.556152 0.695801 0.0244141 0.0615234
0 0.560547 0.396973 0.0371094 0.0458984
0 0.487305 0.440918 0.0351562 0.0478516
0 0.570312 0.780273 0.03125 0.0703125
0 0.544434 0.877441 0.0263672 0.0634766
0 0.578125 0.505859 0.0253906 0.0625
0 0.515137 0.244141 0.0380859 0.0390625
0 0.398438 0.62207 0.0332031 0.0488281
0 0.276855 0.487305 0.0341797 0.046875
0 0.613281 0.278809 0.03125 0.0556641
0 0.482422 0.567871 0.0292969 0.0556641
0 0.536133 0.684082 0.0253906 0.0615234
0 0.329102 0.774414 0.0292969 0.0664062
0 0.411621 0.40332 0.0341797 0.0449219
0 0.577148 0.234863 0.0273438 0.0537109
0 0.570312 0.181641 0.0234375 0.0449219
0 0.545898 0.157227 0.0292969 0.0488281
0 0.463867 0.288086 0.0410156 0.0449219
0 0.556152 0.336914 0.0302734 0.046875
0 0.29834 0.351074 0.0244141 0.0712891
0 0.526855 0.178711 0.0244141 0.0605469
0 0.421875 0.379395 0.0332031 0.0361328
0 0.377441 0.577637 0.0302734 0.0439453
0 0.496094 0.650879 0.0292969 0.0517578
0 0.351074 0.485352 0.0302734 0.0820312
0 0.556152 0.296875 0.0302734 0.046875
0 0.475098 0.234375 0.0263672 0.0625
