0 0.845703 0.550781 0.0332031 0.0410156
0 0.405273 0.456055 0.0878906 0.0449219
0 0.43457 0.513672 0.03125 0.0410156
0 0.477539 0.394531 0.0273438 0.0449219
0 0.476074 0.73584 0.0166016 0.0380859
0 0.561035 0.405273 0.0458984 0.0273438
0 0.393066 0.410645 0.0556641 0.0185547
0 0.475098 0.706055 0.0400391 0.046875
0 0.435059 0.538574 0.0537109 0.0205078
0 0.447266 0.414551 0.0273438 0.0380859
0 0.441895 0.566406 0.0263672 0.0332031
0 0.520996 0.303711 0.0380859 0.0410156
0 0.480957 0.566406 0.0341797 0.0292969
0 0.488281 0.415039 0.0332031 0.0429688
0 0.479492 0.547852 0.0371094 0.0351562
0 0.382324 0.584961 0.0498047 0.0449219
0 0.505859 0.553223 0.0292969 0.0361328
0 0.368652 0.490723 0.0458984 0.0361328
0 0.384766 0.825195 0.0488281 0.0351562
