0 0.411621 0.708496 0.0654297 0.0439453
0 0.686035 0.124512 0.0869141 0.0458984
0 0.463867 0.668457 0.0878906 0.0498047
0 0.541016 0.687012 0.0683594 0.0458984
0 0.383301 0.688477 0.0576172 0.0898438
0 0.527832 0.225098 0.0458984 0.141602
0 0.294922 0.532715 0.0546875 0.0693359
0 0.320801 0.512695 0.0654297 0.0703125
0 0.808594 0.416016 0.0761719 0.0449219
0 0.322266 0.443359 0.03125 0.0976562
0 0.560547 0.375488 0.0917969 0.0986328
0 0.355469 0.440918 0.0527344 0.0947266
0 0.508789 0.600586 0.0664062 0.0625
0 0.435547 0.935059 0.046875 0.0654297
0 0.332031 0.572266 0.0664062 0.0527344
0 0.398438 0.888672 0.03125 0.0917969
0 0.514648 0.303223 0.0371094 0.0927734
0 0.370117 0.858398 0.0351562 0.09375
0 0.54541 0.966797 0.0673828 0.0644531
