0 0.769531 0.60498 0.0351562 0.0166016
0 0.5 0.417969 0.0332031 0.0351562
0 0.470703 0.513184 0.0351562 0.0185547
0 0.856445 0.592773 0.0429688 0.03125
0 0.408203 0.644531 0.0253906 0.03125
0 0.868652 0.606445 0.0322266 0.0273438
0 0.485352 0.412109 0.0234375 0.0351562
0 0.419922 0.628418 0.0292969 0.0263672
0 0.50293 0.598633 0.0449219 0.0195312
0 0.810059 0.419922 0.0517578 0.0253906
0 0.517578 0.584961 0.0429688 0.0273438
0 0.650879 0.508789 0.0263672 0.0351562
0 0.428223 0.376465 0.0380859 0.0263672
0 0.350098 0.632324 0.0283203 0.0341797
0 0.513672 0.427734 0.0390625 0.0234375
0 0.359375 0.392578 0.0507812 0.0253906
0 0.612305 0.651367 0.0488281 0.0253906
0 0.431152 0.651367 0.0400391 0.0195312
0 0.40332 0.421387 0.0429688 0.0244141
0 0.730957 0.430176 0.0322266 0.0361328
0 0.334961 0.628418 0.0351562 0.0341797
0 0.382324 0.618652 0.0302734 0.0322266
0 0.344727 0.497559 0.0371094 0.0439453
0 0.375 0.643555 0.0332031 0.0273438
0 0.524414 0.705566 0.0449219 0.0322266
0 0.423828 0.45752 0.03125 0.0361328
0 0.710938 0.663574 0.0332031 0.0341797
0 0.393066 0.687988 0.0380859 0.0283203
0 0.510742 0.639648 0.0429688 0.0234375
0 0.398926 0.617188 0.0224609 0.0351562
0 0.273926 0.459961 0.0361328 0.0351562
