0 0.679199 0.641602 0.0400391 0.0527344
0 0.13916 0.458496 0.0537109 0.0341797
0 0.395508 0.548828 0.046875 0.0292969
0 0.498047 0.961426 0.0449219 0.0732422
0 0.693359 0.638672 0.0371094 0.0527344
0 0.362305 0.772461 0.046875 0.0273438
0 0.51123 0.771484 0.0458984 0.0566406
0 0.65332 0.571777 0.0292969 0.0732422
0 0.510254 0.408203 0.0224609 0.0703125
0 0.232422 0.991699 0.0332031 0.0166016
0 0.602051 0.859863 0.0205078 0.0654297
0 0.466797 0.633789 0.0351562 0.0527344
0 0.59668 0.411133 0.0253906 0.0507812
0 0.447754 0.591309 0.0263672 0.0302734
0 0.380371 0.554688 0.0712891 0.0371094
0 0.723145 0.633789 0.0322266 0.0292969
0 0.317871 0.881836 0.0224609 0.0742188
0 0.220215 0.403809 0.0341797 0.0205078
0 0.388672 0.627441 0.0136719 0.0595703
0 0.442871 0.644043 0.0244141 0.0947266
0 0.341797 0.95752 0.0390625 0.0634766
0 0.401367 0.607422 0.0175781 0.0527344
0 0.252441 0.968262 0.0458984 0.0595703
0 0.643555 0.646484 0.0332031 0.0488281
0 0.358398 0.540039 0.0214844 0.0410156
0 0.261719 0.480957 0.0214844 0.0322266
0 0.520996 0.953125 0.0166016 0.0488281
0 0.319824 0.818359 0.0380859 0.0566406
0 0.17041 0.405762 0.0341797 0.0341797
0 0.598145 0.56543 0.0205078 0.0566406
0 0.487305 0.585449 0.0605469 0.0341797
0 0.42627 0.591797 0.0302734 0.0292969
0 0.652832 0.683105 0.0244141 0.0498047
0 0.725586 0.663086 0.0507812 0.0273438
0 0.35791 0.48291 0.0380859 0.0458984
0 0.458008 0.508301 0.046875 0.0244141
0 0.759277 0.570312 0.0361328 0.078125
0 0.419434 0.349609 0.0439453 0.0234375
0 0.388672 0.397949 0.0253906 0.0380859
0 0.187012 0.57666 0.0439453 0.0302734
0 0.422363 0.428711 0.0205078 0.0507812
0 0.57666 0.477051 0.0458984 0.0712891
0 0.637695 0.962891 0.046875 0.0722656
0 0.377441 0.595215 0.0224609 0.0537109
0 0.248047 0.681641 0.0390625 0.0527344
0 0.626953 0.613281 0.0410156 0.0429688
0 0.589844 0.90625 0.0351562 0.0507812
0 0.291504 0.419434 0.0380859 0.0498047
0 0.32666 0.632812 0.0439453 0.0273438
0 0.362793 0.561035 0.0458984 0.0302734
0 0.530273 0.42334 0.0195312 0.0654297
0 0.584961 0.694824 0.0625 0.0263672
0 0.249023 0.592285 0.0253906 0.0615234
0 0.37207 0.875 0.0390625 0.03125
0 0.0283203 0.686523 0.0292969 0.03125
0 0.42041 0.624023 0.0283203 0.0703125
0 0.664551 0.505859 0.0439453 0.0253906
0 0.356445 0.841797 0.0390625 0.0488281
0 0.569824 0.976074 0.0263672 0.0478516
0 0.319336 0.363281 0.0390625 0.0273438
0 0.34375 0.883789 0.03125 0.0546875
0 0.320801 0.976562 0.0361328 0.046875
0 0.60791 0.374512 0.0283203 0.0517578
0 0.278809 0.481934 0.0166016 0.0537109
0 0.276367 0.969238 0.0410156 0.0361328
0 0.606445 0.482422 0.0390625 0.0214844
0 0.397949 0.575195 0.0283203 0.0292969
0 0.274902 0.710449 0.0283203 0.0791016
0 0.542969 0.703125 0.0273438 0.0429688
0 0.547363 0.893555 0.0283203 0.0351562
0 0.494629 0.713867 0.0361328 0.0585938
0 0.586914 0.719727 0.0488281 0.0234375
0 0.500488 0.844238 0.0400391 0.0361328
0 0.558105 0.537109 0.0146484 0.0683594
0 0.371582 0.660156 0.0439453 0.0273438
0 0.217285 0.663086 0.0302734 0.0527344
0 0.39209 0.811523 0.0244141 0.0625
0 0.606445 0.757324 0.0195312 0.0537109
0 0.519531 0.859863 0.0273438 0.0498047
0 0.571289 0.424805 0.0292969 0.0546875
0 0.641602 0.730957 0.0253906 0.0361328
0 0.570801 0.461426 0.0361328 0.0458984
0 0.313477 0.540527 0.0371094 0.0361328
0 0.560059 0.871094 0.0224609 0.0488281
0 0.454102 0.771484 0.0234375 0.0488281
0 0.583496 0.418945 0.0263672 0.0410156
0 0.630859 0.518555 0.0410156 0.0292969
0 0.576172 0.823242 0.0546875 0.03125
0 0.421875 0.935547 0.0449219 0.0292969
0 0.459473 0.470703 0.0361328 0.046875
0 0.486816 0.425293 0.0478516 0.0361328
0 0.591797 0.61084 0.0292969 0.0458984
0 0.380371 0.415039 0.0341797 0.0292969
0 0.380371 0.944824 0.0439453 0.0478516
0 0.194336 0.94043 0.0527344 0.0742188
0 0.274414 0.546875 0.0429688 0.0351562
0 0.357422 0.811523 0.0390625 0.0507812
0 0.18457 0.966797 0.0332031 0.0664062
0 0.219238 0.603516 0.0341797 0.046875
0 0.456543 0.413574 0.0185547 0.0634766
0 0.581055 0.937988 0.0390625 0.0400391
0 0.386719 0.728516 0.0253906 0.0410156
0 0.612793 0.458496 0.0634766 0.0400391
0 0.23877 0.393555 0.0419922 0.0449219
0 0.694824 0.669922 0.0205078 0.0488281
0 0.37207 0.724121 0.03125 0.0322266
0 0.479492 0.678223 0.0410156 0.0302734
0 0.286621 0.895508 0.0341797 0.0664062
0 0.336914 0.539062 0.0332031 0.0449219
0 0.642578 0.802734 0.046875 0.0371094
0 0.670898 0.722168 0.0507812 0.0341797
0 0.630371 0.706055 0.0361328 0.046875
0 0.682617 0.556152 0.0234375 0.0556641
0 0.405273 0.769531 0.0429688 0.0390625
0 0.208496 0.450195 0.0537109 0.0253906
0 0.26416 0.440918 0.0185547 0.0615234
0 0.197754 0.487305 0.0439453 0.0292969
0 0.402832 0.477539 0.0400391 0.0488281
0 0.539551 0.978516 0.0380859 0.0429688
0 0.52002 0.72168 0.0244141 0.0664062
0 0.526855 0.477051 0.0341797 0.0556641
0 0.564453 0.661133 0.0566406 0.0253906
0 0.250488 0.491699 0.0400391 0.0380859
0 0.252441 0.383301 0.0439453 0.0283203
0 0.55957 0.629395 0.046875 0.0556641
0 0.532715 0.550293 0.0205078 0.0556641
0 0.704102 0.588867 0.0429688 0.0507812
0 0.418945 0.328613 0.0566406 0.0283203
0 0.394531 0.364746 0.0273438 0.0576172
0 0.421387 0.469727 0.0361328 0.0527344
0 0.548828 0.430664 0.0253906 0.0585938
0 0.683105 0.697754 0.0380859 0.0556641
0 0.330566 0.342285 0.0537109 0.0224609
0 0.432617 0.720215 0.0527344 0.0498047
0 0.299805 0.500977 0.0292969 0.0546875
0 0.814453 0.639648 0.0644531 0.0683594
0 0.619141 0.677246 0.0195312 0.0654297
0 0.583496 0.528809 0.0380859 0.0341797
0 0.744141 0.630371 0.0449219 0.0615234
0 0.618164 0.85791 0.0292969 0.0751953
0 0.597656 0.802246 0.0507812 0.0283203
0 0.289551 0.579102 0.0400391 0.0292969
0 0.685059 0.369141 0.0322266 0.0703125
0 0.525391 0.510254 0.0292969 0.0439453
0 0.348633 0.446777 0.0488281 0.0419922
0 0.327148 0.695312 0.0390625 0.0390625
0 0.230469 0.555664 0.0390625 0.0253906
0 0.446289 0.379395 0.0429688 0.0244141
0 0.210449 0.53418 0.0439453 0.0351562
0 0.736816 0.50293 0.0380859 0.0566406
0 0.492188 0.351562 0.0273438 0.0683594
0 0.611816 0.940918 0.0224609 0.0634766
0 0.441406 0.984375 0.046875 0.0292969
0 0.547363 0.398438 0.0205078 0.0527344
0 0.40625 0.411621 0.0195312 0.0634766
0 0.63623 0.490723 0.0537109 0.0283203
0 0.296875 0.629395 0.0234375 0.0576172
0 0.498535 0.535645 0.0537109 0.0341797
0 0.515625 0.90625 0.0332031 0.0605469
0 0.690918 0.444336 0.0302734 0.0566406
0 0.472656 0.484863 0.0410156 0.0322266
0 0.71582 0.691406 0.0429688 0.0351562
0 0.254395 0.548828 0.0400391 0.046875
0 0.474121 0.361328 0.0205078 0.0703125
0 0.702637 0.509277 0.0458984 0.0302734
0 0.195312 0.511719 0.0585938 0.0273438
0 0.458984 0.825195 0.0449219 0.0234375
0 0.394531 0.880371 0.0253906 0.0595703
0 0.464844 0.719727 0.0273438 0.0625
0 0.17041 0.539551 0.0400391 0.0380859
0 0.374023 0.341309 0.03125 0.0498047
0 0.435059 0.767578 0.0185547 0.0761719
0 0.581543 0.372559 0.0458984 0.0283203
0 0.602539 0.980469 0.0507812 0.0390625
0 0.225586 0.908203 0.0390625 0.0546875
0 0.637695 0.629883 0.0429688 0.0507812
0 0.420898 0.670898 0.0332031 0.0527344
0 0.338379 0.404297 0.0517578 0.03125
0 0.369629 0.428223 0.0517578 0.0244141
0 0.5625 0.763184 0.0488281 0.0263672
0 0.229492 0.496094 0.0410156 0.046875
0 0.712402 0.437988 0.0263672 0.0673828
0 0.269043 0.352051 0.0478516 0.0341797
0 0.738281 0.472168 0.0449219 0.0458984
0 0.618164 0.559082 0.0292969 0.0654297
0 0.273926 0.522461 0.0478516 0.0234375
0 0.292969 0.669922 0.0273438 0.0664062
0 0.22998 0.424805 0.0498047 0.0253906
0 0.737305 0.699707 0.0507812 0.0498047
0 0.775879 0.504395 0.0263672 0.0732422
0 0.338379 0.371582 0.0458984 0.0341797
0 0.692383 0.759766 0.0390625 0.0605469
0 0.58252 0.865723 0.0400391 0.0634766
0 0.359863 0.679688 0.0498047 0.0234375
0 0.670898 0.76416 0.0292969 0.0556641
0 0.331543 0.651855 0.0556641 0.0341797
0 0.335938 0.498047 0.0527344 0.0488281
0 0.464355 0.310059 0.0263672 0.0458984
0 0.164062 0.491699 0.0273438 0.0576172
0 0.557617 0.926758 0.0371094 0.0625
0 0.634277 0.917969 0.0576172 0.0644531
0 0.427734 0.402344 0.0253906 0.0644531
0 0.57373 0.571289 0.0283203 0.0585938
0 0.724609 0.555176 0.0273438 0.0673828
0 0.241211 0.358887 0.046875 0.0263672
0 0.642578 0.441895 0.0488281 0.0458984
0 0.196289 0.398438 0.0332031 0.0566406
0 0.446289 0.353027 0.0410156 0.0341797
0 0.285156 0.390625 0.0371094 0.0585938
0 0.698242 0.487305 0.0546875 0.0292969
0 0.552734 0.584961 0.0429688 0.0332031
0 0.685059 0.893555 0.0615234 0.0546875
0 0.548828 0.356934 0.046875 0.0478516
0 0.308105 0.438965 0.0419922 0.0517578
0 0.652344 0.824219 0.0488281 0.0390625
0 0.45166 0.855957 0.0498047 0.0361328
0 0.738281 0.418945 0.0410156 0.0644531
0 0.435547 0.559082 0.0546875 0.0322266
