0 0.405273 0.566406 0.0234375 0.0605469
0 0.460449 0.53418 0.0263672 0.0332031
0 0.422852 0.666504 0.015625 0.0634766
0 0.435059 0.677246 0.0185547 0.0673828
0 0.429688 0.581055 0.0292969 0.0390625
0 0.442871 0.607422 0.0244141 0.0390625
0 0.46875 0.505371 0.0390625 0.0244141
0 0.479492 0.405273 0.0371094 0.0566406
0 0.448242 0.523926 0.0449219 0.0224609
0 0.463867 0.553223 0.0234375 0.0283203
0 0.430664 0.603516 0.03125 0.0371094
0 0.47168 0.570312 0.03125 0.0292969
0 0.444336 0.561035 0.0234375 0.0537109
0 0.387207 0.541016 0.0419922 0.0507812
0 0.493652 0.50293 0.0185547 0.0527344
0 0.466309 0.485352 0.0380859 0.0175781
0 0.387695 0.626465 0.0429688 0.0498047
0 0.458008 0.608887 0.0273438 0.0517578
0 0.405273 0.669922 0.0234375 0.0449219
0 0.392578 0.592285 0.0292969 0.0458984
0 0.516602 0.367188 0.0371094 0.0722656
