0 0.605469 0.514648 0.0136719 0.0371094
0 0.28418 0.523438 0.0175781 0.0234375
0 0.54248 0.641602 0.0205078 0.015625
0 0.502441 0.537598 0.0107422 0.0244141
0 0.362305 0.661133 0.0175781 0.0292969
0 0.205078 0.364746 0.0136719 0.0224609
0 0.486816 0.446289 0.0107422 0.0292969
0 0.75293 0.629883 0.0214844 0.03125
0 0.286621 0.300781 0.0146484 0.0234375
0 0.379883 0.503906 0.015625 0.0234375
0 0.392578 0.521973 0.0175781 0.0205078
0 0.512207 0.705566 0.0126953 0.0283203
0 0.436523 0.520508 0.0136719 0.0195312
0 0.252441 0.558105 0.0126953 0.0283203
0 0.294434 0.443359 0.0224609 0.0117188
0 0.260254 0.5625 0.0107422 0.03125
0 0.322266 0.655273 0.015625 0.0253906
0 0.434082 0.625 0.0185547 0.015625
0 0.600586 0.519043 0.00976562 0.0361328
0 0.706055 0.620117 0.0136719 0.0332031
0 0.416992 0.604492 0.0234375 0.0292969
0 0.332031 0.644531 0.0214844 0.015625
0 0.404785 0.427734 0.0224609 0.0175781
0 0.546875 0.72998 0.0214844 0.0126953
0 0.564453 0.720703 0.015625 0.0175781
0 0.634766 0.431641 0.0136719 0.0273438
0 0.534668 0.541016 0.0185547 0.0234375
0 0.510742 0.688477 0.0136719 0.0214844
0 0.470703 0.400391 0.0117188 0.0234375
0 0.472656 0.664062 0.015625 0.015625
0 0.681152 0.499023 0.0126953 0.0292969
0 0.783691 0.681641 0.0185547 0.0351562
0 0.389648 0.40918 0.015625 0.0214844
0 0.717773 0.524902 0.0214844 0.0263672
0 0.579102 0.399414 0.0253906 0.0175781
0 0.244141 0.45752 0.0214844 0.0244141
0 0.385742 0.674805 0.0214844 0.0273438
0 0.425781 0.59668 0.0195312 0.0253906
0 0.276855 0.307129 0.0126953 0.0283203
0 0.20166 0.338867 0.0185547 0.0332031
0 0.275879 0.556641 0.0107422 0.0273438
0 0.512695 0.523926 0.0175781 0.0205078
0 0.408691 0.557617 0.0244141 0.0175781
0 0.196777 0.682617 0.0126953 0.0292969
0 0.424805 0.444824 0.00976562 0.0302734
0 0.478516 0.551758 0.0078125 0.0253906
0 0.797363 0.546875 0.0244141 0.0195312
0 0.36377 0.630859 0.0185547 0.0253906
0 0.458496 0.556641 0.0205078 0.0136719
0 0.272461 0.335938 0.00976562 0.0292969
0 0.255859 0.259766 0.0234375 0.0234375
0 0.419434 0.459473 0.0166016 0.0244141
0 0.197266 0.368652 0.0136719 0.0263672
0 0.448242 0.497559 0.0195312 0.0205078
0 0.514648 0.539062 0.015625 0.0234375
0 0.427734 0.581055 0.0253906 0.0136719
0 0.525879 0.701172 0.0224609 0.0195312
0 0.587891 0.516113 0.015625 0.0185547
0 0.671387 0.288574 0.0283203 0.0126953
0 0.522461 0.652344 0.0117188 0.0273438
0 0.373047 0.688477 0.015625 0.0253906
0 0.689941 0.629883 0.0244141 0.0175781
0 0.543945 0.743164 0.0214844 0.0175781
0 0.482422 0.65332 0.0234375 0.0136719
0 0.639648 0.578125 0.0175781 0.0234375
0 0.464355 0.632812 0.0244141 0.0117188
0 0.288086 0.667969 0.0175781 0.0195312
0 0.543945 0.716797 0.0214844 0.0136719
0 0.418457 0.380859 0.0166016 0.03125
0 0.46875 0.420898 0.0117188 0.03125
0 0.496582 0.638184 0.0107422 0.0302734
0 0.315918 0.558594 0.0244141 0.0117188
0 0.533203 0.524902 0.0234375 0.0126953
0 0.745605 0.658203 0.0185547 0.0273438
0 0.216797 0.427734 0.0175781 0.0253906
0 0.414551 0.495605 0.0205078 0.0283203
0 0.696289 0.438477 0.0175781 0.0292969
0 0.45752 0.354004 0.0205078 0.0263672
0 0.231445 0.285645 0.0214844 0.0205078
0 0.597168 0.542969 0.0263672 0.0234375
0 0.606934 0.56543 0.0107422 0.0292969
0 0.563477 0.769531 0.0214844 0.015625
0 0.673828 0.509277 0.0195312 0.0244141
0 0.4375 0.50293 0.0195312 0.0253906
0 0.472168 0.319824 0.0224609 0.0146484
0 0.84375 0.546875 0.015625 0.0273438
0 0.553223 0.649414 0.0283203 0.0136719
0 0.161133 0.589844 0.0117188 0.0234375
0 0.471191 0.45166 0.0146484 0.0283203
0 0.269043 0.533691 0.0146484 0.0224609
0 0.302246 0.65625 0.0205078 0.0234375
0 0.200195 0.496582 0.0175781 0.0244141
0 0.460938 0.71582 0.0195312 0.0214844
0 0.424805 0.359863 0.0136719 0.0322266
0 0.774902 0.588379 0.0244141 0.0146484
0 0.442383 0.64502 0.0175781 0.0244141
0 0.560547 0.741211 0.0117188 0.0292969
0 0.766113 0.393066 0.00878906 0.0263672
0 0.655273 0.356445 0.0234375 0.0253906
0 0.673828 0.39502 0.0117188 0.0341797
0 0.21875 0.705078 0.015625 0.0234375
0 0.539062 0.55957 0.0234375 0.0136719
0 0.416016 0.740234 0.0195312 0.015625
0 0.582031 0.744141 0.00976562 0.0273438
0 0.572266 0.736328 0.0117188 0.03125
0 0.496582 0.558594 0.0205078 0.0195312
0 0.482422 0.735352 0.0195312 0.0253906
0 0.27832 0.708984 0.015625 0.0273438
0 0.650879 0.467285 0.0146484 0.0322266
0 0.634766 0.625977 0.0175781 0.0253906
0 0.683594 0.528809 0.0234375 0.0126953
0 0.648438 0.42041 0.0195312 0.0263672
0 0.630859 0.421387 0.015625 0.0302734
0 0.702148 0.512695 0.00976562 0.03125
0 0.700195 0.481445 0.0292969 0.0136719
0 0.366699 0.605469 0.0185547 0.0253906
0 0.33252 0.479004 0.0224609 0.0185547
0 0.714355 0.489258 0.0224609 0.0175781
0 0.686523 0.386719 0.0175781 0.03125
0 0.772461 0.42627 0.00976562 0.0322266
0 0.880859 0.444336 0.0234375 0.015625
0 0.54834 0.543457 0.0166016 0.0263672
0 0.385254 0.393555 0.0224609 0.0136719
0 0.777832 0.519531 0.0146484 0.0292969
0 0.674316 0.46875 0.0263672 0.0195312
0 0.509766 0.660645 0.0175781 0.0224609
0 0.421387 0.645508 0.0224609 0.0175781
0 0.691406 0.499512 0.0117188 0.0302734
0 0.324219 0.542969 0.015625 0.0253906
0 0.650391 0.647461 0.0195312 0.0253906
0 0.222656 0.680176 0.0214844 0.0185547
0 0.530273 0.667969 0.0214844 0.0234375
0 0.553711 0.673828 0.0195312 0.0253906
0 0.591309 0.708984 0.0224609 0.0214844
