0 0.550781 0.583008 0.0234375 0.0175781
0 0.460449 0.634766 0.0166016 0.0273438
0 0.418457 0.62207 0.0224609 0.015625
0 0.423828 0.370117 0.0234375 0.0214844
0 0.611328 0.588867 0.0195312 0.03125
0 0.410645 0.567383 0.0166016 0.0371094
0 0.624023 0.649414 0.0175781 0.0253906
0 0.506348 0.713379 0.0126953 0.0263672
0 0.40625 0.50293 0.015625 0.0292969
0 0.573242 0.394531 0.0273438 0.0195312
0 0.472168 0.451172 0.0166016 0.0351562
0 0.460449 0.651367 0.0185547 0.0253906
0 0.643555 0.395508 0.0292969 0.0214844
0 0.449707 0.696289 0.0263672 0.0175781
0 0.526367 0.692383 0.0195312 0.0292969
0 0.460938 0.513184 0.0273438 0.0166016
0 0.462402 0.499512 0.0205078 0.0146484
0 0.62793 0.600098 0.0136719 0.0322266
0 0.629883 0.662598 0.0117188 0.0302734
0 0.530273 0.62207 0.0175781 0.0175781
0 0.541016 0.629883 0.0175781 0.0253906
0 0.696777 0.560547 0.0146484 0.0234375
0 0.529785 0.511719 0.0146484 0.0273438
0 0.616211 0.452148 0.0136719 0.0292969
0 0.602539 0.681641 0.0214844 0.0195312
0 0.600586 0.45166 0.0253906 0.0185547
0 0.495117 0.634277 0.0175781 0.0302734
0 0.506348 0.660156 0.0146484 0.0195312
0 0.66748 0.425781 0.0244141 0.015625
0 0.59668 0.568359 0.0253906 0.0136719
0 0.610352 0.701172 0.0175781 0.03125
0 0.532227 0.572754 0.0136719 0.0341797
0 0.517578 0.538086 0.0195312 0.0175781
0 0.629883 0.451172 0.0175781 0.03125
0 0.49707 0.498047 0.0136719 0.0273438
0 0.418945 0.582031 0.015625 0.03125
0 0.477051 0.433594 0.0126953 0.0234375
0 0.461914 0.45459 0.0195312 0.0263672
0 0.438477 0.520508 0.0195312 0.0234375
0 0.525391 0.652344 0.0117188 0.03125
0 0.491211 0.692383 0.0253906 0.0136719
0 0.427734 0.646484 0.0234375 0.0195312
0 0.513672 0.763672 0.0253906 0.0195312
0 0.575195 0.646484 0.0175781 0.03125
0 0.686523 0.581055 0.0214844 0.0332031
0 0.4375 0.558594 0.0117188 0.03125
0 0.586914 0.433594 0.0175781 0.0253906
0 0.464844 0.47998 0.0136719 0.0341797
0 0.477051 0.494629 0.0146484 0.0341797
0 0.547852 0.486816 0.0136719 0.0380859
0 0.616699 0.39209 0.0341797 0.0166016
0 0.727539 0.535156 0.0234375 0.0234375
0 0.714844 0.588867 0.0253906 0.0332031
0 0.543945 0.670898 0.0175781 0.0136719
0 0.416504 0.526367 0.0185547 0.0292969
0 0.666992 0.478516 0.0175781 0.03125
0 0.491211 0.538086 0.0253906 0.0214844
0 0.620117 0.493652 0.0175781 0.0263672
0 0.575684 0.69043 0.0146484 0.0292969
0 0.578125 0.525391 0.0136719 0.0390625
0 0.458984 0.722656 0.015625 0.0351562
0 0.685059 0.547852 0.0166016 0.0175781
0 0.713379 0.547363 0.0126953 0.0302734
0 0.635742 0.619629 0.0117188 0.0361328
0 0.650391 0.532227 0.0195312 0.0332031
0 0.59082 0.620605 0.0214844 0.0244141
0 0.70459 0.598145 0.0283203 0.0166016
0 0.674805 0.407227 0.0292969 0.0214844
0 0.583984 0.670898 0.015625 0.0292969
0 0.666504 0.504395 0.0126953 0.0283203
0 0.562012 0.472656 0.0185547 0.0234375
0 0.698242 0.544434 0.0175781 0.0166016
0 0.580566 0.388184 0.0322266 0.0146484
0 0.59375 0.63916 0.0195312 0.0126953
0 0.498047 0.452148 0.0234375 0.0253906
0 0.54834 0.618164 0.0244141 0.015625
0 0.495117 0.583984 0.0195312 0.0351562
0 0.465332 0.675781 0.0146484 0.03125
0 0.622559 0.546875 0.0224609 0.0273438
0 0.5625 0.610352 0.0234375 0.0253906
0 0.503906 0.410156 0.0117188 0.03125
0 0.447754 0.71582 0.0166016 0.0332031
0 0.501953 0.638672 0.0273438 0.0234375
0 0.495117 0.724121 0.0117188 0.0302734
0 0.52832 0.469727 0.0214844 0.0253906
0 0.548828 0.425293 0.0195312 0.0283203
0 0.496582 0.679688 0.0224609 0.0117188
0 0.582031 0.481445 0.0234375 0.0253906
0 0.479004 0.572266 0.0185547 0.015625
0 0.512695 0.553711 0.0175781 0.0214844
0 0.455078 0.669922 0.0234375 0.0234375
0 0.508789 0.732422 0.0136719 0.0234375
0 0.635742 0.501953 0.0136719 0.03125
0 0.442383 0.429688 0.0234375 0.0195312
0 0.454102 0.424316 0.015625 0.0322266
0 0.547363 0.529785 0.0263672 0.0224609
0 0.691406 0.526367 0.0234375 0.0214844
0 0.521484 0.569336 0.0117188 0.0332031
0 0.677734 0.660156 0.03125 0.0234375
0 0.572754 0.602051 0.0263672 0.0166016
0 0.492188 0.771484 0.015625 0.0351562
0 0.486328 0.446777 0.0195312 0.0166016
0 0.481445 0.591797 0.0175781 0.0234375
0 0.537109 0.477051 0.015625 0.0283203
0 0.493164 0.661621 0.0195312 0.0224609
0 0.483887 0.723633 0.0126953 0.0292969
0 0.516602 0.415039 0.0175781 0.0292969
0 0.645508 0.631836 0.0117188 0.0390625
0 0.503418 0.623047 0.0224609 0.015625
0 0.700195 0.500977 0.0175781 0.0371094
0 0.524902 0.717773 0.0263672 0.0175781
0 0.714844 0.503906 0.015625 0.0410156
0 0.599609 0.415527 0.015625 0.0302734
0 0.478516 0.748535 0.0117188 0.0380859
0 0.679688 0.530273 0.0234375 0.0253906
0 0.538086 0.743164 0.0214844 0.0273438
0 0.530273 0.53418 0.0175781 0.0273438
0 0.665039 0.559082 0.0136719 0.0322266
0 0.546875 0.38916 0.0292969 0.0205078
0 0.686523 0.475586 0.0136719 0.0351562
0 0.470215 0.405762 0.0244141 0.0244141
0 0.674805 0.576172 0.0214844 0.0390625
0 0.45166 0.54248 0.0185547 0.0263672
0 0.477539 0.546387 0.0253906 0.0166016
0 0.509766 0.602539 0.015625 0.0292969
0 0.433594 0.494629 0.015625 0.0341797
0 0.661621 0.642578 0.0126953 0.0390625
0 0.473633 0.526367 0.0234375 0.0292969
0 0.568359 0.559082 0.0195312 0.0224609
0 0.582031 0.70752 0.03125 0.0283203
0 0.499512 0.699219 0.0205078 0.0195312
0 0.431641 0.606934 0.03125 0.0244141
0 0.672852 0.547852 0.0136719 0.0292969
0 0.60791 0.507324 0.0146484 0.0400391
0 0.64209 0.456055 0.0126953 0.0351562
0 0.512695 0.694336 0.0136719 0.0332031
0 0.583008 0.458496 0.0175781 0.0263672
0 0.439941 0.491211 0.0166016 0.0371094
0 0.505859 0.478027 0.0234375 0.0185547
0 0.525391 0.38623 0.0273438 0.0166016
0 0.592285 0.514648 0.0244141 0.0234375
0 0.551758 0.559082 0.0214844 0.0224609
0 0.640625 0.661133 0.015625 0.0253906
0 0.422363 0.470215 0.0283203 0.0322266
0 0.498047 0.424805 0.0117188 0.0332031
0 0.5625 0.64502 0.0234375 0.0224609
0 0.61084 0.472656 0.0244141 0.015625
0 0.617188 0.558594 0.0195312 0.0371094
0 0.548828 0.756836 0.0273438 0.0195312
0 0.486328 0.644531 0.0234375 0.0195312
0 0.587891 0.627441 0.0234375 0.0146484
0 0.611816 0.865723 0.0166016 0.0322266
0 0.443359 0.666016 0.015625 0.0351562
0 0.572266 0.402832 0.0234375 0.0185547
0 0.678711 0.618652 0.0253906 0.0302734
0 0.456543 0.519531 0.0263672 0.0214844
0 0.564453 0.487305 0.0214844 0.0292969
0 0.521484 0.606934 0.0234375 0.0166016
0 0.619141 0.594727 0.015625 0.0273438
0 0.678223 0.635742 0.0224609 0.0292969
0 0.41748 0.498535 0.0166016 0.0341797
0 0.725586 0.561523 0.0234375 0.0292969
0 0.604492 0.662598 0.0253906 0.0244141
0 0.741211 0.545898 0.0195312 0.0253906
0 0.654297 0.439453 0.015625 0.0332031
0 0.551758 0.695312 0.0253906 0.0195312
0 0.746094 0.513184 0.0273438 0.0283203
0 0.540039 0.598633 0.0214844 0.0136719
0 0.574219 0.342773 0.0195312 0.0449219
0 0.59082 0.598633 0.0214844 0.0253906
0 0.505859 0.564453 0.0195312 0.0234375
0 0.605469 0.585449 0.0214844 0.0302734
0 0.511719 0.749023 0.0273438 0.0136719
0 0.660156 0.585938 0.0117188 0.0351562
0 0.562988 0.506836 0.0244141 0.0234375
0 0.430664 0.571289 0.0214844 0.0253906
0 0.616699 0.61377 0.0244141 0.0224609
0 0.569336 0.728516 0.0273438 0.015625
0 0.615234 0.634766 0.0273438 0.015625
0 0.557129 0.675781 0.0263672 0.0234375
0 0.532227 0.730957 0.0214844 0.0244141
0 0.727051 0.509766 0.0166016 0.0390625
0 0.545898 0.717773 0.0175781 0.0253906
0 0.279297 0.600098 0.0195312 0.0263672
0 0.434082 0.413086 0.0283203 0.0175781
0 0.695312 0.713867 0.03125 0.0234375
0 0.510742 0.498047 0.0214844 0.0273438
0 0.570312 0.433594 0.0195312 0.0332031
0 0.460449 0.746094 0.0263672 0.0195312
0 0.602539 0.549316 0.0175781 0.0361328
0 0.550781 0.770508 0.0292969 0.0214844
0 0.682129 0.499023 0.0224609 0.0253906
0 0.635254 0.689453 0.0166016 0.0351562
0 0.484863 0.611816 0.0224609 0.0244141
0 0.541016 0.548828 0.0253906 0.0195312
0 0.669434 0.606445 0.0166016 0.0332031
0 0.526367 0.455078 0.0234375 0.0253906
