0 0.600586 0.37207 0.0117188 0.0332031
0 0.61377 0.594727 0.0263672 0.0253906
0 0.686035 0.560547 0.0263672 0.0273438
0 0.614258 0.64502 0.015625 0.0400391
0 0.603027 0.351074 0.0263672 0.0419922
0 0.437988 0.520508 0.0302734 0.0605469
0 0.600098 0.604492 0.0126953 0.0371094
0 0.64209 0.319824 0.0361328 0.0322266
0 0.60498 0.630371 0.0322266 0.0341797
0 0.623535 0.541504 0.0263672 0.0400391
0 0.679688 0.321777 0.0410156 0.0302734
0 0.628906 0.341797 0.0371094 0.0253906
0 0.571777 0.374023 0.0205078 0.0683594
0 0.674805 0.289062 0.0351562 0.0429688
0 0.379395 0.649414 0.0302734 0.0546875
0 0.55957 0.474609 0.0253906 0.046875
0 0.600586 0.308105 0.03125 0.0498047
0 0.521484 0.37793 0.0351562 0.0410156
0 0.565918 0.775879 0.0224609 0.0439453
0 0.850098 0.464355 0.0458984 0.0595703
0 0.564453 0.829102 0.0214844 0.046875
0 0.601562 0.477539 0.0292969 0.0488281
0 0.680176 0.702637 0.0205078 0.0537109
