0 0.520508 0.583984 0.0195312 0.0234375
0 0.567383 0.383789 0.0234375 0.0214844
0 0.629883 0.534668 0.0175781 0.0263672
0 0.584961 0.396973 0.0253906 0.0224609
0 0.576172 0.383789 0.0273438 0.0214844
0 0.543457 0.486328 0.0146484 0.0351562
0 0.41748 0.562012 0.0283203 0.0283203
0 0.634277 0.471191 0.0166016 0.0322266
0 0.361328 0.524414 0.0292969 0.0253906
0 0.416016 0.311035 0.015625 0.0380859
0 0.517578 0.646484 0.0175781 0.0410156
0 0.583984 0.582031 0.03125 0.0214844
0 0.613281 0.443359 0.0292969 0.0292969
0 0.540039 0.600098 0.0195312 0.0380859
0 0.588379 0.429688 0.0263672 0.0214844
0 0.496094 0.414551 0.0175781 0.0380859
0 0.631836 0.518555 0.0175781 0.0410156
0 0.437012 0.512695 0.0302734 0.0273438
0 0.571289 0.634766 0.0195312 0.0410156
0 0.552734 0.365234 0.0253906 0.0292969
0 0.611816 0.464355 0.0302734 0.0224609
0 0.557129 0.40332 0.0263672 0.0292969
0 0.619629 0.375977 0.0322266 0.0234375
0 0.471191 0.533203 0.0283203 0.0195312
0 0.648926 0.515625 0.0263672 0.0292969
0 0.592285 0.535645 0.0263672 0.0322266
0 0.55957 0.57373 0.0195312 0.0439453
0 0.461914 0.594727 0.0195312 0.0371094
0 0.446777 0.568359 0.0224609 0.0292969
0 0.526855 0.324219 0.0263672 0.0253906
0 0.505371 0.552246 0.0263672 0.0302734
0 0.532227 0.460449 0.0175781 0.0400391
0 0.681641 0.408203 0.0253906 0.0253906
0 0.627441 0.312012 0.0244141 0.0419922
0 0.486328 0.559082 0.0214844 0.0439453
0 0.42334 0.53418 0.0224609 0.03125
0 0.515625 0.434082 0.0292969 0.0263672
0 0.457031 0.525391 0.0253906 0.0371094
0 0.52832 0.414551 0.03125 0.0244141
0 0.531738 0.373047 0.0224609 0.0351562
0 0.655273 0.422363 0.0253906 0.0361328
0 0.539062 0.64209 0.0214844 0.0380859
0 0.49707 0.606934 0.0253906 0.0302734
0 0.589844 0.456055 0.0195312 0.0351562
