0 0.583984 0.554199 0.0253906 0.00878906
0 0.581543 0.59375 0.0322266 0.0078125
0 0.529297 0.437012 0.0273438 0.00683594
0 0.350586 0.59375 0.0136719 0.0136719
0 0.394043 0.580078 0.0263672 0.015625
0 0.504883 0.45166 0.0214844 0.0146484
0 0.609863 0.584473 0.0205078 0.0166016
0 0.539062 0.428223 0.03125 0.0107422
0 0.48584 0.499512 0.0302734 0.00878906
0 0.466309 0.505371 0.0322266 0.00878906
0 0.588867 0.583984 0.03125 0.00976562
0 0.536133 0.456543 0.0234375 0.0166016
0 0.647949 0.497559 0.0380859 0.0126953
0 0.551758 0.445312 0.0195312 0.0175781
0 0.592773 0.467773 0.0234375 0.0136719
0 0.602539 0.50293 0.0351562 0.00976562
0 0.409668 0.550293 0.0224609 0.0146484
0 0.59082 0.570312 0.0234375 0.0175781
0 0.605469 0.51123 0.0332031 0.00878906
0 0.589355 0.477051 0.0263672 0.00878906
0 0.50293 0.437012 0.03125 0.0107422
0 0.529785 0.522949 0.0244141 0.0146484
0 0.454102 0.536621 0.0273438 0.0107422
0 0.396484 0.550293 0.0234375 0.0126953
0 0.338379 0.59082 0.0166016 0.0214844
0 0.518555 0.449707 0.015625 0.0185547
0 0.412598 0.586426 0.0205078 0.0185547
0 0.57666 0.566895 0.0322266 0.00878906
0 0.506348 0.463379 0.0205078 0.0166016
0 0.495605 0.456055 0.0224609 0.0136719
0 0.656738 0.511719 0.0166016 0.0175781
0 0.62793 0.503906 0.0175781 0.0175781
0 0.356445 0.583984 0.0253906 0.015625
0 0.528809 0.649902 0.0302734 0.0146484
0 0.602539 0.521973 0.0371094 0.0107422
0 0.339844 0.605469 0.0351562 0.0078125
0 0.311523 0.565918 0.0292969 0.0107422
0 0.609863 0.487305 0.0302734 0.00976562
0 0.464355 0.540039 0.0205078 0.0136719
0 0.405273 0.536133 0.0175781 0.015625
0 0.628418 0.524414 0.0205078 0.0175781
0 0.422363 0.602539 0.0224609 0.015625
0 0.40625 0.508789 0.0253906 0.015625
0 0.55957 0.513672 0.0273438 0.0136719
0 0.608887 0.461914 0.0185547 0.015625
0 0.419922 0.541016 0.015625 0.0175781
0 0.472656 0.435059 0.03125 0.0107422
0 0.38916 0.592773 0.0185547 0.015625
0 0.52832 0.467773 0.0292969 0.0078125
0 0.558594 0.461914 0.0273438 0.00976562
0 0.379395 0.522461 0.0302734 0.0136719
0 0.610352 0.641113 0.0175781 0.0185547
0 0.547852 0.611328 0.03125 0.0078125
0 0.483887 0.417969 0.0322266 0.0136719
0 0.598633 0.556641 0.0195312 0.015625
0 0.529297 0.547852 0.0136719 0.0195312
0 0.455566 0.498047 0.0341797 0.0078125
0 0.367188 0.49707 0.0292969 0.00976562
0 0.304688 0.574219 0.03125 0.00976562
0 0.643555 0.519043 0.0234375 0.0146484
0 0.352051 0.489258 0.0341797 0.00976562
0 0.510742 0.57666 0.0175781 0.0166016
0 0.35498 0.512207 0.0341797 0.00878906
0 0.584961 0.544434 0.0332031 0.0107422
0 0.5 0.523926 0.03125 0.0126953
0 0.359375 0.539062 0.0273438 0.0136719
0 0.530762 0.506348 0.0166016 0.0185547
0 0.596191 0.494141 0.0322266 0.00976562
0 0.401367 0.496582 0.0175781 0.0146484
0 0.328613 0.581543 0.0244141 0.0166016
0 0.558105 0.481445 0.0341797 0.0078125
0 0.348633 0.554688 0.0214844 0.0136719
0 0.537598 0.418457 0.0302734 0.0107422
0 0.450684 0.582031 0.0205078 0.015625
0 0.549316 0.503906 0.0283203 0.00976562
0 0.512207 0.547852 0.0185547 0.0175781
0 0.507812 0.506836 0.0234375 0.0175781
0 0.623535 0.560547 0.0224609 0.0175781
0 0.565918 0.57666 0.0283203 0.0126953
0 0.637695 0.581055 0.0195312 0.0195312
0 0.59668 0.619629 0.0253906 0.0166016
0 0.355957 0.566406 0.0302734 0.0117188
0 0.533691 0.577148 0.0263672 0.0136719
0 0.543457 0.535645 0.0185547 0.0166016
