0 0.405273 0.422363 0.0546875 0.0439453
0 0.314941 0.67334 0.0888672 0.0966797
0 0.699707 0.689941 0.118164 0.0380859
0 0.319336 0.0161133 0.0507812 0.0322266
0 0.734375 0.726562 0.103516 0.0527344
0 0.379395 0.673828 0.12793 0.0605469
0 0.396484 0.591797 0.0351562 0.0898438
0 0.363281 0.418945 0.046875 0.0800781
0 0.291016 0.650391 0.0878906 0.0957031
0 0.189941 0.268066 0.0556641 0.0927734
0 0.60498 0.227539 0.0634766 0.0761719
0 0.256348 0.237793 0.0439453 0.0810547
0 0.225586 0.677246 0.0488281 0.0849609
0 0.458496 0.489258 0.0830078 0.0742188
0 0.432617 0.449707 0.0722656 0.0908203
0 0.31543 0.21875 0.0683594 0.101562
0 0.54248 0.652344 0.0615234 0.0917969
0 0.481934 0.662598 0.0595703 0.0791016
0 0.26416 0.155762 0.0615234 0.0634766
0 0.764648 0.28418 0.121094 0.0625
0 0.493164 0.201172 0.0703125 0.103516
0 0.252441 0.40625 0.0673828 0.0683594
0 0.796387 0.471191 0.0927734 0.0634766
0 0.959473 0.536133 0.0771484 0.0742188
