0 0.888184 0.498047 0.0244141 0.0839844
0 0.473145 0.424316 0.0576172 0.0478516
0 0.439941 0.338379 0.0634766 0.0361328
0 0.529297 0.439941 0.0605469 0.0419922
0 0.443359 0.501953 0.0839844 0.09375
0 0.608887 0.341309 0.0595703 0.0498047
0 0.630859 0.40918 0.0546875 0.0605469
0 0.476562 0.563477 0.0546875 0.046875
0 0.508789 0.408203 0.0664062 0.0351562
0 0.483887 0.45752 0.0615234 0.0556641
1 0.377441 0.339844 0.19043 0.382812
0 0.471191 0.488281 0.0576172 0.0527344
0 0.585449 0.374512 0.0341797 0.0947266
0 0.567871 0.289062 0.0634766 0.0625
0 0.274902 0.443359 0.102539 0.0585938
0 0.310059 0.390625 0.0693359 0.078125
0 0.531738 0.301758 0.0478516 0.0917969
0 0.239258 0.334961 0.0507812 0.0957031
0 0.501953 0.522461 0.0429688 0.0683594
0 0.563965 0.413086 0.0361328 0.101562
0 0.722656 0.652344 0.046875 0.0683594
0 0.661133 0.65332 0.0742188 0.101562
0 0.550293 0.487305 0.0712891 0.0820312
0 0.59375 0.269531 0.0722656 0.0625
0 0.652832 0.396973 0.0419922 0.0810547
0 0.539551 0.734863 0.0712891 0.0654297
0 0.490723 0.26416 0.0458984 0.108398
0 0.26416 0.358887 0.0498047 0.0947266
0 0.76123 0.505859 0.0556641 0.0800781
