0 0.523926 0.276367 0.0224609 0.0605469
0 0.548828 0.300293 0.0292969 0.0419922
0 0.553711 0.622559 0.0214844 0.0615234
0 0.40918 0.422852 0.0273438 0.0351562
0 0.401367 0.443359 0.0214844 0.0546875
0 0.524902 0.23877 0.0302734 0.0361328
0 0.545898 0.391113 0.0273438 0.0341797
0 0.648926 0.367188 0.0302734 0.0527344
0 0.679688 0.558105 0.0214844 0.0458984
0 0.680664 0.609863 0.0234375 0.0439453
0 0.499023 0.320312 0.0273438 0.0292969
0 0.458984 0.486328 0.0253906 0.0410156
0 0.631348 0.350098 0.0263672 0.0419922
0 0.594727 0.398438 0.0214844 0.0527344
0 0.59082 0.553223 0.0351562 0.0341797
0 0.491211 0.665039 0.0214844 0.0546875
0 0.397461 0.385254 0.0273438 0.0498047
0 0.541992 0.347168 0.0234375 0.0400391
0 0.517578 0.336914 0.0175781 0.0546875
0 0.67627 0.462891 0.0244141 0.0351562
0 0.409668 0.615234 0.0185547 0.0566406
0 0.658203 0.433105 0.0273438 0.0458984
0 0.579102 0.434082 0.0332031 0.0380859
0 0.455078 0.346191 0.0195312 0.0517578
0 0.413086 0.558594 0.03125 0.0332031
0 0.447266 0.258301 0.0214844 0.0478516
0 0.467285 0.418457 0.0185547 0.0556641
0 0.679688 0.303711 0.0195312 0.0527344
0 0.675293 0.54834 0.0185547 0.0458984
0 0.380859 0.40918 0.0332031 0.0292969
0 0.391602 0.599609 0.0175781 0.0546875
0 0.544434 0.40918 0.0341797 0.0292969
0 0.48877 0.230957 0.0244141 0.0517578
0 0.612305 0.601562 0.0195312 0.0566406
0 0.528809 0.553223 0.0302734 0.0263672
0 0.386719 0.331543 0.0214844 0.0517578
0 0.498535 0.244629 0.0185547 0.0439453
0 0.559082 0.503906 0.0263672 0.0390625
0 0.646484 0.460938 0.0292969 0.0429688
0 0.569336 0.294922 0.0195312 0.0488281
0 0.416992 0.588867 0.0292969 0.0292969
0 0.375488 0.61377 0.0244141 0.0458984
0 0.377441 0.515137 0.0205078 0.0537109
0 0.544434 0.626953 0.0205078 0.0605469
0 0.577148 0.504395 0.0234375 0.0478516
0 0.547363 0.283691 0.0322266 0.0302734
0 0.589355 0.527832 0.0224609 0.0458984
0 0.48291 0.415039 0.0283203 0.0371094
0 0.341797 0.423828 0.0253906 0.0390625
0 0.585449 0.592285 0.0185547 0.0458984
0 0.689453 0.623047 0.0292969 0.0449219
0 0.459961 0.183105 0.0273438 0.0537109
0 0.722656 0.362305 0.0253906 0.0488281
0 0.697266 0.387207 0.0253906 0.0322266
0 0.711426 0.358398 0.0302734 0.0429688
0 0.505859 0.684082 0.0351562 0.0302734
0 0.460938 0.465332 0.0253906 0.0498047
0 0.654785 0.413574 0.0322266 0.0322266
0 0.55957 0.443848 0.0234375 0.0439453
0 0.422852 0.617188 0.0214844 0.0449219
0 0.575195 0.352051 0.0195312 0.0498047
0 0.642578 0.630859 0.0273438 0.0351562
0 0.634277 0.418945 0.0224609 0.0507812
0 0.509277 0.561035 0.0263672 0.0400391
0 0.477051 0.658691 0.0244141 0.0458984
0 0.389648 0.637695 0.0292969 0.0351562
0 0.661621 0.490234 0.0185547 0.0527344
0 0.59668 0.326172 0.0292969 0.03125
0 0.501953 0.363281 0.0234375 0.0566406
0 0.425781 0.688477 0.0195312 0.0625
0 0.677734 0.371582 0.0292969 0.0322266
0 0.695801 0.657715 0.0283203 0.0419922
0 0.692871 0.317383 0.0224609 0.0605469
0 0.499512 0.477539 0.0224609 0.0527344
0 0.409668 0.535156 0.0224609 0.0429688
0 0.652344 0.613281 0.0332031 0.0332031
0 0.626465 0.579102 0.0205078 0.0449219
0 0.406738 0.360352 0.0302734 0.03125
0 0.384766 0.783203 0.0253906 0.0507812
0 0.739258 0.669922 0.0351562 0.0371094
0 0.343262 0.661133 0.0302734 0.0332031
0 0.451172 0.30127 0.0273438 0.0419922
0 0.737305 0.506836 0.0195312 0.0585938
0 0.522461 0.712891 0.0253906 0.0410156
0 0.5 0.0996094 0.0214844 0.046875
0 0.478516 0.273926 0.03125 0.0478516
0 0.42334 0.447754 0.0302734 0.0341797
0 0.443359 0.40625 0.03125 0.0390625
0 0.649902 0.575684 0.0205078 0.0517578
0 0.658691 0.65332 0.0205078 0.0605469
0 0.518555 0.756348 0.0195312 0.0576172
0 0.622559 0.648438 0.0322266 0.0332031
0 0.519531 0.599121 0.0214844 0.0498047
0 0.62207 0.44873 0.0273438 0.0478516
0 0.643555 0.508301 0.0273438 0.0361328
0 0.496582 0.797363 0.0322266 0.0361328
0 0.522461 0.526855 0.0234375 0.0537109
0 0.378906 0.379395 0.0253906 0.0478516
0 0.486328 0.546875 0.0273438 0.0429688
0 0.588867 0.296875 0.0292969 0.0429688
0 0.491211 0.17334 0.0253906 0.0498047
0 0.368652 0.661621 0.0244141 0.0556641
0 0.390137 0.726562 0.0263672 0.0488281
0 0.619141 0.504395 0.0253906 0.0419922
