0 0.488281 0.441406 0.0332031 0.0449219
0 0.421875 0.522949 0.0761719 0.0302734
1 0.407227 0.458496 0.136719 0.0498047
0 0.474609 0.419434 0.03125 0.0458984
0 0.495117 0.348633 0.0429688 0.0507812
0 0.484375 0.98584 0.0605469 0.0283203
0 0.456543 0.633301 0.0869141 0.0498047
0 0.366211 0.424805 0.0703125 0.0273438
0 0.464844 0.612793 0.0703125 0.0302734
0 0.437012 0.390625 0.0673828 0.0605469
0 0.513672 0.429199 0.03125 0.0419922
0 0.410645 0.654785 0.0771484 0.0478516
0 0.483398 0.575195 0.046875 0.046875
0 0.542969 0.45166 0.0292969 0.0458984
0 0.236328 0.40332 0.0839844 0.03125
0 0.475098 0.312988 0.0341797 0.0458984
0 0.333984 0.606445 0.0527344 0.0605469
0 0.259766 0.658691 0.0625 0.0478516
0 0.299805 0.669922 0.0429688 0.0585938
