0 0.466797 0.458984 0.0195312 0.0351562
0 0.338379 0.33252 0.0263672 0.0341797
0 0.247559 0.348145 0.0283203 0.0263672
0 0.528809 0.617676 0.0224609 0.0341797
0 0.492188 0.556641 0.0214844 0.0371094
0 0.360352 0.424805 0.0175781 0.0449219
0 0.375977 0.420898 0.0175781 0.0507812
0 0.457031 0.566406 0.0351562 0.0214844
0 0.34375 0.527344 0.0253906 0.0449219
0 0.498047 0.359375 0.0410156 0.0195312
0 0.476562 0.479004 0.015625 0.0419922
0 0.467773 0.533203 0.0273438 0.0234375
0 0.414062 0.558105 0.0214844 0.0341797
0 0.480957 0.64502 0.0302734 0.0205078
0 0.414551 0.30957 0.0146484 0.0390625
0 0.394531 0.431152 0.0175781 0.0458984
0 0.416992 0.602539 0.03125 0.0175781
0 0.287109 0.311035 0.0195312 0.0439453
0 0.53125 0.364746 0.0214844 0.0380859
0 0.319824 0.344238 0.0146484 0.0341797
0 0.433105 0.312988 0.0263672 0.0283203
0 0.292969 0.358398 0.03125 0.0292969
0 0.532227 0.553223 0.015625 0.0400391
0 0.473145 0.602051 0.0263672 0.0205078
0 0.44043 0.715332 0.0136719 0.0400391
0 0.328125 0.307617 0.0332031 0.0292969
0 0.462402 0.346191 0.0380859 0.0185547
0 0.483398 0.516602 0.0234375 0.03125
0 0.445801 0.539062 0.0185547 0.0273438
0 0.433105 0.344727 0.0146484 0.0429688
0 0.331055 0.560059 0.0273438 0.0380859
0 0.45752 0.400879 0.0185547 0.0458984
0 0.470215 0.307129 0.0498047 0.0302734
0 0.244629 0.325195 0.0302734 0.0292969
0 0.379883 0.478516 0.0136719 0.0429688
0 0.461914 0.424316 0.0253906 0.0400391
0 0.415039 0.352051 0.0371094 0.0458984
0 0.518066 0.55957 0.0185547 0.0390625
0 0.498047 0.653809 0.0332031 0.0263672
0 0.385742 0.567871 0.03125 0.0244141
0 0.547852 0.585449 0.0175781 0.0576172
0 0.628906 0.539062 0.0214844 0.0234375
0 0.328125 0.537598 0.0292969 0.0341797
0 0.416016 0.540527 0.0234375 0.0380859
0 0.488281 0.584961 0.0253906 0.0351562
0 0.494141 0.498047 0.0214844 0.0488281
0 0.224121 0.343262 0.0205078 0.0380859
0 0.457031 0.721191 0.0234375 0.0498047
0 0.359375 0.572266 0.0292969 0.0410156
0 0.304199 0.533691 0.0302734 0.0361328
0 0.268555 0.328125 0.0332031 0.03125
0 0.411621 0.479492 0.0322266 0.0410156
0 0.373047 0.335938 0.0390625 0.0234375
0 0.418945 0.458496 0.0214844 0.0419922
0 0.515137 0.598633 0.0302734 0.0234375
0 0.518555 0.525391 0.03125 0.0253906
0 0.547363 0.360352 0.0283203 0.0371094
0 0.516113 0.338867 0.0400391 0.0175781
0 0.510254 0.316406 0.0380859 0.0234375
0 0.427734 0.508789 0.0351562 0.0195312
0 0.473633 0.330078 0.0390625 0.015625
0 0.558594 0.563477 0.0214844 0.0429688
0 0.51709 0.654785 0.0322266 0.0361328
0 0.502441 0.265625 0.0205078 0.046875
0 0.585938 0.648926 0.0371094 0.0302734
