0 0.380371 0.675293 0.0263672 0.0439453
0 0.462891 0.613281 0.0234375 0.0390625
0 0.411621 0.381836 0.0224609 0.0449219
0 0.572266 0.32666 0.0195312 0.0654297
0 0.449219 0.416992 0.03125 0.0332031
0 0.458008 0.598633 0.0253906 0.0292969
0 0.446777 0.443848 0.0302734 0.0302734
0 0.369629 0.693359 0.0185547 0.0566406
0 0.42627 0.397461 0.0263672 0.0371094
0 0.316895 0.347168 0.0263672 0.0322266
0 0.488281 0.588867 0.015625 0.0507812
0 0.378418 0.639648 0.0244141 0.046875
0 0.371094 0.433105 0.03125 0.0380859
0 0.364746 0.498535 0.0166016 0.0498047
0 0.368652 0.59668 0.0263672 0.0410156
0 0.38623 0.692383 0.0205078 0.0332031
0 0.561523 0.326172 0.0175781 0.0703125
0 0.378418 0.285156 0.0224609 0.0664062
0 0.414551 0.676758 0.0205078 0.0488281
0 0.422852 0.478516 0.0214844 0.0390625
0 0.361816 0.674805 0.0244141 0.0449219
0 0.492676 0.35791 0.0205078 0.0556641
0 0.391602 0.45166 0.0195312 0.0576172
0 0.473633 0.564453 0.0214844 0.0351562
0 0.362793 0.401367 0.0224609 0.0527344
0 0.487305 0.661621 0.0175781 0.0576172
0 0.322754 0.311523 0.0205078 0.0585938
0 0.500977 0.577148 0.0175781 0.0566406
0 0.438965 0.644531 0.0341797 0.0371094
0 0.411621 0.494629 0.0244141 0.0322266
0 0.369141 0.575195 0.0253906 0.0429688
0 0.47998 0.59082 0.0185547 0.0527344
0 0.472168 0.416992 0.0283203 0.0292969
0 0.399902 0.365234 0.0322266 0.0332031
0 0.584473 0.322754 0.0322266 0.0595703
0 0.28418 0.426758 0.0292969 0.0253906
0 0.366211 0.646484 0.0292969 0.0195312
0 0.450195 0.535156 0.03125 0.0507812
0 0.734375 0.411621 0.0195312 0.0576172
0 0.34375 0.657227 0.0234375 0.0351562
0 0.380371 0.604492 0.0166016 0.0585938
0 0.374512 0.365234 0.0244141 0.0332031
0 0.459473 0.541016 0.0224609 0.046875
0 0.540039 0.759766 0.0175781 0.0585938
0 0.363281 0.849609 0.0292969 0.0566406
0 0.40332 0.416992 0.0175781 0.0566406
0 0.391113 0.480469 0.0166016 0.0546875
0 0.612793 0.35498 0.0205078 0.0439453
0 0.351562 0.637207 0.0292969 0.0244141
0 0.532715 0.793945 0.0224609 0.0488281
0 0.479492 0.67041 0.0253906 0.0576172
0 0.336914 0.332031 0.0214844 0.046875
0 0.463867 0.516602 0.0175781 0.0527344
0 0.645508 0.556152 0.0253906 0.0478516
0 0.371094 0.331055 0.0273438 0.0605469
0 0.42627 0.519531 0.0244141 0.0273438
0 0.498535 0.65918 0.0244141 0.0566406
0 0.442383 0.366211 0.0214844 0.0585938
0 0.341309 0.416016 0.0205078 0.0625
0 0.45752 0.577148 0.0263672 0.0488281
0 0.352539 0.620117 0.0292969 0.0253906
0 0.420898 0.446777 0.0292969 0.0283203
0 0.400391 0.667969 0.0214844 0.0546875
0 0.432129 0.581055 0.0244141 0.0566406
0 0.375488 0.410645 0.0302734 0.0341797
0 0.415527 0.528809 0.0224609 0.0380859
0 0.514648 0.754883 0.0273438 0.0449219
0 0.537109 0.714844 0.0234375 0.0546875
0 0.550781 0.452637 0.0214844 0.0576172
0 0.326172 0.676758 0.0195312 0.0605469
0 0.286621 0.443848 0.0244141 0.0380859
0 0.488281 0.391113 0.0234375 0.0478516
0 0.303711 0.538086 0.0253906 0.0566406
0 0.394531 0.519531 0.03125 0.0273438
0 0.275879 0.649414 0.0302734 0.0410156
0 0.364746 0.46582 0.0205078 0.0429688
0 0.347168 0.560547 0.0166016 0.0585938
0 0.496582 0.471191 0.0185547 0.0576172
0 0.644043 0.533203 0.0244141 0.0507812
0 0.48877 0.312012 0.0283203 0.0400391
0 0.458984 0.373535 0.0234375 0.0419922
0 0.412598 0.643555 0.0205078 0.0371094
0 0.273438 0.40918 0.0273438 0.0507812
0 0.720703 0.723633 0.0214844 0.0527344
0 0.616211 0.526367 0.0332031 0.0390625
0 0.333008 0.576172 0.0214844 0.0507812
0 0.512695 0.597656 0.0292969 0.03125
0 0.433105 0.659668 0.0361328 0.0302734
0 0.488281 0.736328 0.03125 0.0332031
0 0.325195 0.531738 0.0273438 0.0576172
0 0.589844 0.677734 0.0195312 0.0625
0 0.405762 0.308105 0.0361328 0.0361328
0 0.441406 0.618652 0.03125 0.0283203
0 0.411621 0.910645 0.0244141 0.0595703
0 0.599121 0.639648 0.0263672 0.0507812
0 0.511719 0.368652 0.0273438 0.0478516
0 0.500977 0.618652 0.0332031 0.0283203
0 0.55127 0.558594 0.0244141 0.0605469
0 0.654785 0.696777 0.0341797 0.0634766
0 0.625 0.619629 0.03125 0.0400391
0 0.400391 0.59082 0.0195312 0.0527344
0 0.470703 0.440918 0.0273438 0.0361328
0 0.529297 0.286133 0.03125 0.0449219
0 0.370117 0.750977 0.03125 0.0332031
0 0.379395 0.547852 0.0322266 0.0292969
0 0.503906 0.719238 0.03125 0.0322266
0 0.459473 0.47998 0.0341797 0.0322266
0 0.293945 0.763672 0.0214844 0.0546875
0 0.433594 0.699707 0.0234375 0.0517578
0 0.550293 0.792969 0.0263672 0.0507812
0 0.348633 0.735352 0.0253906 0.0449219
0 0.472168 0.284668 0.0263672 0.0419922
0 0.334473 0.5 0.0283203 0.0449219
0 0.299316 0.833984 0.0341797 0.046875
0 0.55957 0.425781 0.0253906 0.0546875
0 0.572266 0.38623 0.0332031 0.0361328
0 0.341309 0.46582 0.0283203 0.0410156
0 0.309082 0.630859 0.0322266 0.046875
