0 0.525879 0.628418 0.0146484 0.0361328
0 0.501953 0.488281 0.0136719 0.0390625
0 0.505859 0.510254 0.0195312 0.0322266
0 0.572754 0.774414 0.0166016 0.0332031
0 0.360352 0.506348 0.0136719 0.0458984
0 0.424316 0.714844 0.0244141 0.0273438
0 0.455566 0.445801 0.0185547 0.0400391
0 0.581055 0.685059 0.0214844 0.0361328
0 0.395996 0.423828 0.0126953 0.0429688
0 0.489258 0.523926 0.0234375 0.0263672
0 0.455078 0.405273 0.015625 0.0410156
0 0.463867 0.74707 0.0214844 0.0214844
0 0.354004 0.51123 0.0146484 0.0498047
0 0.571289 0.678711 0.0136719 0.0390625
0 0.551758 0.791992 0.0253906 0.0292969
0 0.37793 0.773438 0.0234375 0.0234375
0 0.488281 0.769043 0.015625 0.0361328
0 0.581055 0.479492 0.0136719 0.0390625
0 0.513184 0.536133 0.0185547 0.046875
0 0.505859 0.534668 0.0214844 0.0458984
0 0.514648 0.502441 0.0214844 0.0400391
0 0.371582 0.789551 0.0185547 0.0185547
0 0.365723 0.51709 0.0166016 0.0458984
0 0.407227 0.368164 0.0214844 0.0273438
0 0.522461 0.619629 0.0136719 0.0517578
0 0.51123 0.480469 0.0205078 0.0390625
0 0.400391 0.447754 0.015625 0.0419922
0 0.354492 0.480957 0.0136719 0.0439453
0 0.523438 0.757812 0.015625 0.0390625
0 0.383301 0.344727 0.0244141 0.0253906
0 0.565918 0.764648 0.0146484 0.0371094
0 0.45166 0.78418 0.0263672 0.0214844
0 0.542969 0.763672 0.0234375 0.0273438
0 0.466309 0.480469 0.0166016 0.046875
0 0.588867 0.731934 0.0175781 0.0283203
0 0.40918 0.798828 0.0136719 0.0371094
0 0.503906 0.72168 0.0234375 0.0175781
0 0.53125 0.587891 0.0234375 0.03125
0 0.37207 0.47168 0.0175781 0.0429688
0 0.506836 0.765625 0.0253906 0.0273438
0 0.356445 0.563965 0.0175781 0.0322266
0 0.561035 0.736816 0.0146484 0.0439453
0 0.442383 0.420898 0.0136719 0.0410156
0 0.365234 0.476562 0.015625 0.0449219
0 0.450195 0.388672 0.0175781 0.03125
0 0.500977 0.748047 0.0234375 0.0234375
0 0.378418 0.383789 0.0185547 0.0410156
0 0.576172 0.720703 0.015625 0.0390625
0 0.489746 0.322754 0.0146484 0.0419922
0 0.540039 0.746094 0.0253906 0.0234375
0 0.501953 0.783691 0.0234375 0.0263672
0 0.48584 0.538086 0.0224609 0.0371094
0 0.580078 0.316895 0.0136719 0.0361328
0 0.341797 0.665039 0.015625 0.0449219
0 0.793945 0.0795898 0.0292969 0.0263672
0 0.587402 0.759277 0.0126953 0.0419922
0 0.450684 0.604492 0.0166016 0.0488281
0 0.462402 0.449219 0.0224609 0.0410156
0 0.36377 0.775391 0.0185547 0.0234375
0 0.40625 0.432129 0.0175781 0.0517578
0 0.541016 0.607422 0.0195312 0.0390625
0 0.397949 0.785645 0.0166016 0.0380859
0 0.416992 0.769531 0.0214844 0.03125
0 0.509766 0.711914 0.0273438 0.0253906
0 0.468262 0.729004 0.0185547 0.0302734
0 0.546875 0.799805 0.0273438 0.0214844
0 0.371094 0.0639648 0.015625 0.0439453
0 0.489258 0.487305 0.0175781 0.0488281
0 0.427246 0.727539 0.0185547 0.0410156
0 0.513672 0.59668 0.0234375 0.0273438
0 0.37793 0.675293 0.0175781 0.0361328
0 0.385742 0.446289 0.0195312 0.0390625
0 0.544922 0.644531 0.0214844 0.03125
0 0.450195 0.754395 0.0214844 0.0205078
0 0.483398 0.383789 0.0214844 0.0371094
0 0.497559 0.561523 0.0205078 0.0371094
0 0.388184 0.465332 0.0185547 0.0380859
0 0.540039 0.727539 0.0253906 0.0234375
0 0.336426 0.517578 0.0146484 0.0449219
0 0.469238 0.380371 0.0224609 0.0361328
0 0.342773 0.546875 0.0253906 0.03125
0 0.385742 0.79248 0.0234375 0.0224609
0 0.576172 0.655273 0.0195312 0.0390625
0 0.513672 0.580078 0.0234375 0.0273438
0 0.394043 0.373047 0.0244141 0.0292969
0 0.378418 0.361328 0.0224609 0.0273438
0 0.588867 0.70752 0.0214844 0.0322266
0 0.577148 0.745117 0.0136719 0.0371094
0 0.359375 0.543457 0.0253906 0.0244141
0 0.427246 0.0556641 0.0244141 0.0214844
0 0.481445 0.49707 0.0136719 0.0449219
0 0.400391 0.82373 0.015625 0.0458984
0 0.39209 0.757812 0.0244141 0.0234375
0 0.353027 0.638672 0.0166016 0.0410156
0 0.467285 0.770508 0.0185547 0.0332031
0 0.349121 0.681152 0.0224609 0.0263672
0 0.594727 0.322266 0.0273438 0.0273438
0 0.48291 0.750977 0.0166016 0.0410156
0 0.553223 0.665039 0.0224609 0.0292969
0 0.439941 0.772461 0.0224609 0.0292969
0 0.408203 0.677734 0.0175781 0.0429688
0 0.434082 0.599121 0.0126953 0.0400391
0 0.556641 0.636719 0.015625 0.0488281
0 0.477539 0.615234 0.0175781 0.046875
0 0.378906 0.719727 0.0136719 0.0410156
0 0.616211 0.297852 0.0175781 0.0488281
0 0.561523 0.523438 0.015625 0.046875
0 0.525391 0.486328 0.015625 0.046875
0 0.464355 0.410645 0.0185547 0.0380859
0 0.36377 0.667969 0.0146484 0.0429688
0 0.519043 0.731934 0.0263672 0.0224609
0 0.593262 0.673828 0.0205078 0.0273438
0 0.416016 0.566406 0.015625 0.0332031
0 0.495605 0.338867 0.0166016 0.0449219
0 0.519531 0.306152 0.015625 0.0478516
0 0.450195 0.732422 0.0214844 0.0351562
0 0.33252 0.607422 0.0185547 0.0390625
0 0.42041 0.543945 0.0244141 0.0292969
0 0.458496 0.487305 0.0224609 0.0371094
0 0.646484 0.586426 0.0273438 0.0283203
0 0.387695 0.0791016 0.0253906 0.0214844
0 0.415039 0.649414 0.0195312 0.0371094
0 0.491699 0.397461 0.0244141 0.0371094
0 0.364746 0.737305 0.0283203 0.0253906
0 0.458984 0.710449 0.0234375 0.0244141
0 0.475098 0.671875 0.0166016 0.046875
0 0.635742 0.467773 0.0253906 0.0371094
0 0.380371 0.570801 0.0166016 0.0458984
0 0.705078 0.1875 0.03125 0.03125
0 0.469238 0.433594 0.0263672 0.03125
0 0.360352 0.333496 0.015625 0.0498047
0 0.365723 0.62793 0.0146484 0.0410156
0 0.382812 0.806641 0.0195312 0.0253906
0 0.611328 0.521973 0.0214844 0.0458984
0 0.416992 0.35791 0.0273438 0.0244141
0 0.420898 0.59082 0.0234375 0.0332031
0 0.598633 0.633789 0.0175781 0.0449219
0 0.35791 0.701172 0.0146484 0.0390625
0 0.364258 0.582031 0.0136719 0.0429688
0 0.53418 0.779785 0.0253906 0.0224609
0 0.353516 0.381348 0.0195312 0.0341797
0 0.385742 0.399902 0.0214844 0.0380859
0 0.575195 0.79541 0.0214844 0.0263672
0 0.406738 0.493652 0.0185547 0.0439453
0 0.53418 0.574219 0.0253906 0.0292969
0 0.480469 0.316406 0.015625 0.0507812
0 0.397949 0.620605 0.0146484 0.0458984
0 0.518555 0.454102 0.0292969 0.0292969
0 0.479004 0.350586 0.0263672 0.0253906
0 0.566406 0.566406 0.015625 0.0507812
0 0.351562 0.82666 0.0234375 0.0380859
0 0.394531 0.325684 0.0273438 0.0283203
0 0.355469 0.754883 0.0195312 0.0292969
0 0.361328 0.402344 0.0273438 0.0292969
0 0.420898 0.683594 0.0175781 0.0390625
0 0.300293 0.502441 0.0166016 0.0380859
0 0.499023 0.800781 0.0234375 0.0273438
0 0.313965 0.470703 0.0166016 0.0351562
0 0.438965 0.654297 0.0205078 0.03125
0 0.422852 0.77832 0.0195312 0.0371094
0 0.666016 0.572266 0.015625 0.0449219
0 0.34082 0.579102 0.0214844 0.0351562
0 0.428223 0.629883 0.0244141 0.0351562
0 0.618164 0.251953 0.0273438 0.0429688
0 0.376953 0.754883 0.0234375 0.0351562
0 0.347656 0.470703 0.0175781 0.0410156
0 0.444824 0.362793 0.0244141 0.0380859
0 0.621094 0.466309 0.0195312 0.0419922
0 0.38916 0.691895 0.0185547 0.0419922
0 0.59375 0.575684 0.0253906 0.0283203
0 0.560059 0.816406 0.0205078 0.03125
0 0.339844 0.625488 0.0234375 0.0322266
0 0.55957 0.37793 0.0292969 0.0332031
0 0.402344 0.552734 0.0214844 0.0371094
0 0.404297 0.525879 0.0195312 0.0419922
0 0.557617 0.603516 0.0214844 0.0351562
0 0.405273 0.34668 0.0273438 0.0273438
0 0.40918 0.388672 0.0234375 0.0371094
0 0.348145 0.59668 0.0205078 0.0371094
0 0.610352 0.565918 0.0214844 0.0400391
0 0.54248 0.825195 0.0263672 0.0292969
0 0.590332 0.295898 0.0302734 0.0292969
