0 0.568848 0.504883 0.0576172 0.0195312
0 0.548828 0.480469 0.0292969 0.0214844
0 0.643555 0.673828 0.0292969 0.0449219
0 0.430664 0.517578 0.0195312 0.0410156
0 0.710938 0.855469 0.0292969 0.0449219
0 0.675781 0.541016 0.0292969 0.0332031
0 0.562012 0.621094 0.0517578 0.0292969
0 0.560547 0.467285 0.0234375 0.0302734
0 0.695312 0.82666 0.0253906 0.0439453
0 0.59082 0.762695 0.0546875 0.0195312
0 0.638184 0.580566 0.0458984 0.0185547
0 0.587402 0.641602 0.0205078 0.0390625
0 0.316406 0.493652 0.0410156 0.0146484
0 0.665039 0.70459 0.0585938 0.0302734
0 0.69043 0.733398 0.03125 0.0351562
0 0.179688 0.616699 0.0332031 0.0419922
0 0.411133 0.699707 0.0507812 0.0263672
