0 0.504883 0.665039 0.0351562 0.03125
0 0.508789 0.533691 0.015625 0.0517578
0 0.467773 0.519531 0.0175781 0.0488281
0 0.455566 0.274902 0.0322266 0.0283203
0 0.520996 0.671875 0.0302734 0.0273438
0 0.456543 0.360352 0.0302734 0.0390625
0 0.314453 0.493652 0.0253906 0.0302734
0 0.428223 0.591797 0.0146484 0.046875
0 0.487793 0.422363 0.0263672 0.0302734
0 0.396484 0.618164 0.0214844 0.0488281
0 0.446777 0.345703 0.0224609 0.0253906
0 0.352539 0.555176 0.0195312 0.0517578
0 0.52832 0.606934 0.0273438 0.0341797
0 0.519531 0.494141 0.0175781 0.0527344
0 0.516113 0.611816 0.0302734 0.0322266
0 0.423828 0.566406 0.03125 0.0390625
0 0.407227 0.445312 0.015625 0.0546875
0 0.341309 0.511719 0.0185547 0.0429688
0 0.473633 0.442383 0.0351562 0.0273438
0 0.360352 0.598633 0.0292969 0.0371094
0 0.526367 0.438965 0.0292969 0.0400391
0 0.505859 0.568359 0.0195312 0.0410156
0 0.483398 0.598145 0.0234375 0.0302734
0 0.391602 0.495117 0.0195312 0.0507812
0 0.588379 0.487305 0.0361328 0.0332031
0 0.535645 0.574219 0.0283203 0.0234375
0 0.567383 0.330566 0.0175781 0.0693359
0 0.565918 0.628418 0.0302734 0.0322266
0 0.516113 0.53418 0.0205078 0.0507812
0 0.492676 0.731445 0.0302734 0.0390625
0 0.441895 0.586426 0.0205078 0.0419922
0 0.443359 0.652344 0.0234375 0.0488281
0 0.547363 0.625977 0.0185547 0.0664062
0 0.483887 0.35791 0.0283203 0.0263672
0 0.516113 0.395996 0.0322266 0.0400391
0 0.476074 0.47168 0.0205078 0.0488281
0 0.515625 0.171387 0.0292969 0.0341797
0 0.526367 0.0351562 0.03125 0.0429688
0 0.4375 0.679688 0.03125 0.0234375
0 0.555176 0.741211 0.0302734 0.0351562
0 0.577148 0.212891 0.0253906 0.0390625
0 0.546387 0.402832 0.0283203 0.0302734
0 0.443848 0.332031 0.0283203 0.0253906
0 0.472656 0.493652 0.0195312 0.0498047
0 0.509766 0.369141 0.0273438 0.0332031
0 0.514648 0.579102 0.0195312 0.0410156
0 0.46875 0.757324 0.0195312 0.0478516
0 0.550781 0.731934 0.0273438 0.0361328
0 0.578125 0.336426 0.0175781 0.0634766
0 0.374512 0.478027 0.0205078 0.0537109
0 0.60498 0.229004 0.0263672 0.0556641
0 0.504883 0.740234 0.0253906 0.03125
0 0.528809 0.374023 0.0205078 0.0410156
0 0.49707 0.761719 0.0253906 0.0371094
0 0.41748 0.432617 0.0185547 0.0625
0 0.527344 0.646484 0.03125 0.03125
0 0.57373 0.740234 0.0205078 0.0644531
0 0.453125 0.474609 0.0273438 0.0371094
0 0.413086 0.617676 0.0253906 0.0439453
0 0.470215 0.572754 0.0322266 0.0302734
0 0.495117 0.620117 0.0234375 0.046875
0 0.450195 0.583496 0.0195312 0.0478516
0 0.358398 0.487305 0.0175781 0.0585938
0 0.480957 0.722656 0.0224609 0.0371094
0 0.347168 0.482422 0.0244141 0.0566406
0 0.409668 0.565918 0.0302734 0.0341797
0 0.337891 0.543457 0.03125 0.0380859
0 0.44873 0.710938 0.0302734 0.0371094
0 0.577637 0.397461 0.0185547 0.0625
0 0.531738 0.413086 0.0205078 0.0429688
0 0.311523 0.530762 0.0371094 0.0380859
0 0.494629 0.26123 0.0224609 0.0556641
0 0.479004 0.320312 0.0341797 0.0273438
0 0.566895 0.590332 0.0205078 0.0517578
0 0.446777 0.315918 0.0283203 0.0263672
0 0.28125 0.466797 0.0195312 0.0527344
0 0.478516 0.117188 0.0234375 0.0703125
0 0.469727 0.787109 0.0292969 0.0253906
0 0.383301 0.617188 0.0263672 0.0351562
0 0.469238 0.606934 0.0263672 0.0439453
0 0.602051 0.599609 0.0224609 0.0507812
0 0.334961 0.576172 0.0234375 0.0546875
0 0.366699 0.552734 0.0244141 0.0488281
0 0.464844 0.719238 0.0273438 0.0380859
0 0.484375 0.549316 0.0175781 0.0556641
0 0.452148 0.746094 0.0253906 0.0390625
0 0.555664 0.313477 0.0214844 0.0605469
0 0.484375 0.676758 0.0175781 0.0507812
0 0.595703 0.584473 0.0253906 0.0478516
0 0.462891 0.644531 0.03125 0.0273438
0 0.574707 0.830078 0.0302734 0.03125
0 0.57666 0.809082 0.0244141 0.0537109
0 0.39502 0.456543 0.0263672 0.0478516
0 0.433594 0.619629 0.0273438 0.0400391
0 0.595215 0.343262 0.0263672 0.0498047
0 0.359375 0.615723 0.0273438 0.0419922
0 0.467773 0.393066 0.0332031 0.0302734
0 0.535156 0.695312 0.0214844 0.046875
0 0.371094 0.574219 0.0214844 0.0488281
0 0.548828 0.581543 0.0292969 0.0322266
0 0.446777 0.430664 0.0263672 0.0273438
0 0.431152 0.656738 0.0244141 0.0419922
0 0.589844 0.242676 0.0234375 0.0537109
0 0.50293 0.646484 0.0332031 0.0332031
0 0.464844 0.815918 0.0214844 0.0498047
0 0.384277 0.727539 0.0263672 0.0546875
0 0.54541 0.362305 0.0224609 0.0410156
0 0.330566 0.49707 0.0185547 0.046875
0 0.441406 0.453125 0.03125 0.0292969
0 0.564941 0.380371 0.0244141 0.0400391
0 0.586426 0.456055 0.0322266 0.0371094
0 0.443848 0.537598 0.0322266 0.0341797
0 0.309082 0.503906 0.0302734 0.0371094
0 0.50293 0.6875 0.0253906 0.0371094
0 0.455078 0.507812 0.0253906 0.046875
0 0.340332 0.259277 0.0205078 0.0595703
0 0.521484 0.746094 0.0195312 0.0507812
0 0.524902 0.050293 0.0322266 0.0361328
0 0.453613 0.29541 0.0322266 0.0322266
0 0.466309 0.255859 0.0224609 0.0488281
0 0.484863 0.282715 0.0224609 0.0498047
0 0.536621 0.496094 0.0283203 0.0351562
0 0.589844 0.635742 0.0253906 0.0410156
0 0.549316 0.525879 0.0224609 0.0380859
0 0.516602 0.194824 0.0273438 0.0693359
0 0.48584 0.769531 0.0263672 0.03125
0 0.513672 0.12207 0.0253906 0.0546875
0 0.519043 0.706543 0.0244141 0.0380859
0 0.641602 0.827637 0.0214844 0.0576172
0 0.429199 0.48584 0.0205078 0.0517578
0 0.431152 0.289551 0.0224609 0.0498047
0 0.329102 0.61377 0.03125 0.0498047
0 0.541016 0.544922 0.0234375 0.0488281
0 0.240234 0.253906 0.0253906 0.0664062
0 0.311035 0.424805 0.0341797 0.0351562
0 0.504883 0.231934 0.0195312 0.0615234
0 0.287109 0.5 0.0195312 0.0507812
0 0.665039 0.681641 0.0351562 0.0429688
0 0.56543 0.253906 0.0253906 0.0546875
0 0.361816 0.450195 0.0322266 0.0351562
0 0.343262 0.171387 0.0322266 0.0400391
0 0.629883 0.541504 0.0351562 0.0498047
0 0.446777 0.775391 0.0244141 0.046875
0 0.28125 0.274414 0.0234375 0.0507812
0 0.576172 0.270508 0.0273438 0.046875
0 0.493164 0.398438 0.0195312 0.0507812
0 0.556641 0.459473 0.0195312 0.0537109
0 0.439453 0.253418 0.0332031 0.0322266
0 0.47168 0.340332 0.03125 0.0283203
0 0.393555 0.579102 0.0234375 0.0507812
0 0.307617 0.466309 0.0332031 0.0341797
0 0.589355 0.508301 0.0322266 0.0419922
0 0.717773 0.806641 0.0351562 0.0371094
0 0.525391 0.333984 0.0234375 0.0507812
0 0.255371 0.291504 0.0322266 0.0380859
0 0.475586 0.165039 0.0332031 0.0390625
0 0.505371 0.0288086 0.0244141 0.0556641
0 0.534668 0.246582 0.0302734 0.0458984
0 0.503906 0.462402 0.0234375 0.0478516
0 0.535645 0.116211 0.0302734 0.0546875
0 0.364258 0.0981445 0.0234375 0.0634766
0 0.43457 0.123047 0.0273438 0.0644531
0 0.399902 0.662598 0.0283203 0.0439453
0 0.484863 0.838379 0.0302734 0.0419922
0 0.453613 0.949219 0.0283203 0.0527344
0 0.59668 0.394043 0.0253906 0.0478516
0 0.405273 0.129883 0.0292969 0.0488281
0 0.611328 0.438477 0.0332031 0.0410156
0 0.298828 0.317383 0.03125 0.0488281
