0 0.131836 0.96582 0.03125 0.0273438
0 0.425293 0.606934 0.0380859 0.0185547
0 0.145996 0.98584 0.0244141 0.0283203
0 0.151367 0.970703 0.0175781 0.0371094
0 0.372559 0.580078 0.0341797 0.0292969
0 0.438965 0.562012 0.0361328 0.0224609
0 0.542969 0.736328 0.0117188 0.0273438
0 0.534668 0.516113 0.0205078 0.0361328
0 0.10498 0.951172 0.0322266 0.0214844
0 0.411621 0.366699 0.0205078 0.0537109
0 0.123047 0.994141 0.0390625 0.0117188
0 0.369141 0.486816 0.0136719 0.0537109
0 0.463867 0.797363 0.0292969 0.0185547
0 0.468262 0.62793 0.0322266 0.0214844
0 0.639648 0.602539 0.0136719 0.0410156
0 0.163574 0.950684 0.0126953 0.0380859
0 0.374512 0.70459 0.0322266 0.0458984
0 0.401367 0.725586 0.0214844 0.03125
0 0.582031 0.520508 0.0195312 0.0332031
0 0.493652 0.6875 0.0322266 0.0292969
0 0.422363 0.405273 0.0263672 0.0195312
0 0.432617 0.760254 0.0410156 0.0205078
0 0.418457 0.368164 0.0126953 0.0488281
0 0.384766 0.382812 0.0136719 0.0449219
0 0.521973 0.60791 0.0263672 0.0263672
0 0.508789 0.427734 0.0332031 0.0488281
0 0.509766 0.518555 0.00976562 0.0351562
0 0.404785 0.362793 0.0107422 0.0458984
0 0.503418 0.688477 0.0166016 0.03125
0 0.928223 0.249023 0.0439453 0.0449219
0 0.362793 0.672852 0.0419922 0.0234375
0 0.400391 0.491211 0.0273438 0.0449219
0 0.457031 0.390137 0.0351562 0.0458984
0 0.401855 0.763184 0.0244141 0.0185547
0 0.549316 0.600098 0.0302734 0.0205078
0 0.625 0.589355 0.0273438 0.0419922
0 0.391602 0.624512 0.0351562 0.0244141
0 0.413574 0.445312 0.0146484 0.0429688
0 0.118164 0.981934 0.0351562 0.0185547
0 0.515625 0.496094 0.0175781 0.0332031
0 0.400879 0.439453 0.0146484 0.0527344
0 0.594727 0.541992 0.03125 0.0253906
0 0.455566 0.515137 0.0302734 0.0185547
0 0.496582 0.735352 0.0205078 0.0273438
0 0.516602 0.549805 0.015625 0.0351562
0 0.326172 0.448242 0.0273438 0.0371094
0 0.472656 0.736328 0.0371094 0.0214844
0 0.39502 0.610352 0.0380859 0.0195312
0 0.511719 0.728027 0.0136719 0.0361328
0 0.47998 0.717285 0.0322266 0.0205078
0 0.554688 0.482422 0.0214844 0.0371094
0 0.616699 0.548828 0.0146484 0.0429688
0 0.532227 0.589844 0.0292969 0.0195312
0 0.363281 0.399414 0.0292969 0.0429688
0 0.59668 0.522949 0.0175781 0.0322266
0 0.404785 0.522461 0.0302734 0.0214844
0 0.656738 0.55957 0.0439453 0.0253906
0 0.348633 0.52832 0.0195312 0.0410156
0 0.594727 0.499512 0.0410156 0.0263672
0 0.395508 0.641602 0.03125 0.0214844
0 0.34668 0.407227 0.0332031 0.0292969
0 0.0874023 0.902344 0.0322266 0.0507812
0 0.367188 0.359375 0.0253906 0.0390625
0 0.539062 0.47998 0.0273438 0.0244141
0 0.36377 0.635254 0.0322266 0.0185547
0 0.563477 0.516113 0.0351562 0.0380859
0 0.541016 0.575195 0.0292969 0.0136719
0 0.125977 0.910156 0.0136719 0.046875
0 0.37207 0.552246 0.0371094 0.0205078
0 0.525391 0.507324 0.0234375 0.0205078
0 0.439453 0.799805 0.0292969 0.0429688
0 0.0722656 0.970215 0.0371094 0.0380859
0 0.354492 0.476074 0.0253906 0.0302734
0 0.13623 0.950195 0.0302734 0.0234375
0 0.269531 0.647461 0.0136719 0.0429688
0 0.443359 0.625 0.0234375 0.0351562
0 0.482422 0.560059 0.0371094 0.0341797
0 0.361816 0.720215 0.0322266 0.0185547
0 0.416992 0.779297 0.0429688 0.0253906
0 0.422363 0.543945 0.0341797 0.0214844
0 0.433594 0.745605 0.0332031 0.0166016
0 0.0639648 0.917969 0.0244141 0.0605469
0 0.558594 0.609375 0.0273438 0.0195312
0 0.478516 0.464355 0.0175781 0.0380859
0 0.487793 0.496094 0.0361328 0.0351562
0 0.40918 0.802734 0.0351562 0.0253906
0 0.590332 0.575195 0.0146484 0.0488281
0 0.494141 0.70459 0.0273438 0.0263672
0 0.381348 0.734375 0.0322266 0.015625
0 0.454102 0.718262 0.0390625 0.0205078
0 0.417969 0.684082 0.0332031 0.0263672
0 0.316895 0.902344 0.0400391 0.0175781
0 0.259277 0.886719 0.0302734 0.0527344
0 0.519531 0.678223 0.0273438 0.0341797
0 0.339844 0.69873 0.0175781 0.0458984
0 0.605469 0.568848 0.0117188 0.0439453
0 0.302246 0.496582 0.0263672 0.0439453
0 0.479492 0.763184 0.0390625 0.0244141
0 0.455566 0.755859 0.0166016 0.0390625
0 0.467773 0.646484 0.0351562 0.0273438
0 0.343262 0.5 0.0361328 0.0175781
0 0.444336 0.545898 0.0332031 0.0410156
0 0.361816 0.657227 0.0439453 0.0234375
0 0.691406 0.513672 0.0351562 0.0761719
0 0.375977 0.342773 0.0351562 0.0390625
0 0.0981445 0.96875 0.0380859 0.0214844
0 0.322754 0.480469 0.0185547 0.0449219
0 0.312988 0.717773 0.0419922 0.0234375
0 0.398438 0.699219 0.03125 0.0371094
0 0.580566 0.473633 0.0322266 0.0292969
0 0.492676 0.546875 0.0380859 0.0214844
0 0.400391 0.678711 0.0292969 0.03125
0 0.279297 0.922363 0.0390625 0.0419922
0 0.213867 0.981934 0.0175781 0.0361328
0 0.65625 0.579102 0.0332031 0.0351562
0 0.42334 0.466797 0.0263672 0.03125
0 0.590332 0.62207 0.0146484 0.0507812
0 0.318848 0.981934 0.0419922 0.0244141
0 0.542969 0.777344 0.0371094 0.0273438
0 0.475098 0.510254 0.0361328 0.0400391
0 0.27832 0.687012 0.0136719 0.0478516
0 0.428223 0.625488 0.0341797 0.0361328
0 0.495605 0.603027 0.0244141 0.0498047
0 0.363281 0.748047 0.0175781 0.0390625
0 0.460449 0.588379 0.0341797 0.0380859
0 0.395508 0.748535 0.0332031 0.0283203
0 0.389648 0.52832 0.0351562 0.0273438
0 0.62207 0.502441 0.0234375 0.0263672
0 0.312012 0.695312 0.0419922 0.0234375
0 0.578125 0.59668 0.015625 0.0527344
0 0.453613 0.6875 0.0224609 0.0332031
0 0.427734 0.575195 0.0410156 0.0234375
0 0.374512 0.443359 0.0244141 0.0488281
0 0.527832 0.470703 0.0263672 0.0234375
0 0.336426 0.73877 0.0361328 0.0224609
0 0.223145 0.793457 0.0166016 0.0498047
0 0.230957 0.968262 0.0263672 0.0517578
0 0.386719 0.571777 0.0410156 0.0224609
0 0.559082 0.782715 0.0380859 0.0400391
0 0.470215 0.605957 0.0361328 0.0263672
0 0.503418 0.632812 0.0166016 0.0449219
0 0.623535 0.640625 0.0126953 0.0390625
0 0.566406 0.571777 0.03125 0.0478516
0 0.291504 0.484863 0.0224609 0.0673828
0 0.335938 0.773438 0.0371094 0.0214844
0 0.59082 0.746582 0.0390625 0.0283203
0 0.570801 0.740234 0.0380859 0.0175781
0 0.208008 0.738281 0.0253906 0.0527344
0 0.455566 0.537598 0.0224609 0.0322266
0 0.428711 0.379395 0.0175781 0.0517578
0 0.415039 0.592773 0.0390625 0.0195312
0 0.0830078 0.932617 0.0214844 0.046875
0 0.340332 0.471191 0.0205078 0.0400391
0 0.467773 0.779785 0.0351562 0.0205078
0 0.526367 0.696777 0.03125 0.0439453
0 0.400879 0.660645 0.0380859 0.0244141
0 0.546387 0.757324 0.0439453 0.0244141
0 0.54834 0.455566 0.0322266 0.0185547
0 0.525391 0.732422 0.0292969 0.0371094
0 0.533203 0.4375 0.03125 0.0195312
0 0.324219 0.519531 0.0351562 0.0214844
0 0.330566 0.414551 0.0380859 0.0185547
0 0.300293 0.675781 0.0361328 0.0351562
0 0.606934 0.633301 0.0224609 0.0400391
0 0.39502 0.319824 0.0400391 0.0361328
0 0.62793 0.549316 0.015625 0.0478516
0 0.165039 0.981934 0.0175781 0.0361328
0 0.386719 0.496094 0.0292969 0.0332031
0 0.32666 0.65625 0.0244141 0.0507812
0 0.69043 0.650879 0.0429688 0.0478516
0 0.367188 0.590332 0.0371094 0.0380859
0 0.371094 0.882324 0.0234375 0.0556641
0 0.567383 0.79248 0.0273438 0.0419922
0 0.500977 0.75293 0.0390625 0.0195312
0 0.111328 0.909668 0.0273438 0.0654297
0 0.375488 0.811523 0.0283203 0.0507812
0 0.457031 0.841309 0.0390625 0.0283203
0 0.512695 0.584961 0.0214844 0.046875
0 0.623535 0.612305 0.0322266 0.0390625
0 0.428223 0.48291 0.0322266 0.0478516
0 0.272949 0.617676 0.0400391 0.0302734
0 0.614258 0.665039 0.0332031 0.0351562
0 0.462402 0.450684 0.0224609 0.0400391
0 0.471191 0.813477 0.0380859 0.0234375
0 0.0581055 0.86377 0.0517578 0.0380859
0 0.34668 0.4375 0.0371094 0.0390625
0 0.250977 0.665039 0.0410156 0.0371094
0 0.45166 0.47998 0.0361328 0.0322266
0 0.44873 0.449219 0.0244141 0.0371094
0 0.366699 0.384766 0.0283203 0.0429688
0 0.341309 0.549316 0.0205078 0.0498047
0 0.393555 0.401367 0.0253906 0.0429688
0 0.284668 0.648926 0.0205078 0.0517578
0 0.785645 0.720703 0.0185547 0.0488281
0 0.62793 0.52002 0.0410156 0.0244141
0 0.32959 0.334961 0.0185547 0.0488281
0 0.294922 0.728516 0.0410156 0.0253906
0 0.430664 0.665039 0.0273438 0.0507812
0 0.505859 0.780273 0.0351562 0.0351562
0 0.664062 0.526855 0.0253906 0.0498047
0 0.505859 0.462891 0.0292969 0.0410156
0 0.574219 0.44043 0.0214844 0.0390625
0 0.330566 0.584961 0.0166016 0.0546875
0 0.484375 0.422363 0.0273438 0.0458984
0 0.583984 0.720215 0.0253906 0.0302734
0 0.34668 0.614258 0.0292969 0.03125
0 0.666504 0.890137 0.0341797 0.0341797
0 0.206055 0.659668 0.0273438 0.0537109
0 0.422363 0.830566 0.0263672 0.0419922
0 0.576172 0.689453 0.0371094 0.0332031
0 0.450684 0.412598 0.0302734 0.0439453
0 0.429199 0.711426 0.0400391 0.0439453
0 0.277832 0.520996 0.0419922 0.0380859
0 0.496582 0.479492 0.0263672 0.0429688
0 0.54248 0.547363 0.0322266 0.0400391
0 0.690918 0.912598 0.0224609 0.0517578
0 0.0610352 0.316895 0.0224609 0.0361328
0 0.358887 0.320801 0.0361328 0.0341797
0 0.368164 0.268555 0.0390625 0.0488281
0 0.295898 0.428223 0.0390625 0.0283203
