0 0.569824 0.597168 0.0107422 0.0419922
0 0.284668 0.422852 0.0244141 0.0136719
0 0.361816 0.410645 0.0224609 0.0244141
0 0.294434 0.44043 0.0322266 0.0195312
0 0.259277 0.429199 0.0185547 0.0205078
0 0.272949 0.428223 0.0244141 0.0205078
0 0.662598 0.546875 0.0146484 0.0371094
0 0.5625 0.506836 0.0175781 0.0507812
0 0.361328 0.42627 0.0292969 0.0205078
0 0.615723 0.579102 0.0146484 0.0332031
0 0.560547 0.532227 0.0195312 0.0410156
0 0.386719 0.402344 0.0117188 0.0371094
0 0.369629 0.405273 0.0244141 0.0351562
0 0.561035 0.595215 0.0244141 0.0419922
0 0.595703 0.520996 0.03125 0.0341797
0 0.23291 0.443359 0.0283203 0.0214844
0 0.188965 0.379395 0.0322266 0.0185547
0 0.5625 0.472168 0.0292969 0.0185547
0 0.693359 0.518555 0.0253906 0.0175781
0 0.634277 0.586914 0.0283203 0.0351562
0 0.601562 0.583008 0.0332031 0.0253906
0 0.55957 0.668457 0.0351562 0.0322266
0 0.230957 0.379883 0.0263672 0.0253906
