0 0.542969 0.382812 0.03125 0.0527344
0 0.462402 0.605469 0.0302734 0.0351562
0 0.417969 0.436523 0.0234375 0.0449219
0 0.345703 0.583008 0.0273438 0.03125
0 0.649902 0.513672 0.0322266 0.03125
0 0.582031 0.37793 0.0234375 0.0449219
0 0.555664 0.411621 0.0195312 0.0380859
0 0.527832 0.419922 0.0224609 0.0527344
0 0.544922 0.537109 0.0195312 0.0351562
0 0.597656 0.56543 0.03125 0.0332031
0 0.313477 0.537109 0.0292969 0.0429688
0 0.569336 0.439941 0.015625 0.0576172
0 0.296387 0.504883 0.0185547 0.0429688
0 0.326172 0.606445 0.03125 0.0449219
0 0.471191 0.519531 0.0302734 0.03125
0 0.582031 0.556641 0.0195312 0.0410156
0 0.442383 0.48584 0.0351562 0.0341797
0 0.368652 0.481445 0.0361328 0.0214844
0 0.400391 0.480469 0.0292969 0.0351562
0 0.519043 0.366211 0.0283203 0.0566406
0 0.560547 0.551758 0.0195312 0.0371094
0 0.502441 0.445801 0.0185547 0.0419922
0 0.351562 0.549805 0.0371094 0.0566406
0 0.47998 0.58252 0.0361328 0.0322266
0 0.378906 0.638184 0.0429688 0.0302734
0 0.447266 0.580566 0.03125 0.0283203
0 0.475098 0.327148 0.0224609 0.0527344
0 0.520996 0.480469 0.0283203 0.0429688
0 0.342773 0.637207 0.0390625 0.0302734
0 0.274902 0.470215 0.0439453 0.0341797
0 0.515625 0.574219 0.0332031 0.0390625
0 0.273926 0.541992 0.0322266 0.0527344
0 0.319336 0.630859 0.0214844 0.0585938
0 0.408691 0.591797 0.0361328 0.0390625
0 0.383789 0.617676 0.0410156 0.0166016
0 0.55957 0.333496 0.0234375 0.0478516
0 0.353027 0.455078 0.0283203 0.0449219
0 0.463867 0.638672 0.0253906 0.0273438
0 0.505371 0.56543 0.0185547 0.0410156
0 0.324219 0.499023 0.0390625 0.0292969
0 0.506348 0.489258 0.0283203 0.0214844
0 0.365723 0.52832 0.0224609 0.0605469
0 0.473633 0.40332 0.0292969 0.0410156
0 0.487305 0.479492 0.0332031 0.0371094
0 0.652344 0.487793 0.015625 0.0556641
0 0.480957 0.622559 0.0322266 0.0244141
0 0.57373 0.514648 0.0185547 0.0410156
0 0.331055 0.555664 0.0332031 0.0292969
0 0.376465 0.463379 0.0205078 0.0458984
0 0.483887 0.291992 0.0224609 0.0605469
0 0.613281 0.616211 0.015625 0.0488281
0 0.445312 0.41748 0.0332031 0.0322266
0 0.501465 0.518555 0.0341797 0.0292969
0 0.241699 0.504883 0.0166016 0.0332031
0 0.412109 0.427734 0.0214844 0.0507812
0 0.473633 0.556152 0.0429688 0.0224609
0 0.525391 0.518555 0.0195312 0.0410156
0 0.498535 0.412109 0.0322266 0.0234375
0 0.402344 0.520508 0.046875 0.0449219
0 0.589844 0.554688 0.0273438 0.046875
0 0.617188 0.437012 0.0390625 0.0341797
0 0.548828 0.450195 0.03125 0.0292969
0 0.551758 0.475098 0.0214844 0.0302734
0 0.433105 0.635742 0.0283203 0.0371094
0 0.317871 0.572266 0.0283203 0.0351562
0 0.487793 0.368652 0.0302734 0.0478516
0 0.564453 0.486816 0.0195312 0.0498047
0 0.509766 0.541992 0.0449219 0.0214844
0 0.486816 0.612305 0.0263672 0.0371094
0 0.393066 0.556641 0.0341797 0.03125
0 0.306641 0.467285 0.03125 0.0263672
0 0.604492 0.585449 0.0410156 0.0498047
0 0.394531 0.54248 0.0351562 0.0283203
0 0.463867 0.483887 0.0234375 0.0537109
0 0.549805 0.350586 0.0410156 0.0351562
0 0.497559 0.349609 0.0244141 0.0429688
0 0.962891 0.586914 0.0683594 0.0605469
0 0.664062 0.462402 0.0214844 0.0595703
0 0.424316 0.973633 0.0244141 0.0527344
0 0.576172 0.536133 0.0234375 0.0507812
0 0.637695 0.442871 0.0371094 0.0400391
0 0.432129 0.511719 0.0380859 0.0195312
0 0.470215 0.658203 0.0380859 0.046875
0 0.541016 0.558594 0.0195312 0.0507812
0 0.21582 0.513672 0.0449219 0.0351562
0 0.632812 0.52002 0.015625 0.0498047
0 0.285156 0.51709 0.0351562 0.0517578
0 0.47998 0.445801 0.0400391 0.0283203
0 0.441406 0.666992 0.0234375 0.0527344
0 0.415527 0.666504 0.0341797 0.0380859
0 0.443359 0.555664 0.0351562 0.046875
0 0.477539 0.683594 0.0371094 0.0195312
0 0.467285 0.288574 0.0263672 0.0478516
0 0.112305 0.524902 0.0410156 0.0341797
0 0.460449 0.717773 0.0244141 0.0566406
0 0.621094 0.495605 0.0195312 0.0556641
0 0.628906 0.594727 0.0234375 0.0527344
0 0.584961 0.34082 0.0371094 0.0449219
0 0.412598 0.62793 0.0244141 0.0527344
0 0.249023 0.52832 0.03125 0.0449219
0 0.597656 0.470215 0.0234375 0.0498047
0 0.347656 0.657715 0.0390625 0.0341797
0 0.458496 0.380859 0.0185547 0.0566406
0 0.55957 0.615234 0.0449219 0.0273438
0 0.533203 0.597656 0.0234375 0.0429688
0 0.592285 0.411621 0.0322266 0.0439453
0 0.637695 0.479492 0.0214844 0.0488281
0 0.470215 0.244629 0.0400391 0.0400391
0 0.559082 0.581543 0.0283203 0.0380859
0 0.591797 0.498535 0.0351562 0.0361328
0 0.547852 0.512207 0.0332031 0.0498047
0 0.222168 0.538086 0.0419922 0.0371094
0 0.607422 0.419922 0.0273438 0.0546875
0 0.325195 0.466797 0.0292969 0.0390625
