0 0.79541 0.524414 0.0791016 0.015625
0 0.65332 0.572266 0.09375 0.015625
0 0.625977 0.362305 0.0449219 0.0429688
0 0.394043 0.311035 0.139648 0.0361328
0 0.638672 0.560547 0.0859375 0.03125
0 0.703125 0.532227 0.0761719 0.0488281
0 0.529297 0.507812 0.0820312 0.0234375
0 0.797852 0.373047 0.0722656 0.0351562
0 0.318359 0.264648 0.123047 0.0449219
0 0.720215 0.513184 0.0556641 0.0458984
0 0.58252 0.369141 0.0791016 0.046875
0 0.640137 0.494141 0.108398 0.0429688
0 0.450684 0.399902 0.0478516 0.0537109
0 0.878906 0.420898 0.0703125 0.0566406
0 0.797852 0.505859 0.0957031 0.0253906
0 0.220215 0.50293 0.104492 0.0371094
0 0.560547 0.416504 0.117188 0.0341797
0 0.570312 0.473145 0.0917969 0.0478516
0 0.424805 0.557129 0.0761719 0.0517578
0 0.536621 0.30127 0.0849609 0.0498047
0 0.787598 0.611816 0.0693359 0.0458984
0 0.181641 0.783203 0.0820312 0.0449219
