0 0.419434 0.490234 0.0361328 0.0273438
1 0.444336 0.177246 0.1875 0.0712891
0 0.709473 0.526367 0.0458984 0.0410156
0 0.606445 0.489258 0.0351562 0.0351562
0 0.40332 0.30127 0.0546875 0.0693359
0 0.447266 0.489258 0.0449219 0.0253906
0 0.444824 0.713379 0.0693359 0.0400391
0 0.465332 0.494141 0.0517578 0.0234375
0 0.238281 0.253906 0.0546875 0.0351562
0 0.287109 0.685547 0.046875 0.0390625
0 0.391113 0.239746 0.0556641 0.0244141
0 0.61377 0.684082 0.0478516 0.0302734
0 0.680664 0.272949 0.0605469 0.0380859
0 0.294434 0.205078 0.0458984 0.046875
0 0.560547 0.179199 0.0410156 0.0224609
0 0.608887 0.187012 0.0478516 0.0380859
0 0.369629 0.497559 0.0537109 0.0341797
0 0.333984 0.244141 0.0683594 0.0195312
0 0.478516 0.669922 0.078125 0.0253906
0 0.34082 0.201172 0.0664062 0.0214844
0 0.566406 0.695801 0.0527344 0.0283203
0 0.464844 0.334961 0.0605469 0.0351562
0 0.600098 0.220703 0.0595703 0.0351562
