0 0.543945 0.47168 0.0214844 0.0195312
0 0.559082 0.500488 0.0224609 0.0400391
0 0.54834 0.525391 0.0341797 0.0136719
0 0.590332 0.555664 0.0205078 0.0488281
0 0.618164 0.40625 0.03125 0.0175781
0 0.575684 0.427734 0.0283203 0.0175781
0 0.658691 0.564941 0.0361328 0.0185547
0 0.65332 0.583008 0.0332031 0.0253906
0 0.577637 0.453613 0.0185547 0.0458984
0 0.586914 0.519043 0.0253906 0.0244141
0 0.637695 0.387207 0.0253906 0.0400391
0 0.544922 0.54541 0.0175781 0.0341797
0 0.571777 0.555664 0.0185547 0.0488281
0 0.57959 0.353516 0.0361328 0.0488281
0 0.632324 0.425293 0.0341797 0.0361328
0 0.605469 0.501953 0.0351562 0.0234375
0 0.592285 0.489746 0.0185547 0.0380859
0 0.555176 0.365723 0.0322266 0.0205078
0 0.706055 0.571777 0.0195312 0.0556641
0 0.558594 0.443848 0.0195312 0.0400391
0 0.572754 0.65625 0.0185547 0.0488281
0 0.736816 0.450195 0.0205078 0.046875
0 0.588867 0.412109 0.0332031 0.0175781
0 0.717773 0.60791 0.015625 0.0654297
0 0.561035 0.464355 0.0224609 0.0380859
0 0.612793 0.380371 0.0302734 0.0263672
0 0.655273 0.549316 0.0351562 0.0205078
0 0.760742 0.515625 0.0234375 0.0644531
0 0.574707 0.49707 0.0166016 0.0429688
0 0.587891 0.662109 0.0195312 0.0566406
0 0.59668 0.390625 0.03125 0.0292969
0 0.526855 0.459473 0.0322266 0.0263672
0 0.602539 0.45459 0.0292969 0.0244141
0 0.682617 0.544434 0.0195312 0.0517578
