0 0.0126953 0.550293 0.0253906 0.0205078
1 0.164062 0.363281 0.111328 0.0878906
0 0.557617 0.564941 0.0605469 0.0166016
0 0.333984 0.540039 0.0722656 0.0390625
0 0.0839844 0.508789 0.0703125 0.0292969
0 0.537109 0.552734 0.0683594 0.0214844
0 0.235352 0.470215 0.0449219 0.0634766
0 0.40918 0.491211 0.0546875 0.0429688
0 0.408203 0.446289 0.078125 0.0390625
0 0.489746 0.418457 0.0673828 0.0244141
0 0.55957 0.533203 0.0683594 0.0253906
0 0.893555 0.527344 0.046875 0.0527344
0 0.461426 0.500977 0.0400391 0.0429688
0 0.305176 0.480469 0.0693359 0.03125
0 0.510742 0.515137 0.0703125 0.0361328
1 0.364258 0.481445 0.0527344 0.09375
0 0.378906 0.298828 0.0449219 0.0507812
0 0.185547 0.541504 0.0546875 0.0400391
0 0.269043 0.356445 0.0439453 0.0410156
0 0.17334 0.508789 0.0654297 0.0351562
0 0.263184 0.453125 0.0283203 0.0449219
0 0.379883 0.371582 0.0664062 0.0224609
0 0.359863 0.59082 0.0615234 0.0429688
0 0.181152 0.466309 0.0595703 0.0361328
0 0.21875 0.494629 0.0546875 0.0400391
