0 0.467285 0.292969 0.0244141 0.0429688
0 0.736816 0.436523 0.0341797 0.0722656
0 0.549805 0.435547 0.0214844 0.046875
0 0.525391 0.207031 0.0195312 0.0507812
0 0.544922 0.449219 0.0292969 0.0410156
0 0.611328 0.472656 0.0195312 0.0527344
0 0.623535 0.558594 0.0185547 0.046875
0 0.658691 0.403809 0.0341797 0.0458984
0 0.406738 0.799316 0.0166016 0.0517578
0 0.518066 0.263184 0.0146484 0.0517578
0 0.435547 0.779785 0.0195312 0.0576172
0 0.37793 0.763184 0.0214844 0.0498047
0 0.376953 0.550781 0.0253906 0.0351562
0 0.453125 0.428223 0.0273438 0.0400391
0 0.594727 0.512207 0.0214844 0.0498047
0 0.59375 0.340332 0.0234375 0.0498047
0 0.533691 0.619141 0.0244141 0.0507812
0 0.403809 0.737305 0.0224609 0.0507812
0 0.496094 0.698242 0.0195312 0.0605469
0 0.314941 0.54834 0.0205078 0.0400391
0 0.449219 0.505859 0.0195312 0.0527344
0 0.626465 0.574707 0.0263672 0.0576172
0 0.343262 0.412598 0.0205078 0.0419922
0 0.38623 0.620117 0.0205078 0.0488281
0 0.513184 0.452148 0.0283203 0.0234375
0 0.427734 0.382812 0.03125 0.03125
0 0.520996 0.776855 0.0224609 0.0673828
0 0.501465 0.348633 0.0322266 0.0371094
0 0.433594 0.509766 0.015625 0.0527344
0 0.576172 0.588867 0.0175781 0.0371094
0 0.498047 0.212402 0.0332031 0.0361328
0 0.595215 0.257812 0.0205078 0.0449219
0 0.323242 0.286133 0.015625 0.0371094
0 0.503906 0.523438 0.0214844 0.0351562
0 0.462891 0.838867 0.0234375 0.0253906
0 0.298828 0.350098 0.0195312 0.0537109
0 0.494141 0.540039 0.0136719 0.0410156
0 0.427734 0.823242 0.0136719 0.0449219
0 0.405273 0.223145 0.0273438 0.0556641
0 0.48584 0.470703 0.0224609 0.046875
0 0.408691 0.824219 0.0185547 0.0546875
0 0.354004 0.614258 0.0244141 0.0410156
0 0.359375 0.637207 0.0273438 0.0283203
0 0.589355 0.495117 0.0263672 0.0449219
0 0.599609 0.598633 0.0195312 0.0449219
0 0.505859 0.497559 0.0195312 0.0361328
0 0.512695 0.309082 0.0214844 0.0615234
0 0.442383 0.509766 0.0175781 0.0527344
0 0.649414 0.49707 0.0175781 0.0605469
0 0.668945 0.490234 0.0175781 0.0625
0 0.479004 0.386719 0.0341797 0.0390625
0 0.524414 0.425781 0.0214844 0.046875
0 0.477539 0.483398 0.0214844 0.0332031
0 0.550781 0.225586 0.03125 0.0292969
0 0.464355 0.405273 0.0166016 0.0507812
0 0.560547 0.440918 0.0234375 0.0400391
0 0.287109 0.495605 0.0234375 0.0439453
0 0.510742 0.538086 0.0292969 0.0390625
0 0.402344 0.691895 0.0253906 0.0478516
0 0.523438 0.134277 0.03125 0.0400391
0 0.409668 0.48877 0.0263672 0.0400391
0 0.336914 0.157715 0.0253906 0.0361328
0 0.32959 0.572266 0.0166016 0.046875
0 0.657227 0.516602 0.0214844 0.0566406
0 0.458496 0.46582 0.0205078 0.0527344
0 0.264648 0.204102 0.015625 0.0449219
0 0.408691 0.236816 0.0244141 0.0458984
0 0.375977 0.566406 0.0292969 0.0273438
0 0.489258 0.445312 0.0214844 0.0449219
0 0.555664 0.313965 0.03125 0.0322266
0 0.435059 0.260254 0.0263672 0.0439453
0 0.574707 0.565918 0.0205078 0.0400391
0 0.515625 0.382812 0.0292969 0.0429688
0 0.401367 0.456055 0.0136719 0.0488281
0 0.512695 0.771484 0.0195312 0.0625
0 0.421875 0.845703 0.0195312 0.0546875
0 0.438477 0.818848 0.0175781 0.0537109
0 0.628906 0.451172 0.0195312 0.0605469
0 0.354004 0.474121 0.0322266 0.0244141
0 0.439941 0.24707 0.0224609 0.03125
0 0.567383 0.47168 0.0351562 0.0351562
0 0.557617 0.290039 0.0371094 0.0351562
0 0.540039 0.556641 0.0332031 0.0371094
0 0.62207 0.248047 0.0292969 0.0351562
0 0.598633 0.5625 0.0175781 0.0429688
0 0.38916 0.387207 0.0263672 0.0458984
0 0.564453 0.205566 0.0214844 0.0498047
0 0.478027 0.228516 0.0244141 0.0371094
0 0.586426 0.412109 0.0166016 0.0507812
0 0.45459 0.780273 0.0166016 0.0527344
0 0.429199 0.31543 0.0185547 0.0527344
0 0.401367 0.625488 0.0234375 0.0458984
0 0.361816 0.606445 0.0185547 0.0429688
0 0.365234 0.427246 0.0195312 0.0458984
0 0.257324 0.233398 0.0146484 0.046875
0 0.413574 0.359375 0.0263672 0.0429688
0 0.587891 0.58252 0.015625 0.0556641
0 0.524414 0.480957 0.0214844 0.0458984
0 0.5 0.875977 0.03125 0.0390625
0 0.604004 0.290527 0.0283203 0.0322266
0 0.479492 0.250488 0.0292969 0.0322266
0 0.588867 0.192871 0.0273438 0.0361328
0 0.384766 0.737305 0.0273438 0.0488281
0 0.608398 0.169922 0.0214844 0.0507812
0 0.331055 0.124512 0.0234375 0.0556641
0 0.525391 0.507812 0.015625 0.0429688
0 0.570312 0.179199 0.03125 0.0283203
0 0.617188 0.202148 0.0234375 0.0527344
0 0.523438 0.157227 0.03125 0.0390625
0 0.300781 0.517578 0.0214844 0.0507812
0 0.659668 0.362305 0.0224609 0.0585938
0 0.337402 0.194824 0.0244141 0.0556641
0 0.603516 0.308594 0.0332031 0.0273438
0 0.591797 0.277344 0.0273438 0.046875
0 0.627441 0.276855 0.0205078 0.0556641
0 0.327148 0.431641 0.0175781 0.0546875
0 0.572266 0.237305 0.0253906 0.0527344
0 0.324707 0.146973 0.0146484 0.0478516
0 0.514648 0.0913086 0.0253906 0.0439453
0 0.506836 0.42334 0.0175781 0.0498047
0 0.537109 0.526367 0.0195312 0.0527344
0 0.275391 0.492676 0.0273438 0.0478516
0 0.475586 0.347656 0.0214844 0.0546875
0 0.405762 0.663086 0.0302734 0.0449219
0 0.373047 0.645508 0.015625 0.0507812
0 0.489746 0.511719 0.0166016 0.0527344
0 0.489258 0.193848 0.0253906 0.0400391
0 0.503418 0.46875 0.0185547 0.0429688
0 0.289551 0.529297 0.0244141 0.03125
0 0.330078 0.212891 0.0214844 0.0449219
0 0.327637 0.317871 0.0322266 0.0283203
0 0.61084 0.501953 0.0205078 0.046875
0 0.508301 0.728516 0.0341797 0.0429688
0 0.556641 0.399902 0.0175781 0.0498047
0 0.390625 0.583008 0.0332031 0.0253906
0 0.34375 0.310547 0.0273438 0.0332031
0 0.333496 0.600586 0.0283203 0.0449219
0 0.474121 0.438965 0.0224609 0.0478516
0 0.496094 0.575195 0.0234375 0.0410156
0 0.746582 0.443359 0.0224609 0.0625
0 0.576172 0.378906 0.03125 0.03125
0 0.32666 0.637207 0.0244141 0.0458984
0 0.598633 0.212891 0.0253906 0.0429688
0 0.424805 0.790039 0.0214844 0.0527344
0 0.506836 0.240723 0.0214844 0.0556641
0 0.494629 0.928711 0.0224609 0.0527344
0 0.600586 0.537109 0.0292969 0.0351562
0 0.598145 0.00927734 0.0361328 0.0185547
0 0.483887 0.102051 0.0302734 0.0498047
0 0.541016 0.366211 0.0234375 0.0390625
0 0.687012 0.638184 0.0341797 0.0380859
0 0.438477 0.354492 0.0332031 0.0371094
0 0.34082 0.111328 0.0234375 0.0644531
0 0.559082 0.608398 0.0322266 0.0292969
0 0.521484 0.570312 0.03125 0.0273438
0 0.288574 0.182617 0.0263672 0.046875
0 0.273438 0.222656 0.0273438 0.0390625
0 0.297852 0.198242 0.0253906 0.0449219
0 0.304199 0.273926 0.0283203 0.0361328
0 0.371582 0.604492 0.0185547 0.0410156
0 0.350586 0.424805 0.0214844 0.0527344
0 0.546875 0.206543 0.03125 0.0263672
0 0.375 0.447266 0.0273438 0.0371094
0 0.683594 0.327637 0.03125 0.0439453
0 0.624512 0.639648 0.0244141 0.0605469
0 0.313477 0.205566 0.0175781 0.0576172
0 0.363281 0.224609 0.0332031 0.0332031
0 0.606445 0.43457 0.0332031 0.0332031
0 0.526367 0.28418 0.0175781 0.0546875
0 0.614258 0.391602 0.0253906 0.0546875
0 0.419922 0.455078 0.03125 0.0332031
0 0.541504 0.483887 0.0263672 0.0400391
0 0.782227 0.736328 0.0332031 0.0703125
0 0.358398 0.579102 0.0292969 0.0253906
0 0.543945 0.178711 0.0273438 0.0390625
0 0.374023 0.241211 0.0253906 0.03125
0 0.310547 0.582031 0.015625 0.0527344
0 0.361328 0.551758 0.0214844 0.046875
0 0.378906 0.70752 0.0273438 0.0380859
0 0.613281 0.333008 0.0195312 0.0507812
0 0.49707 0.770508 0.0253906 0.0507812
0 0.732422 0.527344 0.0234375 0.0625
0 0.433105 0.217773 0.0283203 0.0507812
0 0.509766 0.373535 0.0253906 0.0419922
0 0.580566 0.623047 0.0341797 0.0351562
0 0.361816 0.67334 0.0205078 0.0556641
0 0.265625 0.537598 0.0351562 0.0244141
0 0.486328 0.277344 0.03125 0.0273438
0 0.341797 0.462891 0.0292969 0.03125
0 0.59668 0.387207 0.0175781 0.0537109
0 0.647949 0.558594 0.0322266 0.0410156
0 0.296387 0.549805 0.0283203 0.0332031
0 0.58252 0.330078 0.0244141 0.0371094
0 0.287598 0.766602 0.0283203 0.0371094
0 0.605469 0.651367 0.0234375 0.0644531
0 0.710449 0.284668 0.0380859 0.0380859
0 0.413086 0.604492 0.0253906 0.0488281
0 0.456055 0.231934 0.0253906 0.0380859
0 0.630859 0.379395 0.0234375 0.0615234
0 0.303711 0.14502 0.0253906 0.0439453
0 0.384766 0.674805 0.0175781 0.0605469
0 0.447266 0.391602 0.0195312 0.0488281
0 0.443848 0.0908203 0.0263672 0.0507812
0 0.29248 0.353516 0.0205078 0.0585938
0 0.532715 0.74707 0.0224609 0.0683594
0 0.749023 0.22168 0.0371094 0.0410156
0 0.85791 0.416016 0.0283203 0.0585938
0 0.536621 0.817871 0.0224609 0.0615234
0 0.40332 0.18457 0.0292969 0.0429688
0 0.308594 0.12793 0.0214844 0.0449219
0 0.704102 0.56543 0.0332031 0.0488281
0 0.535156 0.584961 0.0273438 0.0371094
0 0.75293 0.399414 0.0332031 0.0644531
0 0.268555 0.520508 0.0332031 0.0332031
0 0.362305 0.181641 0.0175781 0.0507812
0 0.553223 0.753906 0.0244141 0.0546875
0 0.335938 0.543945 0.0273438 0.046875
0 0.549316 0.0888672 0.0244141 0.0566406
0 0.469727 0.611328 0.0253906 0.0546875
0 0.370605 0.358887 0.0283203 0.0400391
0 0.540527 0.0585938 0.0205078 0.0546875
0 0.72168 0.48584 0.0351562 0.0400391
0 0.739258 0.258301 0.0253906 0.0537109
0 0.606445 0.132324 0.0332031 0.0341797
0 0.583984 0.160156 0.0332031 0.03125
0 0.958984 0.0258789 0.0390625 0.0419922
0 0.314941 0.52002 0.0185547 0.0458984
0 0.291504 0.415527 0.0185547 0.0537109
0 0.699219 0.0864258 0.0273438 0.0654297
0 0.522461 0.850098 0.0371094 0.0322266
0 0.375977 0.330566 0.03125 0.0283203
0 0.282715 0.246094 0.0244141 0.0390625
0 0.334473 0.731445 0.0263672 0.0527344
0 0.544922 0.150879 0.0234375 0.0517578
0 0.402832 0.394043 0.0244141 0.0400391
0 0.338867 0.757324 0.0351562 0.0380859
0 0.841797 0.332031 0.0390625 0.046875
0 0.34375 0.386719 0.03125 0.0351562
0 0.558594 0.697754 0.0273438 0.0556641
0 0.457031 0.674805 0.0253906 0.0488281
0 0.450195 0.637695 0.0214844 0.0488281
0 0.611328 0.597656 0.0273438 0.0429688
0 0.497559 0.145508 0.0205078 0.0546875
0 0.725098 0.427734 0.0283203 0.0664062
0 0.40332 0.330566 0.03125 0.0380859
0 0.329102 0.336426 0.03125 0.0322266
0 0.273438 0.42627 0.0273438 0.0380859
0 0.392578 0.798828 0.0195312 0.0546875
0 0.293945 0.46582 0.0332031 0.0332031
0 0.349121 0.345703 0.0185547 0.0507812
0 0.376953 0.166016 0.0273438 0.0449219
0 0.416992 0.878906 0.0332031 0.0390625
0 0.57959 0.951172 0.0341797 0.0390625
0 0.689453 0.478516 0.0332031 0.0351562
0 0.672852 0.681641 0.0292969 0.0585938
0 0.30957 0.48291 0.03125 0.0283203
0 0.472168 0.800293 0.0263672 0.0556641
0 0.23877 0.0195312 0.0283203 0.0390625
0 0.216309 0.348145 0.0263672 0.0419922
0 0.623047 0.710938 0.0273438 0.0625
0 0.547363 0.666016 0.0322266 0.046875
0 0.713867 0.314453 0.0371094 0.046875
0 0.602051 0.827148 0.0341797 0.0527344
0 0.472656 0.884766 0.0253906 0.0507812
0 0.29834 0.292969 0.0283203 0.0351562
0 0.267578 0.17041 0.0273438 0.0400391
0 0.537598 0.923828 0.0341797 0.046875
0 0.277832 0.62207 0.0244141 0.0527344
0 0.456543 0.73877 0.0302734 0.0576172
0 0.314453 0.394043 0.03125 0.0380859
