0 0.77002 0.704102 0.0322266 0.0566406
0 0.375488 0.746094 0.0576172 0.0410156
0 0.293457 0.8125 0.0673828 0.0449219
0 0.23877 0.859375 0.0361328 0.0507812
0 0.370605 0.777344 0.0576172 0.0507812
0 0.444336 0.243652 0.0292969 0.12207
0 0.475586 0.762695 0.0390625 0.0371094
0 0.423828 0.771973 0.0585938 0.0634766
0 0.35498 0.708984 0.0693359 0.0546875
0 0.380859 0.109375 0.0703125 0.109375
0 0.645996 0.769043 0.0302734 0.102539
0 0.769043 0.76709 0.0458984 0.114258
0 0.801758 0.696289 0.0371094 0.138672
0 0.503418 0.731445 0.0517578 0.101562
0 0.338867 0.139648 0.0390625 0.166016
0 0.706055 0.892578 0.0566406 0.121094
0 0.429688 0.802734 0.0625 0.0878906
