0 0.450684 0.443359 0.0419922 0.0332031
0 0.45459 0.427246 0.0458984 0.0263672
0 0.461914 0.524414 0.0214844 0.03125
0 0.546387 0.598633 0.0361328 0.0332031
0 0.46875 0.47168 0.0449219 0.0390625
0 0.575195 0.574219 0.0253906 0.0390625
0 0.462891 0.507324 0.0371094 0.0224609
0 0.494629 0.52002 0.0400391 0.0185547
0 0.52832 0.581055 0.0332031 0.015625
0 0.494141 0.48584 0.0332031 0.0498047
0 0.51123 0.568359 0.0400391 0.0175781
0 0.426758 0.609375 0.0644531 0.0292969
0 0.492676 0.432129 0.0185547 0.0498047
0 0.521973 0.481445 0.0419922 0.0214844
0 0.477539 0.550293 0.046875 0.0283203
0 0.456543 0.404297 0.0498047 0.0585938
0 0.395996 0.466797 0.0263672 0.0332031
0 0.660645 0.528809 0.0302734 0.0361328
0 0.44043 0.574219 0.0351562 0.0605469
0 0.481934 0.583008 0.0458984 0.0390625
0 0.496582 0.539551 0.0458984 0.0322266
0 0.585938 0.562012 0.046875 0.0478516
0 0.524902 0.518555 0.0244141 0.0488281
0 0.437012 0.629395 0.0537109 0.0166016
0 0.487793 0.606934 0.0458984 0.0263672
0 0.54541 0.535156 0.0302734 0.0625
0 0.430176 0.480469 0.0380859 0.0332031
0 0.428223 0.398926 0.0361328 0.0556641
0 0.473633 0.620117 0.0371094 0.0234375
0 0.577637 0.637695 0.0380859 0.0449219
0 0.513184 0.429688 0.0283203 0.0488281
0 0.57959 0.684082 0.0166016 0.0478516
0 0.674805 0.567383 0.0546875 0.0566406
0 0.513672 0.804199 0.0332031 0.0576172
0 0.543457 0.67334 0.0537109 0.0380859
0 0.410156 0.443359 0.0351562 0.0429688
0 0.663086 0.455078 0.0253906 0.0605469
