0 0.470703 0.700195 0.0117188 0.0546875
0 0.487305 0.390625 0.015625 0.0429688
0 0.476074 0.496094 0.0166016 0.0566406
0 0.473633 0.420898 0.015625 0.0625
0 0.47998 0.365234 0.0185547 0.0664062
0 0.455078 0.485352 0.015625 0.0625
0 0.463379 0.701172 0.0224609 0.0527344
0 0.466309 0.583008 0.0361328 0.0722656
0 0.495605 0.48584 0.0146484 0.0537109
0 0.472168 0.528809 0.0224609 0.0556641
0 0.515625 0.617676 0.0195312 0.0673828
0 0.458984 0.44043 0.0195312 0.0566406
0 0.478516 0.639648 0.0214844 0.0605469
0 0.517578 0.374512 0.0253906 0.0498047
