0 0.874023 0.625488 0.0214844 0.0380859
0 0.460938 0.574707 0.0410156 0.0458984
0 0.757812 0.617188 0.0546875 0.0253906
0 0.650391 0.615723 0.0527344 0.0283203
0 0.76416 0.560547 0.0146484 0.046875
0 0.0986328 0.40918 0.0429688 0.0253906
0 0.500977 0.601562 0.0292969 0.0390625
0 0.313477 0.538086 0.0351562 0.0488281
0 0.751953 0.581055 0.015625 0.0488281
0 0.543945 0.57373 0.0253906 0.0419922
0 0.78418 0.578125 0.0371094 0.0507812
0 0.496094 0.562988 0.0390625 0.0302734
0 0.79834 0.628906 0.0419922 0.0429688
0 0.404297 0.515625 0.0410156 0.03125
0 0.285645 0.49707 0.0283203 0.0371094
