0 0.515137 0.387207 0.0224609 0.0283203
0 0.537109 0.664551 0.0175781 0.0478516
0 0.563477 0.470215 0.0273438 0.0302734
0 0.22168 0.590332 0.0410156 0.0380859
0 0.62207 0.543457 0.03125 0.0244141
0 0.52832 0.458496 0.0214844 0.0361328
0 0.271973 0.445312 0.0380859 0.0253906
0 0.431641 0.522949 0.0273438 0.0224609
0 0.271484 0.642578 0.0292969 0.0175781
0 0.460938 0.460938 0.0292969 0.0351562
0 0.439453 0.44043 0.0214844 0.0371094
0 0.620605 0.618164 0.0205078 0.0488281
0 0.366699 0.351074 0.0322266 0.0185547
0 0.3125 0.400879 0.0234375 0.0400391
0 0.578125 0.558105 0.0292969 0.0302734
0 0.256348 0.606445 0.0322266 0.046875
0 0.26416 0.380859 0.0205078 0.0527344
0 0.60498 0.711426 0.0146484 0.0400391
0 0.37793 0.310059 0.0273438 0.0478516
0 0.565918 0.339355 0.0283203 0.0400391
0 0.31543 0.547852 0.0214844 0.0390625
0 0.567871 0.625 0.0263672 0.0332031
0 0.604492 0.675781 0.0195312 0.0332031
0 0.244629 0.664062 0.0185547 0.0429688
0 0.411621 0.531738 0.0205078 0.0341797
0 0.236328 0.475586 0.0351562 0.0292969
0 0.489258 0.617676 0.0195312 0.0380859
0 0.215332 0.254883 0.0224609 0.03125
0 0.602051 0.737793 0.0263672 0.0244141
0 0.401367 0.855469 0.015625 0.0410156
0 0.246094 0.710938 0.0292969 0.0371094
0 0.367188 0.777832 0.0253906 0.0400391
0 0.475586 0.594238 0.0195312 0.0400391
0 0.35791 0.751953 0.0322266 0.0175781
0 0.346191 0.712402 0.0244141 0.0302734
