0 0.411133 0.291504 0.0820312 0.0439453
0 0.749023 0.254395 0.0664062 0.0439453
0 0.210938 0.241211 0.0585938 0.0605469
0 0.442871 0.887695 0.0771484 0.0351562
0 0.436523 0.0488281 0.0683594 0.0449219
0 0.228516 0.0908203 0.046875 0.0878906
0 0.687988 0.356934 0.0654297 0.0439453
0 0.129883 0.482422 0.078125 0.0546875
0 0.271484 0.407227 0.0507812 0.0644531
0 0.794922 0.52002 0.0722656 0.0556641
0 0.601562 0.241211 0.0566406 0.0507812
0 0.79541 0.0322266 0.0615234 0.0644531
0 0.331055 0.558594 0.046875 0.0644531
0 0.606445 0.48291 0.0644531 0.0537109
0 0.696777 0.766113 0.0751953 0.0556641
0 0.546875 0.0541992 0.0410156 0.0888672
0 0.592285 0.804688 0.0595703 0.0683594
0 0.398926 0.40625 0.0283203 0.0800781
0 0.510742 0.643066 0.0625 0.0556641
0 0.450195 0.673828 0.0332031 0.0761719
0 0.335938 0.03125 0.0507812 0.0546875
0 0.805664 0.654297 0.0351562 0.115234
0 0.842285 0.276855 0.0498047 0.0791016
