0 0.443359 0.424805 0.046875 0.078125
0 0.525391 0.734863 0.0214844 0.0830078
0 0.513184 0.520996 0.0283203 0.0751953
0 0.492188 0.445312 0.0332031 0.0527344
0 0.552734 0.655762 0.0429688 0.0869141
0 0.509277 0.481445 0.0185547 0.0917969
0 0.534668 0.500977 0.0244141 0.0878906
0 0.553711 0.504883 0.0195312 0.0898438
0 0.532227 0.67334 0.046875 0.0966797
0 0.433594 0.599609 0.0449219 0.078125
0 0.482422 0.616211 0.0644531 0.0644531
0 0.491211 0.512207 0.0234375 0.0927734
0 0.531738 0.558594 0.0537109 0.0371094
0 0.560059 0.590332 0.0537109 0.0380859
0 0.354004 0.630371 0.0673828 0.0634766
0 0.509277 0.590332 0.0595703 0.0712891
0 0.398926 0.485352 0.0869141 0.0625
0 0.352051 0.552734 0.0693359 0.0546875
0 0.428711 0.437988 0.0605469 0.102539
0 0.449219 0.559082 0.0703125 0.0380859
0 0.472656 0.407715 0.03125 0.12207
0 0.399414 0.631836 0.0820312 0.0546875
0 0.230957 0.594727 0.0556641 0.0800781
0 0.535156 0.353516 0.0527344 0.0390625
0 0.348145 0.584961 0.0810547 0.0390625
0 0.233887 0.501953 0.0517578 0.109375
0 0.390625 0.556641 0.0527344 0.0976562
0 0.694824 0.45166 0.0478516 0.112305
0 0.362793 0.446289 0.0654297 0.046875
0 0.306152 0.524902 0.0791016 0.0751953
0 0.546387 0.395508 0.0517578 0.0507812
0 0.640137 0.578125 0.0673828 0.0390625
0 0.297852 0.580078 0.0332031 0.0761719
0 0.587402 0.921875 0.0615234 0.0625
0 0.506348 0.400391 0.0478516 0.0585938
0 0.490234 0.711426 0.0527344 0.0791016
0 0.609863 0.868652 0.0712891 0.0615234
0 0.434082 0.527832 0.0673828 0.0595703
0 0.57959 0.500488 0.0341797 0.0947266
0 0.448242 0.694824 0.0625 0.0693359
0 0.330566 0.485352 0.0615234 0.0957031
0 0.268066 0.470703 0.0830078 0.0878906
0 0.570801 0.350586 0.0498047 0.0820312
0 0.272461 0.598633 0.0488281 0.0996094
