0 0.330566 0.503906 0.0478516 0.0351562
0 0.267578 0.655273 0.0195312 0.0292969
0 0.311035 0.466309 0.0205078 0.0498047
0 0.459473 0.480957 0.0400391 0.0478516
0 0.432617 0.618164 0.0546875 0.0371094
0 0.398438 0.647949 0.0371094 0.0341797
0 0.355469 0.665039 0.0410156 0.0234375
0 0.296875 0.494141 0.0175781 0.0507812
0 0.501465 0.588867 0.0224609 0.0546875
0 0.436035 0.430664 0.0439453 0.0214844
0 0.487305 0.51416 0.0488281 0.0244141
0 0.258301 0.519531 0.0205078 0.0566406
0 0.312988 0.546875 0.0166016 0.0546875
0 0.428223 0.484863 0.0283203 0.0634766
0 0.36377 0.499023 0.0224609 0.0585938
0 0.277832 0.506836 0.0205078 0.0605469
0 0.331055 0.470703 0.0292969 0.0410156
0 0.444336 0.523438 0.0449219 0.0332031
0 0.435059 0.447754 0.0439453 0.0322266
0 0.190918 0.558105 0.0458984 0.0263672
0 0.28125 0.594727 0.0585938 0.0332031
0 0.25293 0.574707 0.0449219 0.0244141
0 0.401367 0.483398 0.0410156 0.0507812
0 0.491211 0.494141 0.0449219 0.0214844
0 0.50293 0.548828 0.0234375 0.0488281
0 0.394043 0.461426 0.0361328 0.0361328
0 0.456055 0.405273 0.0488281 0.0351562
0 0.334473 0.623047 0.0458984 0.03125
0 0.472656 0.629883 0.0292969 0.046875
0 0.210938 0.568848 0.0449219 0.0380859
0 0.463867 0.587402 0.0449219 0.0302734
0 0.325684 0.652344 0.0458984 0.0332031
0 0.396484 0.516602 0.0332031 0.0449219
0 0.441406 0.561035 0.0371094 0.0361328
0 0.289062 0.541992 0.0351562 0.0449219
0 0.462402 0.674316 0.0244141 0.0400391
0 0.451172 0.635254 0.0351562 0.0478516
0 0.485352 0.670898 0.0253906 0.046875
0 0.231445 0.645996 0.0253906 0.0634766
