0 0.3125 0.370117 0.0253906 0.0449219
0 0.374512 0.337891 0.0185547 0.0273438
0 0.23291 0.44873 0.0126953 0.0458984
0 0.369629 0.474121 0.0224609 0.0224609
0 0.537109 0.267578 0.0136719 0.046875
0 0.352539 0.447266 0.0234375 0.046875
0 0.36377 0.407227 0.0126953 0.0488281
0 0.526855 0.229492 0.0185547 0.0449219
0 0.36084 0.311523 0.0263672 0.0292969
0 0.249512 0.42041 0.0224609 0.0263672
0 0.393066 0.172852 0.0263672 0.0234375
0 0.557129 0.25293 0.0380859 0.0234375
0 0.350098 0.422852 0.0166016 0.0449219
0 0.431152 0.387695 0.0205078 0.0625
0 0.330566 0.185059 0.0302734 0.0556641
0 0.526367 0.755859 0.015625 0.0410156
0 0.413086 0.470215 0.015625 0.0537109
0 0.385254 0.367188 0.0224609 0.03125
0 0.501465 0.616211 0.0166016 0.0546875
0 0.24707 0.47998 0.015625 0.0517578
0 0.350586 0.396484 0.0195312 0.03125
0 0.449219 0.291016 0.0175781 0.0507812
0 0.494141 0.542969 0.03125 0.0253906
0 0.392578 0.378906 0.0234375 0.0390625
0 0.325195 0.239258 0.0136719 0.0527344
0 0.299316 0.37207 0.0263672 0.0527344
0 0.269531 0.418945 0.015625 0.0566406
0 0.469727 0.487305 0.015625 0.046875
0 0.313477 0.446777 0.0273438 0.0322266
0 0.24707 0.373535 0.0234375 0.0400391
0 0.384766 0.408203 0.0273438 0.0371094
0 0.541504 0.210938 0.0224609 0.0546875
0 0.393555 0.474121 0.0234375 0.0400391
0 0.488281 0.408691 0.0390625 0.0263672
0 0.473145 0.550293 0.0283203 0.0419922
0 0.469727 0.672363 0.03125 0.0458984
0 0.540527 0.294434 0.0244141 0.0537109
0 0.384766 0.461426 0.0214844 0.0458984
0 0.436035 0.163086 0.0185547 0.0585938
0 0.459961 0.411621 0.0195312 0.0400391
0 0.490723 0.441895 0.0263672 0.0361328
0 0.473633 0.580078 0.0234375 0.0488281
0 0.525391 0.203125 0.0195312 0.0507812
0 0.493652 0.285156 0.0244141 0.0351562
0 0.494629 0.317383 0.0205078 0.0546875
0 0.590332 0.29541 0.0322266 0.0419922
0 0.251953 0.390137 0.0195312 0.0498047
0 0.355469 0.358398 0.0273438 0.0351562
0 0.415527 0.148438 0.0283203 0.0429688
0 0.399414 0.141113 0.0273438 0.0400391
0 0.558105 0.280762 0.0224609 0.0419922
0 0.296875 0.418945 0.03125 0.0351562
0 0.338867 0.381348 0.0234375 0.0419922
0 0.494141 0.371582 0.0234375 0.0419922
0 0.397461 0.589844 0.0175781 0.0488281
0 0.449707 0.461426 0.0205078 0.0498047
0 0.315918 0.38916 0.0263672 0.0341797
