0 0.608398 0.5 0.0410156 0.0546875
0 0.400879 0.417969 0.0283203 0.015625
0 0.647949 0.581543 0.0205078 0.0361328
0 0.402832 0.496582 0.0419922 0.0283203
0 0.603516 0.470215 0.0332031 0.0341797
0 0.635742 0.605957 0.0175781 0.0595703
0 0.654297 0.555176 0.0214844 0.0322266
0 0.509277 0.492676 0.0244141 0.0302734
0 0.485352 0.400391 0.0332031 0.0410156
0 0.539062 0.485352 0.0234375 0.0351562
0 0.65918 0.513184 0.0234375 0.0673828
0 0.485352 0.482422 0.046875 0.0488281
0 0.634277 0.528809 0.0166016 0.0400391
0 0.603027 0.555664 0.0263672 0.046875
0 0.499023 0.440918 0.0351562 0.0400391
0 0.644531 0.513184 0.0195312 0.0576172
0 0.499023 0.789062 0.0449219 0.0273438
0 0.481934 0.584961 0.0166016 0.0488281
0 0.492676 0.464844 0.0361328 0.0351562
0 0.484375 0.733887 0.0253906 0.0458984
0 0.490234 0.518066 0.046875 0.0244141
0 0.62207 0.830566 0.0371094 0.0400391
0 0.428711 0.447266 0.0410156 0.0234375
0 0.469727 0.577637 0.0175781 0.0634766
0 0.475586 0.364258 0.0429688 0.0292969
0 0.680664 0.540039 0.015625 0.0625
0 0.623047 0.499512 0.0253906 0.0498047
0 0.444336 0.54834 0.0234375 0.0556641
0 0.507324 0.814453 0.0400391 0.0292969
0 0.544434 0.810547 0.0224609 0.0605469
0 0.526367 0.417969 0.0253906 0.0683594
0 0.600098 0.445801 0.0341797 0.0361328
0 0.4375 0.645508 0.0273438 0.0546875
0 0.543457 0.59375 0.0185547 0.0546875
0 0.539551 0.362793 0.0380859 0.0302734
0 0.56543 0.564453 0.0332031 0.0507812
0 0.525391 0.775879 0.0175781 0.0654297
0 0.549805 0.436523 0.0195312 0.0644531
0 0.450684 0.628418 0.0283203 0.0673828
0 0.543945 0.751953 0.015625 0.0566406
0 0.624512 0.59375 0.0283203 0.0644531
0 0.563477 0.40918 0.0253906 0.0761719
0 0.648438 0.650391 0.0195312 0.0410156
0 0.411621 0.582031 0.0244141 0.0742188
0 0.422363 0.430664 0.0400391 0.0175781
0 0.448242 0.356445 0.0429688 0.0214844
0 0.435059 0.411621 0.0361328 0.0283203
0 0.668457 0.706543 0.0439453 0.0185547
0 0.452637 0.571777 0.0283203 0.0537109
0 0.692383 0.572754 0.0429688 0.0283203
0 0.487305 0.335449 0.0332031 0.0322266
0 0.385254 0.541992 0.0400391 0.078125
0 0.565918 0.648438 0.0244141 0.0429688
0 0.629395 0.54834 0.0498047 0.0380859
0 0.45166 0.687012 0.0283203 0.0537109
0 0.458008 0.321777 0.0234375 0.0517578
0 0.67334 0.600586 0.0478516 0.03125
0 0.591797 0.381836 0.0234375 0.0546875
0 0.669922 0.625 0.0507812 0.0253906
0 0.609375 0.63916 0.0410156 0.0478516
0 0.432129 0.47168 0.0400391 0.0351562
0 0.494629 0.373535 0.0537109 0.0419922
0 0.466797 0.40625 0.0351562 0.0410156
0 0.457031 0.494629 0.0195312 0.0537109
0 0.478516 0.758301 0.0546875 0.0400391
0 0.65332 0.686035 0.0449219 0.0244141
0 0.556641 0.776855 0.0214844 0.0537109
0 0.648438 0.430176 0.0488281 0.0205078
0 0.476074 0.642578 0.0205078 0.0683594
0 0.615723 0.430664 0.0341797 0.0527344
0 0.641113 0.45752 0.0380859 0.0341797
0 0.477539 0.295898 0.0273438 0.0625
0 0.422852 0.587402 0.0214844 0.0615234
0 0.444336 0.269043 0.0390625 0.0478516
0 0.69043 0.661133 0.0488281 0.0351562
0 0.504395 0.747559 0.0283203 0.0595703
0 0.503418 0.550293 0.0283203 0.0673828
0 0.53418 0.652344 0.0253906 0.0566406
0 0.511719 0.669434 0.0253906 0.0693359
0 0.594727 0.5 0.0371094 0.0625
0 0.673828 0.47168 0.0332031 0.0605469
0 0.415039 0.537109 0.0390625 0.0664062
0 0.458984 0.163574 0.0351562 0.0322266
0 0.471191 0.27002 0.0478516 0.0419922
0 0.55957 0.681152 0.0332031 0.0693359
0 0.394531 0.456055 0.0351562 0.0410156
0 0.50293 0.701172 0.0390625 0.0527344
0 0.53418 0.853516 0.0605469 0.046875
0 0.507324 0.315918 0.0361328 0.0634766
0 0.52832 0.569824 0.0488281 0.0556641
0 0.567383 0.348145 0.0253906 0.0673828
0 0.410156 0.670898 0.0351562 0.0625
0 0.585938 0.701172 0.0253906 0.0585938
0 0.421875 0.372559 0.0351562 0.0556641
