0 0.371094 0.0107422 0.046875 0.0214844
0 0.322266 0.335938 0.0605469 0.0429688
0 0.969238 0.911621 0.0595703 0.0478516
0 0.327148 0.0532227 0.03125 0.0986328
0 0.290039 0.167969 0.0488281 0.113281
0 0.331055 0.376953 0.0625 0.0507812
0 0.324219 0.139648 0.0449219 0.107422
0 0.904785 0.905762 0.0732422 0.102539
0 0.339355 0.413086 0.0693359 0.0664062
0 0.376465 0.54541 0.0673828 0.143555
0 0.297852 0.0600586 0.0390625 0.118164
0 0.344238 0.285156 0.0419922 0.123047
0 0.286621 0.317383 0.0654297 0.0566406
0 0.340332 0.169434 0.0380859 0.0986328
0 0.296875 0.254883 0.0546875 0.0996094
