0 0.425293 0.794434 0.0205078 0.0400391
0 0.519531 0.605469 0.03125 0.0683594
0 0.535156 0.619141 0.0332031 0.0371094
0 0.588379 0.357422 0.0478516 0.0527344
0 0.5 0.41748 0.0253906 0.0419922
0 0.613281 0.386719 0.0253906 0.0527344
0 0.521484 0.661621 0.03125 0.0595703
0 0.555176 0.632812 0.0439453 0.0351562
0 0.558594 0.584961 0.0488281 0.0488281
0 0.592285 0.466309 0.0478516 0.0341797
0 0.513184 0.4375 0.0458984 0.0371094
0 0.539551 0.664062 0.0283203 0.0449219
0 0.639648 0.388184 0.0214844 0.0576172
0 0.548828 0.695312 0.0488281 0.0253906
0 0.569824 0.662598 0.0498047 0.0283203
0 0.584961 0.417969 0.0332031 0.0449219
0 0.543457 0.480469 0.0341797 0.0390625
0 0.55957 0.416016 0.0390625 0.046875
0 0.617188 0.428711 0.0351562 0.0507812
0 0.451172 0.473633 0.0273438 0.0683594
0 0.559082 0.351562 0.0380859 0.0507812
0 0.512695 0.710449 0.03125 0.0419922
0 0.631836 0.445801 0.0371094 0.0537109
0 0.634277 0.600586 0.0244141 0.0761719
