0 0.452637 0.758789 0.0146484 0.0390625
0 0.457031 0.709961 0.0214844 0.03125
0 0.384766 0.503906 0.0292969 0.0292969
0 0.444336 0.56543 0.0175781 0.0351562
0 0.522461 0.693359 0.0175781 0.0390625
0 0.591309 0.521484 0.0244141 0.0371094
0 0.628418 0.416504 0.0224609 0.0263672
0 0.587891 0.500977 0.0234375 0.0351562
0 0.452637 0.733887 0.0205078 0.0244141
0 0.557617 0.546875 0.0234375 0.0410156
0 0.436035 0.425293 0.0185547 0.0380859
0 0.460938 0.700195 0.0175781 0.0429688
0 0.53418 0.650391 0.0234375 0.0234375
0 0.529297 0.842285 0.0117188 0.0419922
0 0.515625 0.690918 0.0214844 0.0458984
0 0.522949 0.662109 0.0244141 0.0371094
0 0.506836 0.475586 0.0136719 0.0390625
0 0.535156 0.505859 0.015625 0.0410156
0 0.57959 0.39209 0.0166016 0.0341797
0 0.560547 0.66748 0.0234375 0.0341797
0 0.650391 0.564941 0.0175781 0.0517578
0 0.484863 0.575684 0.0146484 0.0380859
0 0.42627 0.459961 0.0205078 0.0429688
0 0.571289 0.397461 0.015625 0.0390625
0 0.552734 0.521484 0.0253906 0.0234375
0 0.54541 0.488281 0.0166016 0.0390625
0 0.557617 0.420898 0.0175781 0.046875
0 0.650391 0.645996 0.0195312 0.0322266
0 0.506348 0.70752 0.0166016 0.0419922
0 0.586914 0.486816 0.0234375 0.0322266
0 0.669434 0.638672 0.0146484 0.0351562
0 0.440918 0.705078 0.0146484 0.046875
0 0.412109 0.688965 0.0136719 0.0400391
0 0.551758 0.654297 0.0234375 0.0234375
0 0.631348 0.670898 0.0224609 0.03125
0 0.494629 0.690918 0.0146484 0.0458984
0 0.379883 0.492188 0.0273438 0.046875
0 0.443848 0.57959 0.0205078 0.0458984
0 0.586914 0.547852 0.0175781 0.0351562
0 0.483398 0.830078 0.0234375 0.0253906
0 0.495117 0.570312 0.0136719 0.046875
0 0.550781 0.376953 0.0136719 0.0410156
0 0.583008 0.638672 0.015625 0.03125
0 0.522461 0.638672 0.0234375 0.0292969
0 0.438965 0.54248 0.0166016 0.0341797
0 0.668945 0.535645 0.0175781 0.0439453
0 0.59082 0.398438 0.0195312 0.0390625
0 0.535645 0.404785 0.0126953 0.0400391
0 0.62207 0.439453 0.0214844 0.0214844
0 0.526367 0.423828 0.0136719 0.0390625
0 0.464844 0.759766 0.0175781 0.0429688
0 0.477051 0.504395 0.0205078 0.0244141
0 0.645996 0.661133 0.0244141 0.0234375
0 0.696289 0.506836 0.015625 0.0429688
0 0.562988 0.372559 0.0126953 0.0400391
0 0.613281 0.412598 0.0175781 0.0419922
0 0.620605 0.757324 0.0244141 0.0263672
0 0.531738 0.466797 0.0185547 0.0371094
0 0.399414 0.48291 0.015625 0.0439453
0 0.476074 0.563477 0.0126953 0.0429688
0 0.494141 0.821777 0.0234375 0.0341797
0 0.636719 0.440918 0.015625 0.0380859
0 0.425781 0.547363 0.0234375 0.0263672
0 0.566895 0.691406 0.0244141 0.0234375
0 0.65625 0.679199 0.0234375 0.0263672
0 0.525879 0.489746 0.0224609 0.0263672
0 0.540039 0.544434 0.015625 0.0380859
0 0.446777 0.792969 0.0205078 0.0488281
0 0.637695 0.407715 0.0234375 0.0263672
0 0.617188 0.811523 0.0292969 0.0273438
0 0.658203 0.623535 0.0175781 0.0439453
0 0.55957 0.627441 0.0214844 0.0263672
0 0.50293 0.847168 0.0214844 0.0263672
0 0.490234 0.527832 0.015625 0.0458984
0 0.505859 0.447266 0.0175781 0.0390625
0 0.631348 0.461914 0.0185547 0.0371094
0 0.515625 0.742188 0.0273438 0.0253906
0 0.618652 0.382812 0.0166016 0.0449219
0 0.558594 0.611816 0.0214844 0.0322266
0 0.410156 0.817871 0.0234375 0.0302734
0 0.397949 0.454102 0.0244141 0.03125
0 0.563965 0.824219 0.0185547 0.0449219
0 0.470703 0.491211 0.0234375 0.0332031
0 0.549316 0.59375 0.0244141 0.0234375
0 0.574219 0.443848 0.015625 0.0439453
0 0.42334 0.772461 0.0185547 0.0507812
0 0.43457 0.72998 0.0214844 0.0283203
0 0.447266 0.394043 0.0136719 0.0419922
0 0.607422 0.52832 0.015625 0.0371094
0 0.613281 0.466797 0.015625 0.0429688
0 0.506836 0.620117 0.0234375 0.0292969
0 0.606934 0.446777 0.0205078 0.0341797
0 0.451172 0.675293 0.0175781 0.0419922
0 0.443848 0.76123 0.0185547 0.0380859
0 0.558594 0.479492 0.0175781 0.0390625
0 0.396973 0.592285 0.0244141 0.0322266
0 0.498047 0.60498 0.0253906 0.0361328
0 0.583008 0.660156 0.0195312 0.0351562
0 0.679199 0.638672 0.0185547 0.0351562
0 0.516113 0.551758 0.0185547 0.0390625
0 0.538086 0.85791 0.0136719 0.0419922
0 0.611816 0.581055 0.0166016 0.0371094
0 0.523926 0.530762 0.0205078 0.0322266
0 0.478027 0.616699 0.0224609 0.0361328
0 0.466797 0.305664 0.0273438 0.0449219
0 0.564453 0.587402 0.0195312 0.0361328
0 0.411133 0.5625 0.0175781 0.0371094
0 0.481934 0.321289 0.0224609 0.0410156
0 0.476562 0.363281 0.0175781 0.0488281
0 0.710938 0.516113 0.0214844 0.0361328
0 0.657227 0.518555 0.0195312 0.0390625
0 0.413574 0.712891 0.0185547 0.0410156
0 0.375977 0.537598 0.0292969 0.0283203
0 0.694824 0.532227 0.0263672 0.0410156
0 0.586426 0.708008 0.0205078 0.03125
0 0.513184 0.794434 0.0224609 0.0322266
0 0.539062 0.71875 0.0253906 0.0351562
0 0.462891 0.591797 0.0195312 0.03125
0 0.401855 0.625488 0.0224609 0.0322266
0 0.616211 0.669434 0.015625 0.0458984
0 0.616211 0.606445 0.0253906 0.0390625
0 0.638184 0.508789 0.0146484 0.0429688
0 0.632812 0.71582 0.0273438 0.0273438
0 0.523926 0.263672 0.0185547 0.0390625
0 0.485352 0.474121 0.0253906 0.0322266
0 0.408691 0.22168 0.0224609 0.0371094
0 0.601562 0.653809 0.015625 0.0419922
0 0.525391 0.78125 0.0234375 0.0332031
0 0.599121 0.374512 0.0185547 0.0380859
0 0.507812 0.415039 0.0253906 0.0332031
0 0.608398 0.711914 0.0195312 0.046875
0 0.605469 0.493652 0.0195312 0.0400391
0 0.450684 0.445801 0.0244141 0.0341797
0 0.635742 0.747559 0.0234375 0.0341797
