0 0.429688 0.588867 0.0546875 0.0429688
0 0.433105 0.542969 0.0537109 0.0585938
0 0.477539 0.524414 0.0429688 0.0605469
0 0.494629 0.544434 0.0517578 0.0595703
0 0.45752 0.534668 0.0380859 0.0673828
0 0.411621 0.541992 0.0478516 0.0644531
0 0.627441 0.532227 0.0400391 0.0683594
0 0.628418 0.59668 0.0458984 0.0644531
0 0.388672 0.599609 0.0664062 0.0507812
0 0.410645 0.640625 0.0712891 0.0410156
0 0.577637 0.465332 0.0810547 0.0322266
0 0.52832 0.470703 0.0722656 0.0429688
0 0.561523 0.606445 0.0527344 0.0546875
0 0.435059 0.618164 0.0595703 0.0410156
0 0.520508 0.425293 0.0742188 0.0361328
0 0.38916 0.656738 0.0673828 0.0537109
0 0.444824 0.691406 0.0615234 0.0742188
0 0.575195 0.631348 0.0449219 0.0537109
0 0.481445 0.669922 0.0390625 0.0585938
0 0.600098 0.60498 0.0439453 0.0556641
0 0.535645 0.647461 0.0439453 0.0566406
0 0.494141 0.624023 0.0429688 0.0605469
0 0.585938 0.374023 0.109375 0.0488281
0 0.522949 0.552734 0.0400391 0.0664062
0 0.522461 0.603516 0.0488281 0.0625
0 0.449219 0.647461 0.0546875 0.0605469
0 0.386719 0.564453 0.0546875 0.0585938
0 0.389648 0.486816 0.0644531 0.0615234
0 0.613281 0.451172 0.0703125 0.0488281
0 0.477539 0.612793 0.0332031 0.0732422
0 0.439453 0.500977 0.078125 0.0410156
0 0.554688 0.518555 0.0390625 0.0703125
0 0.526855 0.440918 0.0771484 0.0322266
0 0.644531 0.606445 0.0507812 0.0644531
0 0.600586 0.505859 0.0507812 0.0664062
0 0.480469 0.707031 0.0605469 0.0546875
0 0.49707 0.490234 0.0527344 0.0664062
0 0.650879 0.536621 0.0537109 0.0693359
0 0.407715 0.456055 0.0439453 0.0683594
0 0.463867 0.45459 0.0605469 0.0595703
0 0.341797 0.595703 0.0546875 0.0664062
0 0.572754 0.572266 0.0869141 0.0351562
0 0.444824 0.438965 0.0576172 0.0615234
0 0.568359 0.666992 0.0546875 0.0605469
0 0.462891 0.582031 0.0585938 0.0585938
0 0.661133 0.460449 0.0839844 0.0419922
0 0.577148 0.429199 0.0644531 0.0615234
0 0.0400391 0.563477 0.078125 0.078125
0 0.316406 0.40918 0.0996094 0.0527344
0 0.493164 0.303223 0.115234 0.0712891
0 0.608398 0.678223 0.0585938 0.0732422
0 0.357422 0.518555 0.0800781 0.0625
0 0.25293 0.582031 0.078125 0.0644531
0 0.273926 0.683594 0.0888672 0.078125
0 0.527832 0.707031 0.0888672 0.0625
0 0.754395 0.155273 0.0732422 0.0664062
0 0.335449 0.633789 0.0712891 0.0605469
0 0.727539 0.304199 0.0644531 0.0751953
0 0.895508 0.37793 0.0820312 0.0605469
0 0.680176 0.396484 0.0771484 0.0585938
