0 0.580078 0.67627 0.0195312 0.0205078
0 0.513184 0.685059 0.0205078 0.0478516
0 0.441406 0.461914 0.0136719 0.0507812
0 0.571777 0.603027 0.0439453 0.0439453
0 0.425781 0.451172 0.0195312 0.0527344
0 0.518555 0.702637 0.0273438 0.0615234
0 0.594238 0.467285 0.0419922 0.0361328
0 0.42041 0.466309 0.0244141 0.0341797
0 0.542969 0.680664 0.0332031 0.0664062
0 0.502441 0.486328 0.0380859 0.0546875
0 0.564941 0.477051 0.0185547 0.0419922
0 0.503418 0.394531 0.0244141 0.0644531
0 0.467773 0.625977 0.0234375 0.0546875
0 0.545898 0.450684 0.0351562 0.0537109
0 0.431152 0.567871 0.0302734 0.0517578
0 0.51709 0.435059 0.0263672 0.0498047
0 0.417969 0.507324 0.0449219 0.0302734
0 0.567871 0.621094 0.0439453 0.0332031
0 0.469727 0.547852 0.0273438 0.0429688
