0 0.862305 0.564941 0.0175781 0.0302734
0 0.719727 0.52832 0.0410156 0.0390625
0 0.676758 0.460938 0.0371094 0.0214844
0 0.146484 0.0107422 0.0273438 0.0214844
0 0.442871 0.824219 0.0400391 0.046875
0 0.666992 0.388672 0.046875 0.0273438
0 0.381348 0.460449 0.0244141 0.0458984
0 0.469238 0.453613 0.0322266 0.0517578
0 0.273438 0.603516 0.03125 0.046875
0 0.626465 0.71875 0.0322266 0.0292969
0 0.236328 0.597168 0.0273438 0.0517578
0 0.645508 0.416016 0.0175781 0.046875
0 0.345215 0.105469 0.0283203 0.046875
0 0.651855 0.468262 0.0224609 0.0537109
0 0.706055 0.397461 0.0214844 0.0488281
0 0.308594 0.435547 0.0292969 0.0585938
0 0.787109 0.573242 0.0195312 0.0488281
0 0.455078 0.25293 0.046875 0.0351562
0 0.400879 0.459473 0.0224609 0.0556641
0 0.318359 0.111328 0.0429688 0.0429688
0 0.497559 0.237793 0.0283203 0.0439453
0 0.552734 0.599121 0.0390625 0.0380859
