1 0.456055 0.313965 0.146484 0.0458984
1 0.445312 0.270508 0.152344 0.0742188
0 0.717285 0.84668 0.0908203 0.0449219
0 0.452637 0.314453 0.137695 0.0429688
0 0.572266 0.343262 0.0898438 0.0224609
0 0.65625 0.905273 0.0898438 0.0292969
0 0.508789 0.344238 0.0761719 0.0283203
0 0.680664 0.561035 0.0644531 0.0419922
0 0.442871 0.269043 0.149414 0.0673828
0 0.609375 0.839844 0.0390625 0.0703125
1 0.53125 0.294434 0.160156 0.0869141
1 0.663086 0.825195 0.0820312 0.154297
1 0.562012 0.390137 0.188477 0.0947266
1 0.521484 0.659668 0.183594 0.110352
