0 0.314453 0.490234 0.0839844 0.0332031
0 0.432129 0.578125 0.0908203 0.03125
0 0.230469 0.35791 0.0507812 0.0712891
0 0.341309 0.347656 0.0986328 0.0390625
0 0.297852 0.643066 0.0761719 0.0341797
0 0.408691 0.700684 0.0927734 0.0439453
0 0.773438 0.532715 0.113281 0.0302734
0 0.249023 0.650391 0.111328 0.0585938
0 0.23584 0.519043 0.0478516 0.0556641
0 0.191406 0.465332 0.0878906 0.0400391
0 0.526367 0.734375 0.0839844 0.0332031
0 0.22168 0.580566 0.0683594 0.0537109
0 0.444336 0.344727 0.0800781 0.0566406
0 0.363281 0.78418 0.0527344 0.0507812
0 0.443848 0.456543 0.0419922 0.0595703
0 0.475586 0.401855 0.0761719 0.0322266
0 0.617676 0.638184 0.0654297 0.0380859
0 0.326172 0.55127 0.078125 0.0400391
0 0.39502 0.485352 0.0615234 0.0449219
0 0.388184 0.661621 0.0498047 0.0517578
0 0.331543 0.425293 0.0556641 0.0576172
0 0.26709 0.431641 0.0830078 0.0332031
0 0.465332 0.554688 0.0556641 0.0566406
0 0.630371 0.517578 0.0751953 0.046875
0 0.57959 0.477051 0.0615234 0.0517578
