0 0.405762 0.310059 0.0146484 0.0419922
0 0.416016 0.463867 0.0253906 0.0332031
0 0.0395508 0.395508 0.0439453 0.078125
0 0.0507812 0.348633 0.0351562 0.0683594
0 0.386719 0.499023 0.0175781 0.0722656
0 0.402344 0.877441 0.0488281 0.0498047
0 0.0854492 0.345703 0.0517578 0.0703125
0 0.40332 0.481934 0.03125 0.0654297
0 0.540039 0.531738 0.0332031 0.0732422
0 0.607422 0.376465 0.0410156 0.12793
0 0.230957 0.449219 0.0341797 0.0800781
0 0.445801 0.476074 0.0478516 0.0341797
0 0.397461 0.665039 0.0332031 0.0742188
0 0.456543 0.436523 0.0263672 0.0644531
0 0.0610352 0.507324 0.0458984 0.102539
0 0.39209 0.911133 0.0400391 0.0507812
0 0.338867 0.965332 0.0371094 0.0693359
0 0.381348 0.756348 0.0478516 0.0458984
0 0.413086 0.412109 0.0449219 0.0566406
0 0.437988 0.766113 0.0498047 0.0869141
0 0.376465 0.805664 0.0302734 0.0742188
0 0.535156 0.353516 0.0566406 0.0410156
0 0.601562 0.293945 0.0585938 0.0449219
