0 0.401855 0.348145 0.0302734 0.0634766
0 0.390137 0.42334 0.0224609 0.0615234
0 0.512207 0.568359 0.0224609 0.0625
0 0.578125 0.820312 0.0429688 0.0390625
0 0.549316 0.546875 0.0380859 0.0546875
0 0.578125 0.490234 0.0449219 0.0234375
0 0.525391 0.9375 0.0449219 0.046875
0 0.524414 0.724121 0.0292969 0.0419922
0 0.407227 0.307617 0.0351562 0.0410156
0 0.480957 0.423828 0.0302734 0.0585938
0 0.452637 0.512207 0.0322266 0.0517578
0 0.307617 0.291992 0.0410156 0.0332031
0 0.472168 0.750977 0.0361328 0.0644531
0 0.601074 0.400391 0.0283203 0.0722656
0 0.300781 0.384277 0.0234375 0.0654297
0 0.575195 0.57666 0.0292969 0.0634766
0 0.585938 0.403809 0.0390625 0.0615234
0 0.53125 0.415039 0.046875 0.0410156
0 0.411621 0.467285 0.0419922 0.0400391
0 0.405273 0.68457 0.0195312 0.0644531
0 0.340332 0.484375 0.0556641 0.0507812
0 0.408203 0.523926 0.0332031 0.0654297
0 0.231445 0.402832 0.0410156 0.0419922
0 0.509766 0.419434 0.0429688 0.0439453
0 0.5 0.738281 0.0351562 0.0410156
0 0.441406 0.489258 0.0390625 0.0605469
0 0.279297 0.338379 0.0429688 0.0439453
0 0.395508 0.380859 0.0371094 0.046875
0 0.615234 0.853516 0.0351562 0.0371094
0 0.287109 0.379395 0.0234375 0.0439453
0 0.562988 0.460938 0.0361328 0.0585938
0 0.480957 0.485352 0.0361328 0.0683594
0 0.457031 0.745117 0.0585938 0.0664062
0 0.323242 0.397949 0.0390625 0.0498047
0 0.477539 0.555176 0.0410156 0.0712891
0 0.608398 0.484375 0.0253906 0.0664062
0 0.291016 0.245605 0.0253906 0.0576172
0 0.376953 0.543945 0.0371094 0.0332031
0 0.300293 0.443359 0.0380859 0.0546875
0 0.584961 0.463379 0.0371094 0.0439453
0 0.509277 0.530762 0.0498047 0.0361328
0 0.53418 0.399414 0.0449219 0.0429688
0 0.549316 0.970215 0.0380859 0.0478516
0 0.344238 0.524902 0.0517578 0.0361328
0 0.235352 0.425293 0.0527344 0.0341797
0 0.371094 0.456055 0.0351562 0.0644531
0 0.445312 0.354492 0.0566406 0.0371094
0 0.492188 0.338867 0.0273438 0.0644531
0 0.340332 0.563477 0.0380859 0.0527344
0 0.314453 0.254883 0.0429688 0.0507812
0 0.26709 0.490234 0.0400391 0.0625
0 0.442383 0.388184 0.0449219 0.0380859
0 0.655273 0.560547 0.0410156 0.0605469
0 0.880859 0.412109 0.046875 0.046875
0 0.503418 0.686035 0.0380859 0.0634766
0 0.32666 0.29248 0.0439453 0.0439453
0 0.390137 0.932129 0.0244141 0.0712891
0 0.441895 0.677246 0.0498047 0.0419922
0 0.269531 0.413574 0.0488281 0.0400391
0 0.52832 0.459473 0.0527344 0.0458984
0 0.509766 0.832031 0.046875 0.0429688
0 0.585938 0.586914 0.046875 0.0566406
0 0.591797 0.865234 0.0195312 0.0605469
0 0.321777 0.334961 0.0458984 0.0566406
0 0.348633 0.418457 0.03125 0.0634766
0 0.253906 0.280273 0.0429688 0.0644531
0 0.953125 0.0234375 0.0390625 0.046875
0 0.557617 0.849609 0.0488281 0.0429688
0 0.293945 0.198242 0.0488281 0.0605469
0 0.237793 0.330566 0.0517578 0.0517578
0 0.452148 0.841797 0.0488281 0.03125
0 0.571289 0.515625 0.0449219 0.0390625
0 0.491211 0.384277 0.0449219 0.0361328
0 0.48877 0.892578 0.0302734 0.0429688
0 0.415039 0.79248 0.0351562 0.0712891
0 0.629395 0.487305 0.0244141 0.0703125
0 0.578125 0.676758 0.0429688 0.0429688
0 0.306641 0.496582 0.0449219 0.0458984
0 0.555176 0.65332 0.0322266 0.0605469
0 0.466797 0.868164 0.046875 0.0332031
0 0.393555 0.741211 0.0488281 0.0449219
