0 0.29541 0.589355 0.0302734 0.0205078
0 0.61084 0.335938 0.0146484 0.0917969
0 0.22168 0.507812 0.0292969 0.0136719
0 0.338379 0.553711 0.0361328 0.0292969
0 0.614746 0.313965 0.0107422 0.0537109
0 0.777344 0.655762 0.0273438 0.0361328
0 0.360352 0.451172 0.0136719 0.0253906
0 0.370117 0.754395 0.0214844 0.0341797
0 0.414551 0.657227 0.0146484 0.0351562
0 0.798828 0.415527 0.0332031 0.0263672
0 0.830078 0.462402 0.0117188 0.0400391
0 0.830566 0.497559 0.0166016 0.0419922
0 0.234863 0.666992 0.0361328 0.0351562
0 0.610352 0.355469 0.0117188 0.0488281
0 0.208984 0.599609 0.0429688 0.03125
0 0.254883 0.228516 0.0644531 0.03125
0 0.521484 0.647461 0.0273438 0.0273438
0 0.866699 0.703125 0.0400391 0.0527344
0 0.345215 0.29248 0.0283203 0.0439453
0 0.255859 0.660156 0.0195312 0.0449219
0 0.22168 0.563965 0.0371094 0.0283203
0 0.550781 0.635742 0.03125 0.0253906
0 0.793945 0.435059 0.0234375 0.0478516
0 0.237305 0.612305 0.0175781 0.046875
0 0.435547 0.541992 0.0292969 0.0410156
0 0.335449 0.432617 0.0244141 0.0488281
0 0.320801 0.456055 0.0107422 0.0507812
0 0.518066 0.583008 0.0361328 0.0371094
0 0.820312 0.440918 0.0136719 0.0478516
0 0.341797 0.56543 0.0449219 0.0253906
0 0.288574 0.554688 0.0205078 0.0449219
0 0.414062 0.427246 0.0175781 0.0517578
0 0.838379 0.345703 0.0322266 0.0371094
0 0.279297 0.649414 0.0371094 0.0292969
0 0.804199 0.449219 0.0263672 0.0429688
0 0.114746 0.628906 0.0322266 0.0175781
0 0.366699 0.777832 0.0185547 0.0302734
0 0.842285 0.498535 0.0185547 0.0439453
0 0.3125 0.540039 0.0332031 0.0605469
0 0.824707 0.59375 0.0400391 0.0195312
0 0.553223 0.654297 0.0341797 0.0273438
0 0.816406 0.0913086 0.0195312 0.0556641
0 0.208008 0.328125 0.0292969 0.0253906
0 0.793945 0.255859 0.0351562 0.0234375
0 0.380371 0.589355 0.0166016 0.0556641
0 0.222656 0.683105 0.0332031 0.0283203
0 0.476074 0.54248 0.0361328 0.0380859
0 0.220703 0.547852 0.0371094 0.0292969
0 0.842773 0.739746 0.0390625 0.0205078
0 0.626953 0.532715 0.0390625 0.0419922
0 0.562012 0.458984 0.0361328 0.0371094
0 0.802734 0.147461 0.0332031 0.046875
0 0.522949 0.624512 0.0380859 0.0205078
0 0.231445 0.780273 0.0214844 0.0351562
0 0.213867 0.456055 0.0351562 0.0351562
0 0.331055 0.482422 0.03125 0.0390625
0 0.36377 0.601562 0.0185547 0.0703125
0 0.776855 0.42041 0.0185547 0.0458984
0 0.333984 0.538086 0.03125 0.0234375
0 0.450195 0.542969 0.0234375 0.046875
0 0.45166 0.691895 0.0439453 0.0185547
0 0.355957 0.494629 0.0400391 0.0361328
0 0.395996 0.73291 0.0380859 0.0400391
0 0.800781 0.523438 0.015625 0.0527344
0 0.363281 0.26123 0.046875 0.0537109
0 0.428711 0.41748 0.0175781 0.0517578
0 0.211914 0.4375 0.0371094 0.0410156
0 0.285645 0.511719 0.0205078 0.046875
0 0.399414 0.462891 0.0234375 0.0507812
0 0.256836 0.464844 0.0234375 0.0605469
0 0.279297 0.117676 0.03125 0.0439453
0 0.782227 0.664062 0.03125 0.0195312
0 0.885742 0.525879 0.0585938 0.0205078
0 0.840332 0.416504 0.0458984 0.0244141
0 0.362305 0.649902 0.0429688 0.0283203
0 0.302246 0.432129 0.0185547 0.0537109
0 0.237305 0.702637 0.03125 0.0478516
0 0.635742 0.491211 0.0195312 0.0507812
0 0.198242 0.51416 0.0175781 0.0556641
0 0.12207 0.644531 0.0390625 0.0195312
0 0.680664 0.357422 0.0234375 0.0546875
0 0.810547 0.616699 0.0351562 0.0439453
0 0.235352 0.419434 0.0253906 0.0634766
0 0.552246 0.591797 0.0439453 0.0273438
0 0.865234 0.44043 0.0195312 0.0566406
0 0.893555 0.141602 0.0429688 0.0566406
0 0.288086 0.615723 0.0351562 0.0478516
0 0.789062 0.104492 0.0371094 0.0429688
0 0.251465 0.612305 0.0166016 0.0546875
0 0.337891 0.387695 0.0351562 0.0664062
0 0.273926 0.586426 0.0341797 0.0478516
0 0.831543 0.536621 0.0361328 0.0185547
0 0.293945 0.742188 0.0253906 0.0546875
0 0.872559 0.612793 0.0458984 0.0498047
0 0.271973 0.433594 0.0205078 0.0605469
0 0.308105 0.342285 0.0341797 0.0400391
0 0.188965 0.652832 0.0322266 0.0361328
0 0.824219 0.324707 0.0332031 0.0322266
0 0.388184 0.64209 0.0361328 0.0341797
0 0.503906 0.560059 0.0371094 0.0283203
0 0.655273 0.478516 0.0175781 0.0507812
0 0.260254 0.389648 0.0400391 0.0292969
0 0.802246 0.484375 0.0263672 0.0488281
0 0.775879 0.474609 0.0185547 0.0566406
0 0.226562 0.762207 0.0234375 0.0517578
0 0.0610352 0.647949 0.0419922 0.0224609
0 0.352051 0.974121 0.0205078 0.0517578
0 0.959961 0.253418 0.03125 0.0537109
0 0.313477 0.387695 0.0371094 0.0429688
0 0.843262 0.667969 0.0341797 0.0273438
0 0.309082 0.635254 0.0224609 0.0517578
0 0.716797 0.675293 0.0175781 0.0517578
0 0.324707 0.658691 0.0224609 0.0556641
0 0.292969 0.310547 0.0214844 0.0546875
0 0.861328 0.501953 0.0332031 0.0449219
0 0.266113 0.527344 0.0283203 0.0449219
0 0.46875 0.45459 0.0429688 0.0478516
0 0.643066 0.918457 0.0439453 0.0400391
0 0.341309 0.938965 0.0498047 0.0322266
0 0.225586 0.344727 0.0273438 0.0488281
0 0.302734 0.882324 0.0488281 0.0439453
0 0.386719 0.349609 0.0195312 0.0566406
0 0.357422 0.817383 0.0351562 0.0429688
0 0.370117 0.538086 0.0332031 0.0429688
0 0.908691 0.370117 0.0283203 0.0429688
0 0.578613 0.660156 0.0283203 0.0410156
0 0.864746 0.663574 0.0341797 0.0224609
0 0.859863 0.560547 0.0283203 0.0410156
0 0.571289 0.608398 0.0371094 0.0390625
0 0.397949 0.612793 0.0361328 0.0400391
0 0.673828 0.802734 0.0390625 0.0449219
0 0.37793 0.196777 0.0292969 0.0439453
0 0.10498 0.233887 0.0224609 0.0673828
0 0.0336914 0.800781 0.0380859 0.03125
0 0.322754 0.796875 0.0361328 0.0410156
0 0.172363 0.855957 0.0361328 0.0361328
