0 0.887695 0.188477 0.0214844 0.0371094
0 0.375977 0.589844 0.0371094 0.0429688
0 0.317383 0.0151367 0.0410156 0.0302734
0 0.95166 0.737305 0.0224609 0.0722656
0 0.696289 0.667969 0.0390625 0.046875
0 0.710938 0.619629 0.0292969 0.0673828
0 0.350098 0.620117 0.0302734 0.09375
0 0.625 0.666992 0.0429688 0.0722656
0 0.263672 0.513184 0.0332031 0.102539
0 0.633789 0.59668 0.0253906 0.0683594
0 0.371094 0.651855 0.0566406 0.0908203
0 0.484863 0.59668 0.0400391 0.0605469
0 0.705078 0.706543 0.0429688 0.0439453
0 0.358398 0.552734 0.0390625 0.0390625
0 0.555664 0.631836 0.0527344 0.0605469
0 0.61084 0.591797 0.0458984 0.078125
0 0.776367 0.711914 0.0527344 0.0410156
0 0.524902 0.571777 0.0439453 0.0673828
0 0.913086 0.755371 0.0449219 0.0478516
0 0.350586 0.520996 0.0429688 0.0439453
