0 0.327148 0.716309 0.03125 0.0380859
0 0.14209 0.960938 0.0517578 0.0253906
0 0.425781 0.604492 0.0527344 0.0292969
0 0.463379 0.730957 0.0634766 0.0224609
0 0.404297 0.749512 0.0449219 0.0478516
0 0.295898 0.710938 0.0644531 0.0234375
0 0.464355 0.580566 0.0400391 0.0595703
0 0.408203 0.69873 0.0664062 0.0302734
0 0.47168 0.748047 0.0429688 0.0292969
0 0.772461 0.755859 0.078125 0.0253906
0 0.307617 0.732422 0.0683594 0.0253906
0 0.469238 0.32959 0.0517578 0.0498047
0 0.41748 0.475098 0.0517578 0.0517578
0 0.459473 0.705566 0.0302734 0.0478516
0 0.410156 0.668457 0.0742188 0.0302734
0 0.394043 0.614746 0.0615234 0.0478516
0 0.493164 0.668457 0.0429688 0.0361328
0 0.524902 0.695312 0.0302734 0.0429688
0 0.547852 0.65918 0.0371094 0.0507812
0 0.51123 0.753418 0.0380859 0.0517578
0 0.537109 0.750977 0.0546875 0.046875
0 0.438477 0.626953 0.0449219 0.046875
0 0.483887 0.826172 0.0654297 0.0214844
0 0.554688 0.894043 0.0644531 0.0244141
0 0.492676 0.71582 0.0517578 0.0429688
0 0.464355 0.657715 0.0517578 0.0302734
0 0.223633 0.708008 0.0546875 0.0234375
0 0.0229492 0.48584 0.0458984 0.0283203
0 0.354004 0.668945 0.0556641 0.046875
0 0.511719 0.516602 0.0683594 0.0332031
0 0.595215 0.576172 0.0654297 0.0429688
0 0.655273 0.837891 0.0644531 0.0273438
0 0.422363 0.577637 0.0498047 0.0478516
0 0.546387 0.709473 0.0615234 0.0361328
0 0.192871 0.70459 0.0556641 0.0302734
