0 0.699707 0.678223 0.0146484 0.0166016
0 0.47168 0.402832 0.00976562 0.0283203
0 0.672852 0.41748 0.015625 0.0361328
0 0.544922 0.388184 0.00976562 0.0341797
0 0.46582 0.306641 0.0214844 0.03125
0 0.611816 0.790039 0.0205078 0.0234375
0 0.460938 0.658691 0.0136719 0.0380859
0 0.467285 0.283203 0.0146484 0.0351562
0 0.628906 0.779785 0.015625 0.0283203
0 0.607422 0.779297 0.0136719 0.0292969
0 0.47168 0.439941 0.0136719 0.0400391
0 0.593262 0.482422 0.0146484 0.0332031
0 0.433105 0.501465 0.0185547 0.0205078
0 0.686523 0.684082 0.0195312 0.0263672
0 0.532227 0.62207 0.015625 0.0292969
0 0.535645 0.633301 0.0185547 0.0322266
0 0.470215 0.654785 0.0126953 0.0380859
0 0.629883 0.695801 0.0234375 0.0185547
0 0.646973 0.687012 0.00878906 0.0341797
0 0.541016 0.65918 0.0136719 0.0351562
0 0.544434 0.700684 0.0185547 0.0244141
0 0.63623 0.796387 0.0185547 0.0205078
0 0.698242 0.657715 0.0117188 0.0322266
0 0.537109 0.394043 0.0117188 0.0380859
0 0.634766 0.650391 0.0273438 0.0253906
0 0.509766 0.426758 0.00976562 0.0371094
0 0.475098 0.318359 0.0205078 0.0273438
0 0.675293 0.689941 0.0185547 0.0361328
0 0.487793 0.740234 0.0126953 0.0292969
0 0.570312 0.536133 0.0136719 0.0292969
0 0.633301 0.76416 0.0107422 0.0322266
0 0.438477 0.523438 0.0195312 0.0351562
0 0.519043 0.431641 0.0126953 0.0410156
0 0.682129 0.38623 0.0107422 0.0341797
0 0.551758 0.709961 0.0214844 0.015625
0 0.47168 0.584961 0.0175781 0.0429688
0 0.586914 0.587891 0.0195312 0.0292969
0 0.459473 0.433105 0.0166016 0.0302734
0 0.65918 0.690918 0.0195312 0.0185547
0 0.570801 0.574707 0.0146484 0.0302734
0 0.428223 0.639648 0.0126953 0.0429688
0 0.437988 0.286133 0.0126953 0.0390625
0 0.600098 0.757324 0.0205078 0.0205078
0 0.503906 0.501953 0.0117188 0.0371094
0 0.573242 0.297852 0.015625 0.0390625
0 0.641602 0.460449 0.00976562 0.0400391
0 0.460449 0.547852 0.0244141 0.0253906
0 0.635254 0.351074 0.0205078 0.0224609
0 0.65332 0.717285 0.0175781 0.0283203
0 0.536621 0.5 0.0166016 0.0351562
0 0.515137 0.574707 0.0185547 0.0380859
0 0.635742 0.370117 0.0195312 0.0351562
0 0.566406 0.598633 0.0234375 0.0195312
0 0.490234 0.614258 0.0195312 0.0175781
0 0.589844 0.616211 0.0214844 0.0234375
0 0.581543 0.552246 0.0185547 0.0185547
0 0.632324 0.457031 0.0107422 0.0351562
0 0.536133 0.602539 0.0234375 0.0234375
0 0.55127 0.644043 0.0107422 0.0380859
0 0.624023 0.680176 0.0195312 0.0185547
0 0.472168 0.628418 0.0205078 0.0205078
0 0.594727 0.667969 0.0195312 0.0214844
0 0.6875 0.457031 0.0175781 0.0292969
0 0.692383 0.620605 0.0234375 0.0185547
0 0.517578 0.617188 0.0117188 0.0390625
0 0.584961 0.636719 0.0195312 0.0273438
0 0.586914 0.444824 0.0136719 0.0380859
0 0.650391 0.428223 0.0214844 0.0185547
0 0.519043 0.51416 0.0146484 0.0322266
0 0.669434 0.73291 0.0146484 0.0322266
0 0.650391 0.341309 0.0136719 0.0419922
