0 0.40918 0.695312 0.0234375 0.0253906
0 0.500977 0.71875 0.0195312 0.0839844
0 0.381348 0.487305 0.0361328 0.0507812
0 0.371582 0.46582 0.0244141 0.0214844
0 0.64209 0.313965 0.0244141 0.0185547
0 0.553711 0.371582 0.00976562 0.0498047
0 0.417969 0.684082 0.0273438 0.0244141
0 0.40332 0.850586 0.0234375 0.0546875
0 0.543945 0.680664 0.0136719 0.0429688
0 0.523438 0.663086 0.0136719 0.0449219
0 0.422852 0.473145 0.0136719 0.0556641
0 0.526855 0.711914 0.0244141 0.0390625
0 0.581055 0.669922 0.0175781 0.0644531
0 0.555176 0.743652 0.0322266 0.0302734
0 0.535645 0.65918 0.0146484 0.0585938
0 0.411133 0.726074 0.0253906 0.0400391
0 0.412598 0.474121 0.0166016 0.0517578
0 0.471191 0.640625 0.0166016 0.0722656
0 0.523438 0.481445 0.0195312 0.0507812
0 0.34668 0.368164 0.0136719 0.0703125
0 0.382324 0.699219 0.0146484 0.0566406
0 0.399414 0.727539 0.0195312 0.0429688
0 0.288086 0.371094 0.0234375 0.0175781
0 0.433105 0.472168 0.0126953 0.0537109
0 0.333984 0.367676 0.015625 0.0576172
0 0.541504 0.722656 0.0322266 0.0253906
0 0.37793 0.739746 0.03125 0.0322266
0 0.358398 0.67627 0.015625 0.0517578
0 0.598633 0.680176 0.0253906 0.0556641
0 0.492188 0.50293 0.0175781 0.0625
0 0.426758 0.367676 0.0234375 0.0615234
0 0.367676 0.483887 0.0283203 0.0322266
0 0.562988 0.706055 0.0283203 0.03125
0 0.425781 0.533203 0.0273438 0.0429688
0 0.384277 0.766602 0.0224609 0.03125
0 0.42627 0.726074 0.0205078 0.0478516
0 0.511719 0.559082 0.0390625 0.0185547
0 0.450195 0.669922 0.0292969 0.0605469
0 0.311523 0.414551 0.03125 0.0478516
0 0.283691 0.415527 0.0126953 0.0537109
0 0.47998 0.382324 0.0380859 0.0263672
0 0.43457 0.298828 0.03125 0.0546875
0 0.324707 0.66748 0.0361328 0.0263672
0 0.580566 0.34375 0.0224609 0.0390625
0 0.373047 0.654785 0.0234375 0.0400391
0 0.598633 0.458496 0.0332031 0.0400391
0 0.242188 0.43457 0.0234375 0.03125
0 0.401367 0.764648 0.0214844 0.0429688
0 0.54541 0.631348 0.0205078 0.0537109
0 0.45166 0.46582 0.0185547 0.0546875
