0 0.575195 0.592773 0.0292969 0.0351562
0 0.630371 0.582031 0.0244141 0.0429688
0 0.464355 0.63916 0.0732422 0.0400391
0 0.59668 0.520996 0.0429688 0.0244141
0 0.553711 0.53418 0.0371094 0.0429688
0 0.558105 0.563965 0.0361328 0.0263672
0 0.427734 0.547363 0.0546875 0.0283203
0 0.478027 0.41748 0.0322266 0.0439453
0 0.591797 0.625 0.0507812 0.03125
0 0.591309 0.562988 0.0224609 0.0517578
0 0.669434 0.583496 0.0263672 0.0517578
0 0.55957 0.494629 0.0253906 0.0556641
0 0.530762 0.43457 0.0263672 0.0605469
0 0.418945 0.433105 0.0234375 0.0478516
0 0.431152 0.498047 0.0380859 0.0605469
0 0.290527 0.557129 0.0400391 0.0556641
0 0.505371 0.476562 0.0341797 0.0546875
0 0.608887 0.594727 0.0439453 0.03125
0 0.362793 0.577148 0.0302734 0.0605469
