0 0.481934 0.533203 0.0146484 0.0488281
0 0.515625 0.515625 0.0332031 0.0566406
0 0.522949 0.456543 0.0283203 0.0322266
0 0.492188 0.516602 0.015625 0.046875
0 0.503418 0.473145 0.0185547 0.0361328
0 0.479492 0.435547 0.0195312 0.0429688
0 0.476074 0.530762 0.0146484 0.0439453
0 0.465332 0.45459 0.0205078 0.0341797
0 0.488281 0.410645 0.0371094 0.0244141
0 0.450684 0.483887 0.0283203 0.0244141
0 0.506348 0.51416 0.0185547 0.0458984
0 0.449707 0.530273 0.0283203 0.0429688
0 0.440918 0.411133 0.0322266 0.0292969
0 0.456055 0.508789 0.0253906 0.0371094
0 0.524414 0.437012 0.0292969 0.0263672
0 0.466797 0.480957 0.0332031 0.0263672
0 0.498535 0.439453 0.0224609 0.0332031
0 0.515137 0.415039 0.0166016 0.0410156
0 0.551758 0.449707 0.0332031 0.0302734
0 0.432617 0.496582 0.0195312 0.0322266
0 0.483398 0.465332 0.0351562 0.0244141
0 0.711914 0.439941 0.046875 0.0263672
0 0.410156 0.495605 0.0332031 0.0224609
0 0.569824 0.579102 0.0263672 0.0371094
0 0.669922 0.444336 0.046875 0.0253906
0 0.581543 0.441895 0.0361328 0.0224609
0 0.566895 0.548828 0.0302734 0.0332031
0 0.524414 0.51709 0.0195312 0.0634766
0 0.455566 0.566895 0.0302734 0.0283203
0 0.504395 0.601562 0.0341797 0.0253906
0 0.521973 0.558105 0.0322266 0.0400391
0 0.493652 0.560059 0.0263672 0.0498047
0 0.547363 0.586914 0.0322266 0.0390625
