0 0.459961 0.34668 0.0214844 0.03125
0 0.796387 0.244141 0.0693359 0.015625
0 0.630371 0.390625 0.0302734 0.0449219
0 0.949219 0.250977 0.0527344 0.0292969
0 0.40625 0.370117 0.0800781 0.0253906
0 0.701172 0.202637 0.0390625 0.0361328
0 0.461426 0.371582 0.0361328 0.0380859
0 0.535156 0.293945 0.0976562 0.0214844
0 0.789551 0.269043 0.0498047 0.0341797
0 0.588379 0.367676 0.0791016 0.0205078
0 0.40332 0.337402 0.0761719 0.0185547
0 0.638672 0.358398 0.0429688 0.0371094
0 0.486328 0.40918 0.0722656 0.0273438
0 0.428223 0.418945 0.0439453 0.03125
0 0.421387 0.307617 0.0380859 0.0332031
