0 0.592773 0.498047 0.0644531 0.0195312
0 0.436035 0.479004 0.0263672 0.0419922
0 0.686523 0.593262 0.0292969 0.0458984
0 0.601562 0.509766 0.0585938 0.0429688
0 0.755371 0.424805 0.0380859 0.046875
0 0.779297 0.564453 0.0625 0.0351562
0 0.569336 0.360352 0.0371094 0.0566406
0 0.609863 0.338867 0.0478516 0.0566406
0 0.245605 0.436035 0.0673828 0.0283203
0 0.42627 0.38623 0.0595703 0.0263672
0 0.755859 0.535645 0.046875 0.0478516
0 0.664062 0.453125 0.0546875 0.0507812
0 0.178711 0.455078 0.0488281 0.0351562
0 0.407227 0.678223 0.0644531 0.0263672
0 0.631348 0.469238 0.0673828 0.0322266
0 0.737305 0.572266 0.0488281 0.0585938
0 0.952148 0.601562 0.0488281 0.0585938
0 0.437012 0.652344 0.0498047 0.0546875
0 0.201172 0.700684 0.0527344 0.0478516
0 0.642578 0.882812 0.0507812 0.0546875
0 0.444336 0.19873 0.0644531 0.0498047
