0 0.478027 0.678711 0.0927734 0.0820312
0 0.191895 0.270996 0.0751953 0.0634766
0 0.198242 0.498535 0.0390625 0.0966797
0 0.245117 0.470703 0.0703125 0.103516
0 0.507324 0.286621 0.0517578 0.0947266
0 0.432129 0.307129 0.0810547 0.0947266
0 0.734375 0.38623 0.0800781 0.0732422
0 0.571777 0.67627 0.0751953 0.0673828
0 0.554688 0.322266 0.0625 0.119141
0 0.622559 0.256836 0.0966797 0.0703125
0 0.417969 0.742676 0.0683594 0.116211
0 0.472168 0.546875 0.0537109 0.0898438
0 0.736328 0.650391 0.0507812 0.115234
0 0.532715 0.793457 0.0654297 0.114258
0 0.526855 0.575195 0.0732422 0.0761719
0 0.385742 0.732422 0.0605469 0.0859375
