0 0.972656 0.578613 0.0136719 0.0146484
0 0.997559 0.526367 0.00488281 0.0214844
0 0.563965 0.570312 0.0146484 0.00976562
0 0.924316 0.55957 0.0107422 0.015625
0 0.977539 0.563965 0.015625 0.0126953
0 0.919922 0.540039 0.0136719 0.0136719
0 0.535645 0.547852 0.0185547 0.0117188
0 0.996094 0.560547 0.0078125 0.00976562
0 0.583008 0.53125 0.00976562 0.0175781
0 0.514648 0.415527 0.0214844 0.0107422
0 0.54541 0.560059 0.0107422 0.0166016
0 0.589355 0.530273 0.00878906 0.0175781
0 0.932617 0.556641 0.0117188 0.015625
0 0.526367 0.497559 0.00976562 0.0185547
0 0.838379 0.779297 0.0107422 0.0253906
0 0.510742 0.57373 0.0175781 0.0107422
0 0.566895 0.443848 0.0166016 0.0126953
0 0.479004 0.659668 0.0166016 0.0107422
0 0.923828 0.533203 0.0175781 0.0175781
0 0.469727 0.512207 0.015625 0.0107422
0 0.52002 0.373047 0.0146484 0.015625
0 0.93457 0.477539 0.0117188 0.0214844
0 0.444336 0.54834 0.00976562 0.0205078
0 0.56543 0.561035 0.0136719 0.0166016
0 0.958984 0.552246 0.00976562 0.0205078
0 0.52002 0.62207 0.0126953 0.0136719
0 0.467773 0.463867 0.0117188 0.015625
0 0.562988 0.588867 0.0107422 0.0214844
0 0.451172 0.672852 0.0117188 0.0214844
0 0.489746 0.560059 0.00878906 0.0205078
0 0.430176 0.567871 0.0107422 0.0166016
0 0.548828 0.60498 0.0214844 0.0107422
0 0.951172 0.559082 0.0078125 0.0224609
0 0.458984 0.632812 0.00976562 0.0195312
