0 0.435059 0.626465 0.0927734 0.0439453
0 0.685547 0.303223 0.134766 0.0947266
0 0.483398 0.70459 0.0859375 0.0458984
0 0.222168 0.562012 0.0654297 0.0810547
0 0.472656 0.483398 0.0742188 0.0839844
0 0.423828 0.603516 0.0976562 0.0273438
0 0.297852 0.463379 0.0820312 0.0908203
0 0.760742 0.410645 0.0976562 0.0322266
0 0.331543 0.310547 0.0927734 0.0371094
0 0.355469 0.893066 0.0957031 0.0517578
0 0.791992 0.387207 0.0703125 0.0361328
0 0.444824 0.396973 0.0537109 0.0615234
0 0.214355 0.347656 0.0791016 0.0566406
0 0.757324 0.587891 0.100586 0.0449219
0 0.784668 0.271484 0.0810547 0.0722656
0 0.345215 0.422852 0.0556641 0.0800781
0 0.349121 0.248047 0.0673828 0.078125
0 0.503906 0.584473 0.0742188 0.0673828
0 0.211914 0.391113 0.0996094 0.0576172
