0 0.685547 0.554688 0.03125 0.046875
0 0.707031 0.577148 0.0546875 0.0292969
0 0.649414 0.484375 0.0429688 0.0273438
0 0.616211 0.624512 0.0410156 0.0322266
0 0.714355 0.542969 0.0322266 0.0546875
0 0.581055 0.538574 0.0410156 0.0283203
0 0.456543 0.556641 0.0205078 0.0625
0 0.550781 0.597656 0.0273438 0.046875
0 0.508789 0.494141 0.0449219 0.0546875
0 0.666016 0.462891 0.0234375 0.0429688
0 0.571289 0.514648 0.0488281 0.0332031
0 0.591309 0.483398 0.0244141 0.0390625
0 0.658203 0.541016 0.0234375 0.0703125
0 0.494629 0.483398 0.0478516 0.0644531
0 0.589844 0.592773 0.0390625 0.0839844
0 0.538574 0.489258 0.0439453 0.0605469
0 0.655273 0.59082 0.0488281 0.0625
0 0.713379 0.509766 0.0380859 0.0820312
0 0.567871 0.470215 0.0224609 0.0615234
0 0.433594 0.493164 0.0253906 0.0800781
0 0.524902 0.573242 0.0185547 0.0800781
0 0.639648 0.492188 0.0566406 0.0273438
0 0.453613 0.473145 0.0224609 0.0810547
0 0.608398 0.574219 0.0371094 0.0703125
0 0.502441 0.554199 0.0341797 0.0634766
0 0.535156 0.52832 0.0507812 0.0273438
0 0.471191 0.587402 0.0302734 0.0810547
0 0.6875 0.509766 0.0429688 0.0722656
0 0.503906 0.628418 0.0234375 0.0751953
0 0.706055 0.591797 0.0566406 0.0722656
0 0.547852 0.35791 0.0664062 0.0478516
0 0.478027 0.529297 0.0498047 0.0410156
0 0.555176 0.573242 0.0439453 0.0644531
0 0.469238 0.644531 0.0498047 0.0390625
0 0.415039 0.430176 0.0605469 0.0380859
0 0.578613 0.636719 0.0419922 0.0546875
0 0.59668 0.439941 0.0585938 0.0400391
0 0.623047 0.523926 0.0546875 0.0673828
0 0.586914 0.402344 0.0449219 0.0566406
0 0.434082 0.637695 0.0400391 0.0722656
0 0.668945 0.615723 0.0527344 0.0595703
0 0.542969 0.635742 0.0585938 0.0527344
0 0.429199 0.734375 0.0634766 0.0390625
