0 0.540039 0.558594 0.0253906 0.015625
0 0.541016 0.547852 0.0273438 0.0214844
0 0.604492 0.486328 0.015625 0.0332031
0 0.600586 0.504395 0.0292969 0.0244141
0 0.608398 0.533203 0.0214844 0.0429688
0 0.640625 0.524414 0.015625 0.0429688
0 0.407715 0.594238 0.0302734 0.0146484
0 0.459473 0.490723 0.0126953 0.0322266
0 0.311523 0.621582 0.0234375 0.0458984
0 0.620117 0.480957 0.0214844 0.0400391
0 0.529297 0.572266 0.03125 0.0195312
0 0.506836 0.556641 0.0175781 0.0351562
0 0.558105 0.53125 0.0126953 0.0351562
0 0.503906 0.521484 0.0234375 0.0390625
0 0.549805 0.494141 0.0253906 0.0371094
0 0.34082 0.628906 0.03125 0.0273438
0 0.498535 0.588379 0.0302734 0.0263672
0 0.408691 0.577637 0.0302734 0.0205078
0 0.461914 0.575684 0.0195312 0.0263672
0 0.439453 0.583008 0.0234375 0.0292969
0 0.557617 0.573242 0.0253906 0.0292969
