0 0.561523 0.51416 0.0351562 0.0244141
0 0.565918 0.486328 0.0126953 0.0351562
0 0.591797 0.493164 0.0195312 0.0273438
0 0.525391 0.765625 0.0175781 0.0410156
0 0.531738 0.529785 0.0205078 0.0224609
0 0.587891 0.736328 0.0214844 0.0195312
0 0.585449 0.711914 0.0166016 0.0351562
0 0.550781 0.467773 0.015625 0.0292969
0 0.512695 0.468262 0.0253906 0.0244141
0 0.518555 0.488281 0.0253906 0.0234375
0 0.557617 0.412109 0.0214844 0.0292969
0 0.541016 0.488281 0.0214844 0.0195312
0 0.532227 0.519531 0.0195312 0.0214844
0 0.590332 0.660156 0.0185547 0.0449219
0 0.570312 0.621094 0.0078125 0.0292969
0 0.578125 0.541504 0.0253906 0.0185547
0 0.496582 0.507812 0.0126953 0.0273438
0 0.515625 0.507324 0.0195312 0.0283203
0 0.536621 0.423828 0.0244141 0.0214844
0 0.575195 0.442383 0.0214844 0.0175781
0 0.472656 0.585938 0.0175781 0.0332031
0 0.560547 0.473145 0.0136719 0.0205078
0 0.593262 0.531738 0.0107422 0.0244141
0 0.511719 0.597168 0.0234375 0.0185547
0 0.624023 0.545898 0.0273438 0.015625
0 0.503906 0.527832 0.0117188 0.0302734
0 0.599609 0.574219 0.0195312 0.0273438
0 0.578613 0.60498 0.0185547 0.0283203
0 0.587402 0.470703 0.0224609 0.0195312
0 0.52832 0.580078 0.0214844 0.0253906
0 0.484863 0.638672 0.0185547 0.0273438
0 0.620605 0.57666 0.0244141 0.0283203
