0 0.690918 0.505859 0.0439453 0.0390625
0 0.69873 0.521484 0.0419922 0.0507812
0 0.71875 0.520508 0.03125 0.0488281
0 0.470215 0.594238 0.0302734 0.0673828
0 0.29834 0.671875 0.0458984 0.0390625
0 0.720215 0.549805 0.0302734 0.0488281
0 0.613281 0.563965 0.046875 0.0322266
0 0.296387 0.39209 0.0419922 0.0361328
0 0.612793 0.42627 0.0283203 0.0537109
0 0.50293 0.640625 0.0449219 0.0390625
0 0.54541 0.51709 0.0341797 0.0595703
0 0.605957 0.53418 0.0458984 0.0351562
0 0.42627 0.304199 0.0458984 0.0419922
0 0.604004 0.380859 0.0361328 0.0546875
0 0.601562 0.217773 0.0507812 0.0371094
0 0.271484 0.650391 0.046875 0.0351562
0 0.786133 0.317871 0.0292969 0.0517578
0 0.630371 0.426758 0.0205078 0.0605469
0 0.221191 0.361328 0.0498047 0.0273438
0 0.616211 0.62793 0.0332031 0.0527344
0 0.591309 0.619141 0.0439453 0.0429688
0 0.615234 0.342285 0.046875 0.0380859
0 0.358887 0.50293 0.0322266 0.0527344
0 0.457031 0.743164 0.03125 0.0605469
0 0.657227 0.256836 0.046875 0.0566406
0 0.653809 0.462891 0.0458984 0.0546875
0 0.145508 0.59082 0.0546875 0.0351562
0 0.523926 0.373535 0.0400391 0.0361328
0 0.261719 0.672852 0.046875 0.046875
0 0.647949 0.322266 0.0439453 0.03125
0 0.213379 0.52832 0.0341797 0.0605469
0 0.461914 0.475098 0.0292969 0.0615234
0 0.516602 0.44043 0.0371094 0.0507812
0 0.291016 0.612305 0.0351562 0.0546875
0 0.542969 0.608398 0.0292969 0.0527344
0 0.628418 0.67334 0.0302734 0.0615234
0 0.494629 0.724609 0.0576172 0.0507812
0 0.599609 0.449219 0.046875 0.0390625
0 0.345215 0.32666 0.0419922 0.0400391
0 0.427246 0.495117 0.0458984 0.0410156
0 0.615723 0.777344 0.0517578 0.0429688
0 0.407715 0.637207 0.0380859 0.0634766
0 0.4375 0.284668 0.0507812 0.0400391
0 0.250977 0.409668 0.0292969 0.0556641
0 0.547852 0.444824 0.0371094 0.0458984
0 0.310059 0.210449 0.0458984 0.0556641
0 0.564941 0.413574 0.0283203 0.0537109
0 0.517578 0.668457 0.0390625 0.0498047
0 0.646973 0.413086 0.0322266 0.0566406
0 0.448242 0.789062 0.0449219 0.0507812
0 0.262207 0.618164 0.0478516 0.0488281
0 0.674316 0.361816 0.0478516 0.0576172
0 0.546875 0.272461 0.0507812 0.0449219
0 0.185547 0.52832 0.0429688 0.0488281
0 0.724121 0.586914 0.0439453 0.0488281
0 0.688965 0.315918 0.0439453 0.0400391
0 0.333496 0.566406 0.0322266 0.0625
0 0.481445 0.663574 0.0410156 0.0517578
0 0.261719 0.365234 0.0429688 0.0429688
0 0.260742 0.800781 0.0488281 0.0546875
