0 0.383301 0.241699 0.0400391 0.0478516
0 0.405273 0.615723 0.0527344 0.0439453
0 0.655762 0.568848 0.0283203 0.0615234
0 0.487305 0.395996 0.0410156 0.0595703
0 0.581543 0.35498 0.0380859 0.0576172
0 0.375977 0.265137 0.0410156 0.0556641
0 0.424316 0.530273 0.0419922 0.0351562
0 0.57959 0.55127 0.0478516 0.0341797
0 0.302246 0.44043 0.0419922 0.046875
0 0.345215 0.154785 0.0400391 0.0576172
0 0.398926 0.354492 0.0458984 0.0429688
0 0.37793 0.664551 0.0488281 0.0322266
0 0.620117 0.421875 0.03125 0.0527344
0 0.48584 0.49707 0.0458984 0.046875
0 0.328613 0.808105 0.0302734 0.0654297
0 0.540527 0.777344 0.0400391 0.0683594
0 0.381836 0.137695 0.0332031 0.0703125
0 0.262207 0.786621 0.0361328 0.0458984
