0 0.337402 0.674805 0.0185547 0.0429688
0 0.300781 0.402832 0.0273438 0.0458984
0 0.39502 0.739258 0.0400391 0.0390625
0 0.592773 0.217773 0.0351562 0.046875
0 0.769043 0.472168 0.0205078 0.0478516
0 0.581543 0.458496 0.0439453 0.0322266
0 0.71875 0.394043 0.0292969 0.0458984
0 0.253906 0.555664 0.0214844 0.0566406
0 0.635742 0.362793 0.0273438 0.0595703
0 0.751465 0.38623 0.0322266 0.0498047
0 0.730469 0.487305 0.0292969 0.0488281
0 0.419922 0.113281 0.0253906 0.0683594
0 0.638184 0.157227 0.0498047 0.0371094
0 0.601562 0.376953 0.0371094 0.0566406
0 0.730957 0.270996 0.0341797 0.0654297
0 0.180664 0.296387 0.0429688 0.0302734
0 0.405273 0.204102 0.0390625 0.0332031
0 0.483398 0.640137 0.0253906 0.0458984
0 0.469727 0.612305 0.0429688 0.0371094
0 0.646484 0.689941 0.0371094 0.0478516
0 0.336914 0.720703 0.0273438 0.0605469
0 0.831055 0.572266 0.03125 0.0527344
0 0.586426 0.24707 0.0380859 0.0390625
0 0.929199 0.257324 0.0380859 0.0498047
0 0.918945 0.339355 0.0273438 0.0537109
0 0.611816 0.675293 0.0322266 0.0654297
0 0.894531 0.452637 0.0273438 0.0458984
0 0.427246 0.647949 0.0341797 0.0419922
0 0.52832 0.386719 0.03125 0.0566406
0 0.679199 0.388184 0.0302734 0.0615234
0 0.506836 0.417969 0.0253906 0.0546875
0 0.774902 0.716797 0.0419922 0.0371094
0 0.501953 0.649902 0.0253906 0.0537109
0 0.309082 0.77002 0.0263672 0.0517578
0 0.460938 0.333496 0.0429688 0.0341797
0 0.192383 0.766113 0.0429688 0.0361328
0 0.226562 0.764648 0.0292969 0.0625
0 0.838379 0.267578 0.0302734 0.0507812
0 0.736816 0.571289 0.0458984 0.0410156
0 0.867188 0.584961 0.0332031 0.0488281
0 0.814941 0.38623 0.0458984 0.0380859
0 0.901367 0.543945 0.0429688 0.0449219
0 0.570312 0.638184 0.0449219 0.0439453
0 0.346191 0.304688 0.0400391 0.0351562
