0 0.327637 0.45459 0.0224609 0.0400391
0 0.332031 0.363281 0.0117188 0.0253906
0 0.330078 0.400391 0.015625 0.03125
0 0.333984 0.433105 0.0117188 0.0341797
0 0.280762 0.619141 0.0224609 0.0507812
0 0.267578 0.608398 0.0253906 0.0449219
0 0.474609 0.423828 0.0253906 0.0351562
0 0.452148 0.380859 0.0175781 0.0371094
0 0.328613 0.306152 0.0146484 0.0419922
0 0.330566 0.492188 0.0263672 0.0273438
0 0.278809 0.400879 0.0244141 0.0458984
0 0.513672 0.420898 0.0273438 0.0175781
0 0.263184 0.352539 0.0244141 0.0449219
0 0.45459 0.356445 0.0380859 0.0214844
0 0.307129 0.672852 0.0302734 0.0292969
0 0.522461 0.403809 0.0214844 0.0283203
0 0.535156 0.492188 0.0273438 0.0273438
