0 0.430176 0.629395 0.0126953 0.0244141
0 0.428223 0.440918 0.0107422 0.0283203
0 0.501465 0.520996 0.0107422 0.0185547
0 0.479004 0.424805 0.0185547 0.0136719
0 0.446777 0.495605 0.0107422 0.0244141
0 0.435059 0.57373 0.0166016 0.0205078
0 0.476562 0.51416 0.015625 0.0185547
0 0.474609 0.440918 0.0117188 0.0244141
0 0.439941 0.343262 0.0107422 0.0205078
0 0.443359 0.65918 0.00976562 0.03125
0 0.489746 0.492188 0.0166016 0.0214844
0 0.425293 0.462891 0.0107422 0.0195312
0 0.455566 0.495605 0.0107422 0.0263672
0 0.447754 0.474609 0.00878906 0.0253906
0 0.455566 0.634277 0.0224609 0.0185547
0 0.446777 0.373047 0.0107422 0.0292969
0 0.442383 0.519531 0.00976562 0.0234375
0 0.498535 0.479004 0.00683594 0.0205078
0 0.443848 0.560547 0.0185547 0.0136719
0 0.513184 0.48291 0.0107422 0.0244141
0 0.474609 0.593262 0.0117188 0.0283203
0 0.479492 0.343262 0.015625 0.0244141
0 0.460938 0.677734 0.00976562 0.0253906
0 0.48291 0.401367 0.0126953 0.0253906
0 0.517578 0.439453 0.0078125 0.0253906
0 0.490234 0.448242 0.0078125 0.0253906
0 0.458008 0.355957 0.0078125 0.0283203
0 0.43457 0.481445 0.0136719 0.0195312
0 0.407715 0.649414 0.00878906 0.0292969
0 0.451172 0.451172 0.0136719 0.0273438
0 0.512207 0.45166 0.0107422 0.0224609
0 0.478027 0.459961 0.0185547 0.0136719
0 0.457031 0.605469 0.015625 0.0136719
0 0.489258 0.523438 0.0117188 0.0214844
0 0.472656 0.40625 0.0078125 0.0273438
0 0.389648 0.671875 0.0175781 0.0214844
0 0.477051 0.558105 0.0166016 0.0146484
0 0.42041 0.687988 0.00878906 0.0283203
0 0.466797 0.544922 0.00976562 0.0273438
0 0.439453 0.424805 0.0136719 0.0214844
0 0.458496 0.436035 0.0126953 0.0185547
0 0.425293 0.263184 0.0205078 0.0322266
0 0.416992 0.649414 0.0078125 0.0292969
0 0.461426 0.381836 0.0166016 0.0136719
0 0.44873 0.348145 0.0107422 0.0244141
0 0.502441 0.507812 0.0166016 0.00976562
0 0.451172 0.405273 0.0117188 0.0234375
0 0.434082 0.547852 0.0166016 0.0136719
0 0.455078 0.655273 0.0117188 0.0234375
0 0.431641 0.537109 0.015625 0.0117188
0 0.464844 0.585449 0.00976562 0.0244141
0 0.436523 0.456543 0.0117188 0.0263672
0 0.46582 0.495605 0.015625 0.0126953
0 0.48291 0.690918 0.0166016 0.0224609
0 0.463379 0.325195 0.0166016 0.0253906
0 0.519043 0.664551 0.00878906 0.0361328
0 0.529785 0.675293 0.0146484 0.0263672
0 0.508789 0.415039 0.0078125 0.03125
0 0.523438 0.469727 0.015625 0.0273438
0 0.407227 0.522461 0.0078125 0.0332031
0 0.459473 0.477051 0.0146484 0.0244141
0 0.438965 0.400879 0.0146484 0.0224609
0 0.405273 0.460938 0.0117188 0.0273438
0 0.413086 0.307617 0.00976562 0.0292969
