0 0.425293 0.476562 0.0498047 0.0292969
0 0.464355 0.555664 0.0244141 0.0429688
0 0.463867 0.492188 0.0253906 0.0585938
0 0.491699 0.466797 0.0595703 0.0234375
0 0.482422 0.564453 0.0175781 0.0585938
0 0.498535 0.444336 0.0439453 0.0332031
0 0.425781 0.535156 0.0195312 0.0585938
0 0.460938 0.578613 0.0332031 0.0556641
0 0.520996 0.494141 0.0517578 0.0214844
0 0.504883 0.707031 0.0214844 0.0644531
0 0.446289 0.600586 0.0507812 0.0332031
0 0.4375 0.453613 0.0429688 0.0205078
0 0.495605 0.412598 0.0537109 0.0361328
0 0.40918 0.52002 0.03125 0.0634766
0 0.443359 0.531738 0.0214844 0.0556641
0 0.472168 0.619141 0.0537109 0.0410156
0 0.47168 0.435059 0.0371094 0.0322266
