0 0.792969 0.500977 0.0371094 0.0273438
0 0.599121 0.532715 0.0380859 0.0224609
0 0.391602 0.555664 0.0273438 0.0371094
0 0.765137 0.540527 0.0302734 0.0400391
0 0.444336 0.517578 0.0292969 0.0585938
0 0.495605 0.524902 0.0205078 0.0556641
0 0.474609 0.525391 0.0273438 0.0292969
0 0.67041 0.529297 0.0322266 0.0292969
0 0.76123 0.51709 0.0244141 0.0380859
0 0.443848 0.548828 0.0263672 0.0351562
0 0.637695 0.520996 0.03125 0.0263672
0 0.527344 0.547363 0.0214844 0.0458984
0 0.338379 0.530762 0.0244141 0.0634766
