0 0.537109 0.519531 0.0390625 0.0214844
0 0.444824 0.636719 0.0458984 0.015625
0 0.546875 0.472656 0.0507812 0.015625
0 0.53418 0.604492 0.0449219 0.0449219
0 0.53418 0.494629 0.0253906 0.0380859
0 0.208984 0.453613 0.0527344 0.0263672
0 0.582031 0.624023 0.0585938 0.0371094
0 0.519531 0.588867 0.0507812 0.0449219
0 0.489746 0.533203 0.0576172 0.0234375
0 0.507324 0.385742 0.0439453 0.0371094
0 0.740234 0.577148 0.0546875 0.0390625
0 0.164062 0.496094 0.0546875 0.0390625
0 0.264648 0.416016 0.0488281 0.0449219
0 0.545898 0.443848 0.0605469 0.0439453
