0 0.884766 0.238281 0.0800781 0.0273438
0 0.814453 0.122559 0.0664062 0.0400391
0 0.186523 0.202637 0.0878906 0.0302734
0 0.752441 0.342773 0.0810547 0.0273438
0 0.42041 0.543945 0.106445 0.03125
0 0.863281 0.160645 0.0546875 0.0478516
0 0.286133 0.358398 0.09375 0.0234375
0 0.753906 0.551758 0.0898438 0.0410156
0 0.789062 0.271484 0.046875 0.0390625
0 0.795898 0.415039 0.0527344 0.0292969
0 0.791992 0.682617 0.0878906 0.0253906
0 0.339844 0.285156 0.0742188 0.0234375
0 0.369629 0.3125 0.0673828 0.0390625
0 0.81543 0.562988 0.0566406 0.0498047
0 0.913574 0.268555 0.0458984 0.046875
0 0.754883 0.417969 0.0683594 0.0390625
0 0.430176 0.611816 0.0458984 0.0556641
0 0.523438 0.543945 0.078125 0.0410156
