0 0.610352 0.71875 0.00976562 0.0332031
0 0.477051 0.608398 0.0205078 0.0292969
0 0.490723 0.497559 0.0185547 0.0205078
0 0.44873 0.250488 0.0283203 0.0283203
0 0.496582 0.541016 0.0107422 0.0351562
0 0.658203 0.542969 0.03125 0.0195312
0 0.547852 0.300781 0.0292969 0.0273438
0 0.311035 0.369629 0.0224609 0.0302734
0 0.424805 0.344727 0.0214844 0.0429688
0 0.633301 0.257324 0.0185547 0.0380859
0 0.475586 0.45752 0.0253906 0.0302734
0 0.597168 0.568359 0.0263672 0.0234375
0 0.687012 0.375977 0.0302734 0.0214844
0 0.487793 0.190918 0.0146484 0.0478516
0 0.732422 0.357422 0.0117188 0.0429688
0 0.644531 0.556641 0.0195312 0.0390625
0 0.48877 0.638184 0.0302734 0.0283203
