0 0.544922 0.60791 0.015625 0.0283203
0 0.486328 0.570312 0.015625 0.0214844
0 0.530273 0.258301 0.0117188 0.0126953
0 0.569336 0.452148 0.0175781 0.0214844
0 0.499023 0.64502 0.0117188 0.0302734
0 0.504395 0.516113 0.0185547 0.0126953
0 0.549805 0.231445 0.00585938 0.0214844
0 0.557617 0.237793 0.0078125 0.0244141
0 0.53125 0.511719 0.00585938 0.0292969
0 0.538086 0.575195 0.0175781 0.0253906
0 0.501465 0.259277 0.0146484 0.0283203
0 0.550781 0.460449 0.015625 0.0185547
0 0.506836 0.324707 0.0136719 0.0185547
0 0.527344 0.443848 0.0117188 0.0205078
0 0.577637 0.41748 0.0166016 0.0107422
0 0.52832 0.40918 0.0136719 0.0117188
0 0.518066 0.388672 0.00878906 0.0273438
0 0.582031 0.492188 0.0195312 0.00976562
0 0.51709 0.548828 0.0166016 0.015625
0 0.472168 0.507324 0.0126953 0.0322266
0 0.500488 0.482422 0.0107422 0.0292969
0 0.500977 0.380371 0.0175781 0.0107422
0 0.507812 0.790527 0.0078125 0.0263672
0 0.495605 0.586426 0.0185547 0.00878906
0 0.496094 0.315918 0.0136719 0.0322266
0 0.483887 0.523926 0.0166016 0.0166016
0 0.52832 0.397461 0.015625 0.015625
0 0.550781 0.472656 0.0117188 0.0195312
0 0.632812 0.570801 0.0175781 0.0126953
0 0.46875 0.601074 0.0195312 0.0205078
0 0.495117 0.352051 0.0117188 0.0244141
0 0.48584 0.355957 0.00683594 0.0244141
0 0.592773 0.441895 0.0136719 0.0205078
0 0.53418 0.539062 0.0195312 0.015625
0 0.575195 0.53125 0.0195312 0.0195312
