0 0.457031 0.583984 0.0546875 0.103516
0 0.379395 0.507324 0.0595703 0.0615234
0 0.479492 0.638184 0.0488281 0.104492
0 0.63916 0.641602 0.0302734 0.0839844
0 0.551758 0.506836 0.0410156 0.197266
0 0.52832 0.600098 0.0605469 0.104492
0 0.394043 0.408203 0.0517578 0.105469
0 0.577148 0.558105 0.0566406 0.112305
0 0.428223 0.858887 0.0712891 0.0595703
0 0.464844 0.907227 0.078125 0.0859375
0 0.491699 0.506348 0.0791016 0.0615234
0 0.617188 0.584961 0.0449219 0.115234
0 0.432617 0.469727 0.0488281 0.0917969
0 0.48877 0.37793 0.0771484 0.0996094
0 0.467773 0.81543 0.0605469 0.0957031
0 0.490723 0.962402 0.100586 0.0751953
0 0.414551 0.285645 0.0498047 0.120117
0 0.550293 0.812988 0.0380859 0.118164
0 0.674805 0.600586 0.0507812 0.126953
0 0.430176 0.68457 0.0693359 0.119141
