0 0.512207 0.317383 0.0185547 0.0136719
0 0.480957 0.501953 0.0166016 0.0234375
0 0.475098 0.714355 0.0126953 0.0322266
0 0.578613 0.613281 0.0166016 0.0195312
0 0.435547 0.425781 0.015625 0.0195312
0 0.483398 0.414551 0.0175781 0.0205078
0 0.443848 0.432617 0.0126953 0.0292969
0 0.427246 0.366211 0.0205078 0.0234375
0 0.522461 0.37793 0.0136719 0.0292969
0 0.606934 0.575195 0.0126953 0.0273438
0 0.611328 0.42627 0.0117188 0.0263672
0 0.508789 0.626465 0.0214844 0.0205078
0 0.338867 0.516602 0.0136719 0.0253906
0 0.365234 0.649414 0.0195312 0.0234375
0 0.482422 0.521484 0.0195312 0.0234375
0 0.455078 0.638672 0.015625 0.0214844
0 0.598633 0.599121 0.0175781 0.0205078
0 0.72168 0.443848 0.0214844 0.0185547
0 0.347168 0.475098 0.0166016 0.0224609
0 0.439941 0.493164 0.0126953 0.0292969
0 0.47998 0.556641 0.0126953 0.03125
0 0.606445 0.533203 0.0214844 0.015625
0 0.50293 0.436035 0.0136719 0.0244141
0 0.48877 0.556641 0.0205078 0.0292969
0 0.579102 0.683594 0.0214844 0.0214844
0 0.673828 0.652344 0.0195312 0.0234375
0 0.645996 0.381348 0.0126953 0.0322266
0 0.422363 0.813477 0.0166016 0.0292969
0 0.674805 0.504883 0.0214844 0.0175781
0 0.599121 0.437988 0.0126953 0.0283203
0 0.625488 0.692383 0.0146484 0.0292969
0 0.461426 0.598633 0.0166016 0.0253906
0 0.32373 0.564453 0.0146484 0.03125
0 0.356445 0.432617 0.0195312 0.0292969
0 0.574707 0.567383 0.0185547 0.0253906
0 0.48291 0.659668 0.0166016 0.0205078
0 0.644531 0.64502 0.0117188 0.0302734
0 0.501953 0.459473 0.0136719 0.0302734
0 0.611816 0.350098 0.0126953 0.0322266
0 0.51123 0.646484 0.0205078 0.0234375
0 0.441895 0.371094 0.0146484 0.0253906
0 0.416016 0.59375 0.0175781 0.0234375
0 0.622559 0.599609 0.0146484 0.0332031
0 0.495605 0.688477 0.0224609 0.0136719
0 0.725586 0.48291 0.0175781 0.0263672
0 0.477051 0.607422 0.0126953 0.0273438
0 0.557617 0.679688 0.0136719 0.0273438
0 0.578125 0.409668 0.015625 0.0302734
0 0.392578 0.685547 0.0136719 0.0332031
0 0.524414 0.306152 0.0175781 0.0244141
0 0.391113 0.630859 0.0166016 0.015625
0 0.527832 0.401367 0.0166016 0.0253906
0 0.614258 0.445801 0.0136719 0.0166016
0 0.705078 0.500977 0.0234375 0.0195312
0 0.580078 0.36377 0.0195312 0.0224609
0 0.611328 0.545898 0.0234375 0.0214844
0 0.435059 0.634766 0.0205078 0.0175781
0 0.52832 0.479004 0.0214844 0.0205078
0 0.613281 0.515625 0.0234375 0.0195312
0 0.253418 0.143555 0.0146484 0.03125
0 0.525879 0.371582 0.0126953 0.0361328
0 0.504883 0.411621 0.0136719 0.0283203
0 0.425781 0.470703 0.015625 0.0273438
0 0.536133 0.632812 0.0214844 0.015625
0 0.463867 0.515137 0.0175781 0.0224609
0 0.666992 0.477539 0.0253906 0.0175781
0 0.557617 0.536133 0.0195312 0.0175781
0 0.467773 0.632324 0.0214844 0.0166016
0 0.443359 0.476562 0.0195312 0.015625
0 0.405273 0.623535 0.0195312 0.0185547
0 0.286133 0.636719 0.0253906 0.015625
0 0.415039 0.665039 0.015625 0.03125
0 0.48584 0.384766 0.0205078 0.0175781
0 0.438965 0.437012 0.0146484 0.0322266
0 0.610352 0.411621 0.0136719 0.0283203
0 0.434082 0.387695 0.0185547 0.0214844
0 0.57666 0.587891 0.0166016 0.0195312
0 0.713867 0.461426 0.0136719 0.0244141
0 0.458008 0.516602 0.0195312 0.0214844
0 0.28418 0.49707 0.0214844 0.0175781
0 0.540039 0.350098 0.0136719 0.0400391
0 0.368652 0.473633 0.0126953 0.0253906
0 0.505859 0.330078 0.0117188 0.0273438
0 0.402344 0.549805 0.0214844 0.0214844
0 0.418457 0.642578 0.0205078 0.015625
0 0.663086 0.540039 0.0253906 0.0175781
0 0.435547 0.62207 0.0234375 0.0214844
0 0.665039 0.63916 0.0214844 0.0185547
0 0.371582 0.455078 0.0244141 0.0195312
0 0.602539 0.627441 0.0136719 0.0341797
0 0.611816 0.700195 0.0166016 0.0214844
0 0.543945 0.606445 0.0136719 0.0292969
0 0.689453 0.53125 0.0234375 0.0175781
0 0.415527 0.488281 0.0205078 0.015625
0 0.442383 0.509766 0.00976562 0.03125
0 0.586914 0.629883 0.0214844 0.015625
0 0.446289 0.399902 0.0136719 0.0322266
0 0.634277 0.373047 0.0146484 0.0253906
0 0.455078 0.348633 0.0195312 0.0175781
0 0.589844 0.42627 0.015625 0.0341797
0 0.443848 0.34375 0.0185547 0.015625
0 0.466797 0.427734 0.0136719 0.03125
0 0.584961 0.395508 0.0136719 0.0253906
0 0.59375 0.583008 0.0195312 0.0175781
0 0.562988 0.430664 0.0224609 0.03125
0 0.505859 0.485352 0.0195312 0.0253906
0 0.633789 0.682617 0.0214844 0.0253906
0 0.563477 0.472656 0.0136719 0.0351562
0 0.635742 0.399414 0.0136719 0.0292969
0 0.567383 0.547852 0.0175781 0.015625
0 0.56543 0.626953 0.0214844 0.03125
0 0.449219 0.536133 0.0117188 0.03125
0 0.482422 0.696289 0.00976562 0.0292969
0 0.613281 0.686523 0.015625 0.0253906
0 0.708984 0.479004 0.015625 0.0322266
0 0.571777 0.658203 0.0146484 0.03125
0 0.450684 0.595215 0.0205078 0.0302734
0 0.50293 0.373047 0.0214844 0.0175781
0 0.208984 0.462891 0.0253906 0.0214844
0 0.573242 0.439453 0.0195312 0.015625
0 0.662109 0.385254 0.0195312 0.0283203
0 0.423828 0.434082 0.0234375 0.0166016
0 0.493652 0.744141 0.0146484 0.0390625
0 0.410645 0.407227 0.0244141 0.0253906
0 0.635254 0.647461 0.0126953 0.0253906
0 0.466797 0.55957 0.0117188 0.0253906
0 0.691895 0.465332 0.0166016 0.0283203
0 0.636719 0.664062 0.015625 0.0195312
0 0.522461 0.43457 0.015625 0.0332031
0 0.494141 0.28418 0.0234375 0.0214844
0 0.318848 0.668945 0.0224609 0.0175781
0 0.383789 0.491211 0.015625 0.0214844
0 0.458008 0.67041 0.0253906 0.0146484
0 0.65625 0.658203 0.015625 0.0292969
0 0.617676 0.642578 0.0224609 0.0195312
0 0.565918 0.404785 0.0146484 0.0263672
0 0.529785 0.671875 0.0244141 0.015625
0 0.441895 0.564941 0.0205078 0.0283203
0 0.535156 0.382324 0.0117188 0.0341797
0 0.291016 0.208008 0.015625 0.0253906
0 0.493652 0.708008 0.0146484 0.0292969
0 0.455078 0.396973 0.0117188 0.0283203
0 0.511719 0.604004 0.0117188 0.0283203
0 0.524902 0.459473 0.0205078 0.0224609
0 0.468262 0.38916 0.0166016 0.0244141
0 0.501465 0.362305 0.0205078 0.0175781
0 0.616211 0.71875 0.0136719 0.0234375
0 0.527832 0.499023 0.0205078 0.0253906
0 0.625977 0.625 0.0175781 0.015625
0 0.416992 0.852539 0.0175781 0.0253906
0 0.59668 0.647461 0.0175781 0.0175781
0 0.572266 0.378906 0.015625 0.0273438
0 0.660156 0.527344 0.0234375 0.0234375
0 0.271973 0.748535 0.0166016 0.0380859
0 0.442871 0.456055 0.0166016 0.0332031
0 0.364258 0.37207 0.0175781 0.0253906
0 0.32666 0.773438 0.0205078 0.0234375
0 0.451172 0.846191 0.0234375 0.0185547
0 0.544922 0.503906 0.0136719 0.03125
0 0.57373 0.348145 0.0224609 0.0185547
0 0.554688 0.400391 0.0195312 0.0195312
0 0.648926 0.484863 0.0205078 0.0224609
0 0.499023 0.575195 0.0214844 0.0195312
0 0.563477 0.188477 0.0292969 0.0234375
0 0.720703 0.521484 0.0195312 0.0234375
0 0.620117 0.664062 0.00976562 0.0273438
0 0.378906 0.418945 0.015625 0.0273438
0 0.680176 0.516602 0.0224609 0.0273438
0 0.36084 0.663086 0.0146484 0.0332031
0 0.617676 0.568359 0.0166016 0.0234375
0 0.424316 0.496582 0.0205078 0.0224609
0 0.491699 0.343262 0.0166016 0.0283203
0 0.492676 0.172852 0.0224609 0.0195312
0 0.44873 0.617188 0.0126953 0.03125
0 0.633789 0.586914 0.0214844 0.0214844
0 0.61084 0.629883 0.0126953 0.0292969
0 0.613281 0.601562 0.0117188 0.0273438
0 0.689453 0.485352 0.0234375 0.0234375
0 0.726562 0.539551 0.0214844 0.0185547
0 0.755859 0.504883 0.0175781 0.0214844
0 0.455566 0.422852 0.0126953 0.0332031
0 0.315918 0.786621 0.0107422 0.0341797
0 0.390137 0.433105 0.0166016 0.0322266
0 0.515625 0.850586 0.0175781 0.0332031
0 0.63916 0.547852 0.0205078 0.0253906
0 0.599609 0.693359 0.0117188 0.03125
0 0.348633 0.6875 0.0214844 0.0195312
0 0.341797 0.423828 0.0175781 0.0253906
0 0.477051 0.243164 0.0263672 0.0234375
0 0.751953 0.524414 0.0253906 0.0175781
0 0.44873 0.830078 0.0185547 0.0234375
0 0.400391 0.643066 0.0117188 0.0302734
0 0.428223 0.413574 0.0126953 0.0322266
0 0.525391 0.643555 0.0195312 0.0273438
0 0.299805 0.203613 0.0136719 0.0322266
0 0.480469 0.372559 0.0195312 0.0205078
0 0.404297 0.8125 0.0253906 0.0273438
0 0.48291 0.852051 0.0107422 0.0302734
0 0.507812 0.504883 0.0234375 0.0175781
0 0.558594 0.523926 0.0195312 0.0322266
0 0.503906 0.663574 0.0195312 0.0322266
0 0.435547 0.601562 0.015625 0.0234375
0 0.510742 0.520508 0.0292969 0.0214844
0 0.387695 0.657227 0.0234375 0.0273438
0 0.384766 0.466797 0.0195312 0.0195312
0 0.427246 0.663086 0.0146484 0.0410156
0 0.523438 0.600586 0.015625 0.0332031
0 0.537109 0.564941 0.0117188 0.0322266
0 0.250977 0.210449 0.0136719 0.0361328
0 0.45459 0.370117 0.0107422 0.0292969
0 0.416504 0.446289 0.0224609 0.0214844
0 0.705078 0.51709 0.015625 0.0302734
0 0.477051 0.646973 0.0185547 0.0283203
0 0.479492 0.328125 0.0214844 0.0234375
0 0.532227 0.700195 0.0214844 0.0253906
0 0.505371 0.708984 0.0107422 0.03125
0 0.396973 0.530273 0.0185547 0.0292969
0 0.418457 0.831055 0.0146484 0.0292969
0 0.461914 0.462891 0.0253906 0.015625
0 0.314941 0.65332 0.0244141 0.0214844
0 0.455078 0.65625 0.0234375 0.0214844
0 0.606445 0.669922 0.0195312 0.0234375
0 0.422852 0.605469 0.0136719 0.0273438
0 0.376465 0.505859 0.0166016 0.03125
0 0.600586 0.371094 0.0175781 0.0273438
0 0.408203 0.473145 0.015625 0.0341797
0 0.59082 0.549805 0.0195312 0.0253906
0 0.327148 0.645996 0.0195312 0.0224609
0 0.467773 0.616211 0.0214844 0.0175781
0 0.337891 0.593262 0.0195312 0.0263672
0 0.463867 0.688965 0.0253906 0.0224609
0 0.38916 0.785156 0.0166016 0.0351562
0 0.434082 0.841309 0.0146484 0.0302734
0 0.588867 0.707031 0.0253906 0.0195312
0 0.52832 0.681641 0.0214844 0.015625
0 0.452148 0.493652 0.0136719 0.0283203
0 0.608398 0.388184 0.0175781 0.0322266
0 0.408203 0.653809 0.015625 0.0263672
0 0.495117 0.611328 0.0234375 0.0273438
0 0.667969 0.421875 0.015625 0.0292969
0 0.501953 0.59082 0.0214844 0.0175781
0 0.438477 0.322266 0.0175781 0.0332031
0 0.425781 0.573242 0.0234375 0.0292969
0 0.375488 0.384277 0.0263672 0.0283203
0 0.555176 0.356934 0.0166016 0.0322266
0 0.462891 0.577637 0.0253906 0.0205078
0 0.529297 0.614258 0.015625 0.0292969
0 0.501465 0.862793 0.0146484 0.0361328
0 0.275879 0.672363 0.0205078 0.0302734
0 0.351562 0.883789 0.0175781 0.0332031
0 0.504883 0.308594 0.0214844 0.0195312
0 0.442871 0.717285 0.0166016 0.0263672
0 0.630859 0.447266 0.0234375 0.0195312
0 0.398926 0.419922 0.0185547 0.0273438
0 0.546875 0.677734 0.015625 0.0234375
0 0.34375 0.798828 0.015625 0.03125
0 0.491211 0.402344 0.015625 0.0273438
0 0.363281 0.33252 0.0195312 0.0244141
0 0.64209 0.352539 0.0126953 0.0292969
0 0.25293 0.6875 0.0175781 0.0332031
0 0.542969 0.440918 0.0117188 0.0400391
0 0.303711 0.669922 0.0214844 0.03125
0 0.626953 0.339844 0.0195312 0.03125
0 0.466309 0.539062 0.0244141 0.015625
0 0.638672 0.426758 0.0195312 0.0253906
0 0.351562 0.591797 0.0214844 0.0234375
0 0.55957 0.571289 0.0175781 0.0332031
0 0.643066 0.519043 0.0126953 0.0283203
0 0.359375 0.285645 0.0117188 0.0322266
0 0.463867 0.837402 0.0214844 0.0283203
0 0.623047 0.405273 0.0214844 0.0253906
0 0.283203 0.521973 0.0253906 0.0224609
0 0.625 0.388184 0.015625 0.0283203
0 0.398926 0.31543 0.0146484 0.0332031
0 0.236816 0.505371 0.0146484 0.0380859
0 0.519043 0.692383 0.0244141 0.0136719
0 0.488281 0.486816 0.0214844 0.0244141
0 0.651855 0.40625 0.0244141 0.0195312
0 0.378906 0.333496 0.0195312 0.0263672
0 0.249512 0.236328 0.0244141 0.0175781
0 0.287109 0.619141 0.0195312 0.03125
0 0.32666 0.623535 0.0205078 0.0322266
0 0.275879 0.540039 0.0205078 0.0253906
0 0.354004 0.812988 0.0185547 0.0302734
0 0.419434 0.391113 0.0166016 0.0341797
0 0.743164 0.48584 0.0214844 0.0263672
0 0.27832 0.203125 0.0175781 0.03125
0 0.646484 0.719727 0.0234375 0.0253906
0 0.660156 0.6875 0.015625 0.03125
0 0.347168 0.382324 0.0205078 0.0244141
0 0.32959 0.81543 0.0244141 0.0234375
0 0.604492 0.208984 0.0214844 0.0273438
0 0.380859 0.310547 0.0234375 0.015625
0 0.589844 0.668945 0.0195312 0.0214844
0 0.529297 0.259277 0.0253906 0.0205078
0 0.265625 0.660156 0.0195312 0.03125
0 0.736328 0.462891 0.0195312 0.0273438
0 0.487305 0.45752 0.0175781 0.0322266
0 0.472656 0.488281 0.015625 0.0351562
0 0.516602 0.198242 0.0136719 0.0332031
