0 0.106934 0.350098 0.0380859 0.0263672
0 0.730957 0.421875 0.0380859 0.078125
0 0.633789 0.460938 0.0332031 0.0390625
0 0.775879 0.677246 0.0244141 0.0458984
0 0.821289 0.368164 0.0429688 0.0488281
0 0.311523 0.716797 0.0449219 0.0703125
0 0.460938 0.618164 0.0273438 0.0546875
0 0.348633 0.383789 0.0332031 0.0625
0 0.652344 0.659668 0.0214844 0.0751953
0 0.80957 0.699219 0.0507812 0.0332031
0 0.454102 0.69043 0.0195312 0.0664062
0 0.522461 0.438965 0.0371094 0.0576172
0 0.808594 0.727051 0.0351562 0.0322266
