0 0.330566 0.574707 0.0205078 0.0361328
0 0.177734 0.563477 0.046875 0.046875
0 0.405762 0.343262 0.0341797 0.0595703
0 0.330078 0.638672 0.046875 0.03125
0 0.296387 0.661621 0.0380859 0.0595703
0 0.342773 0.701172 0.0507812 0.0351562
0 0.148438 0.493164 0.046875 0.0351562
0 0.48291 0.355957 0.0478516 0.0498047
0 0.316406 0.549805 0.0332031 0.0605469
0 0.237305 0.566895 0.046875 0.0361328
0 0.532715 0.568359 0.0400391 0.0566406
0 0.353516 0.336914 0.0488281 0.0371094
0 0.22168 0.614746 0.0449219 0.0576172
0 0.659668 0.682617 0.0419922 0.0566406
0 0.222656 0.330566 0.0527344 0.0595703
0 0.410156 0.515137 0.0332031 0.0673828
0 0.404785 0.694824 0.0400391 0.0498047
0 0.140625 0.643555 0.0449219 0.0585938
0 0.274902 0.695801 0.0517578 0.0478516
0 0.254395 0.658691 0.0361328 0.0498047
