0 0.668945 0.612305 0.0722656 0.0566406
0 0.706543 0.592773 0.0732422 0.0292969
0 0.643555 0.505859 0.0957031 0.0507812
0 0.683594 0.646973 0.0820312 0.0380859
0 0.536621 0.625 0.0751953 0.0429688
0 0.676758 0.528809 0.0878906 0.0322266
0 0.461914 0.602051 0.0957031 0.0361328
0 0.431641 0.627441 0.107422 0.0478516
0 0.498047 0.581543 0.0664062 0.0478516
0 0.283691 0.580078 0.0986328 0.0273438
0 0.798828 0.569824 0.0820312 0.0537109
0 0.578613 0.541504 0.0986328 0.0244141
0 0.585938 0.602539 0.101562 0.0351562
