0 0.561523 0.583496 0.0371094 0.0224609
0 0.54248 0.554688 0.0419922 0.0371094
0 0.514648 0.510254 0.0332031 0.0419922
0 0.501953 0.674316 0.0625 0.0205078
0 0.487793 0.539062 0.0478516 0.0253906
0 0.485352 0.528809 0.0507812 0.0205078
0 0.523926 0.552734 0.0341797 0.03125
0 0.442383 0.6875 0.0527344 0.0253906
0 0.476562 0.594727 0.0488281 0.0332031
0 0.496094 0.563477 0.0273438 0.0351562
0 0.572754 0.599609 0.0322266 0.0429688
0 0.572266 0.914551 0.0429688 0.0537109
0 0.586426 0.561035 0.0400391 0.0439453
0 0.753906 0.850098 0.0761719 0.0322266
0 0.495605 0.744141 0.0302734 0.0449219
0 0.605957 0.901367 0.0439453 0.0429688
0 0.547852 0.606445 0.0390625 0.0410156
0 0.475586 0.714844 0.0527344 0.0292969
0 0.614746 0.695312 0.0458984 0.0429688
