1 0.387695 0.567383 0.0644531 0.125
0 0.466309 0.704102 0.0361328 0.0273438
0 0.720215 0.325195 0.0224609 0.0546875
0 0.516602 0.604492 0.0214844 0.0664062
0 0.589844 0.581055 0.015625 0.0488281
0 0.70752 0.459473 0.0302734 0.0380859
0 0.511719 0.476562 0.0351562 0.046875
0 0.563965 0.625977 0.0244141 0.0527344
0 0.492676 0.664551 0.0244141 0.0380859
0 0.238281 0.784668 0.0410156 0.0498047
0 0.388672 0.82373 0.0371094 0.0419922
0 0.602051 0.48291 0.0302734 0.0361328
0 0.479004 0.663086 0.0283203 0.0507812
0 0.443359 0.518066 0.0371094 0.0361328
0 0.522949 0.513672 0.0244141 0.0644531
0 0.372559 0.60498 0.0205078 0.0830078
0 0.658203 0.421875 0.0292969 0.0566406
0 0.493164 0.375488 0.015625 0.0693359
0 0.627441 0.725586 0.0380859 0.0625
0 0.581543 0.432129 0.0205078 0.0615234
0 0.658691 0.174316 0.0302734 0.0302734
0 0.48584 0.45459 0.0185547 0.0751953
0 0.417969 0.525879 0.0175781 0.0673828
0 0.489258 0.806641 0.03125 0.0820312
0 0.478516 0.57959 0.0351562 0.0439453
0 0.409668 0.802246 0.0205078 0.0634766
0 0.506836 0.41748 0.0292969 0.0634766
0 0.466797 0.396484 0.0371094 0.046875
0 0.571777 0.712402 0.0283203 0.0791016
0 0.456055 0.589844 0.0292969 0.0371094
0 0.494141 0.70166 0.0195312 0.0615234
0 0.348633 0.500977 0.03125 0.0585938
0 0.465332 0.726562 0.0341797 0.0527344
0 0.358887 0.772949 0.0439453 0.0576172
0 0.420898 0.464844 0.0332031 0.0429688
0 0.881836 0.536621 0.0195312 0.0634766
0 0.431641 0.665527 0.0351562 0.0615234
0 0.650879 0.560059 0.0205078 0.0537109
0 0.628418 0.56543 0.0283203 0.0351562
0 0.42334 0.584473 0.0263672 0.0556641
0 0.226074 0.39502 0.0322266 0.0576172
0 0.536133 0.690918 0.0332031 0.0615234
0 0.604004 0.641113 0.0302734 0.0498047
0 0.733398 0.59082 0.0273438 0.0546875
