0 0.562012 0.451172 0.0439453 0.0429688
0 0.570801 0.535645 0.0498047 0.0341797
0 0.49707 0.282715 0.0429688 0.0380859
0 0.665039 0.431641 0.0625 0.03125
0 0.40625 0.359863 0.0351562 0.0498047
0 0.424805 0.382812 0.0390625 0.0488281
0 0.36084 0.339844 0.0615234 0.0273438
0 0.419434 0.450195 0.0595703 0.03125
0 0.491699 0.463867 0.0498047 0.0429688
0 0.600098 0.484375 0.0498047 0.0488281
0 0.603516 0.380859 0.0449219 0.0429688
0 0.763184 0.421387 0.0439453 0.0458984
0 0.695801 0.473145 0.0888672 0.0400391
0 0.566895 0.298828 0.0712891 0.046875
0 0.703125 0.356934 0.0625 0.0341797
0 0.535645 0.367188 0.0517578 0.0410156
