0 0.655273 0.396484 0.0273438 0.046875
0 0.405762 0.394531 0.0517578 0.0390625
0 0.738281 0.947266 0.046875 0.0449219
0 0.591309 0.363281 0.0263672 0.0488281
0 0.57959 0.657227 0.0458984 0.0292969
0 0.427734 0.289062 0.0488281 0.0390625
0 0.438965 0.713867 0.0322266 0.0546875
0 0.70752 0.512207 0.0361328 0.0498047
0 0.101562 0.394043 0.0292969 0.0595703
0 0.753906 0.336914 0.0410156 0.0371094
0 0.483887 0.433594 0.0341797 0.0605469
0 0.703125 0.77832 0.0527344 0.0390625
0 0.293457 0.392578 0.0517578 0.0371094
0 0.10791 0.810547 0.0302734 0.0488281
0 0.741699 0.644531 0.0419922 0.0410156
0 0.783203 0.37793 0.03125 0.0585938
0 0.632812 0.474609 0.046875 0.0351562
0 0.53418 0.812988 0.0351562 0.0615234
0 0.0615234 0.725098 0.0371094 0.0615234
0 0.303711 0.0698242 0.0488281 0.0556641
0 0.580566 0.224609 0.0302734 0.0566406
0 0.189941 0.705566 0.0361328 0.0458984
0 0.326172 0.213867 0.0332031 0.0527344
0 0.535156 0.251465 0.0371094 0.0498047
0 0.754883 0.736328 0.046875 0.0449219
0 0.757812 0.523438 0.0371094 0.0546875
0 0.411133 0.626465 0.0390625 0.0517578
0 0.244141 0.581055 0.0410156 0.0507812
0 0.616211 0.17041 0.0332031 0.0654297
