0 0.432129 0.495117 0.0654297 0.046875
0 0.32959 0.601562 0.0712891 0.0332031
0 0.12793 0.988281 0.0878906 0.0234375
0 0.442383 0.4375 0.0722656 0.0429688
0 0.389648 0.459961 0.0664062 0.0371094
0 0.286133 0.491211 0.0683594 0.0390625
0 0.425781 0.621094 0.0546875 0.046875
0 0.21875 0.586426 0.0507812 0.0439453
0 0.454102 0.484375 0.0703125 0.046875
0 0.51416 0.408203 0.0556641 0.0585938
0 0.555176 0.476562 0.0654297 0.0371094
0 0.435059 0.460449 0.0712891 0.0458984
0 0.607422 0.479492 0.0703125 0.0292969
0 0.515625 0.473633 0.0625 0.0605469
0 0.571289 0.627441 0.0742188 0.0439453
0 0.413086 0.432617 0.0527344 0.0507812
0 0.611816 0.592773 0.0693359 0.03125
0 0.516602 0.547852 0.0527344 0.0507812
0 0.959961 0.49707 0.0625 0.0253906
0 0.372559 0.438965 0.0771484 0.0302734
0 0.355469 0.564941 0.0664062 0.0576172
0 0.240234 0.53125 0.0664062 0.0585938
0 0.493652 0.566406 0.0732422 0.0292969
0 0.524902 0.577148 0.0771484 0.03125
0 0.631836 0.62207 0.0390625 0.0605469
0 0.578125 0.570312 0.0585938 0.0390625
0 0.62207 0.52002 0.078125 0.0400391
0 0.389648 0.575684 0.0546875 0.0615234
0 0.319824 0.449219 0.0751953 0.0644531
0 0.533691 0.402344 0.0576172 0.046875
0 0.583984 0.504395 0.0761719 0.0341797
0 0.445312 0.538086 0.0488281 0.0664062
0 0.482422 0.51416 0.0644531 0.0576172
0 0.593262 0.533691 0.0478516 0.0537109
0 0.261719 0.483398 0.0585938 0.046875
0 0.0136719 0.528809 0.0273438 0.0517578
0 0.258301 0.606445 0.0927734 0.0332031
0 0.321289 0.512695 0.0488281 0.0644531
0 0.444336 0.412109 0.0898438 0.0351562
0 0.650391 0.648926 0.0371094 0.0595703
0 0.616211 0.650879 0.0585938 0.0595703
0 0.489746 0.59668 0.0537109 0.0566406
0 0.397949 0.405762 0.0712891 0.0458984
0 0.687988 0.489258 0.0654297 0.0488281
0 0.64209 0.469727 0.0888672 0.0332031
0 0.487305 0.636719 0.0839844 0.0449219
0 0.363281 0.489258 0.0605469 0.0566406
0 0.57666 0.664062 0.0595703 0.0761719
0 0.14209 0.193359 0.0888672 0.0585938
0 0.0395508 0.533691 0.0517578 0.0634766
0 0.90332 0.382324 0.0820312 0.0517578
0 0.673828 0.124023 0.0878906 0.0683594
0 0.385254 0.515625 0.0439453 0.0664062
0 0.621094 0.557617 0.0625 0.0507812
0 0.659668 0.51416 0.0732422 0.0537109
0 0.236328 0.854492 0.0429688 0.0507812
0 0.354492 0.635742 0.0546875 0.0585938
0 0.195801 0.519531 0.0654297 0.0585938
0 0.62207 0.371582 0.0546875 0.0498047
0 0.361328 0.395508 0.0527344 0.0585938
0 0.201172 0.443848 0.0566406 0.0556641
0 0.646484 0.433594 0.0664062 0.0371094
0 0.392578 0.644531 0.0683594 0.0488281
0 0.209961 0.491699 0.0839844 0.0439453
0 0.736816 0.622559 0.0556641 0.0654297
0 0.618164 0.406738 0.0644531 0.0576172
0 0.500977 0.691895 0.0722656 0.0556641
0 0.137207 0.575195 0.0498047 0.0644531
0 0.738281 0.662109 0.0820312 0.046875
0 0.325195 0.684082 0.0566406 0.0634766
0 0.242676 0.631348 0.0908203 0.0498047
0 0.506836 0.361328 0.0898438 0.0390625
0 0.181641 0.361328 0.0839844 0.0566406
0 0.375 0.263672 0.0683594 0.0625
