0 0.320312 0.490234 0.0527344 0.0820312
0 0.237305 0.377441 0.0371094 0.106445
0 0.149902 0.633789 0.0908203 0.0839844
0 0.334961 0.528809 0.0410156 0.100586
0 0.354492 0.553711 0.0527344 0.0957031
0 0.263672 0.470703 0.0703125 0.0488281
0 0.370117 0.481934 0.0488281 0.0947266
0 0.362305 0.719727 0.0839844 0.0859375
0 0.305176 0.458496 0.0693359 0.0947266
0 0.275391 0.68457 0.0546875 0.0957031
0 0.388184 0.56543 0.0615234 0.0917969
0 0.30127 0.541016 0.0419922 0.0898438
0 0.395996 0.657227 0.0458984 0.103516
0 0.254883 0.279785 0.09375 0.104492
0 0.396484 0.48291 0.0449219 0.110352
0 0.352539 0.617676 0.0683594 0.0712891
0 0.261719 0.569336 0.0585938 0.0917969
0 0.263184 0.438477 0.0791016 0.0644531
0 0.237793 0.672363 0.0751953 0.0869141
0 0.475098 0.59375 0.0615234 0.121094
0 0.208008 0.377441 0.0429688 0.106445
0 0.262695 0.367676 0.0546875 0.112305
0 0.445312 0.587891 0.0585938 0.078125
0 0.144043 0.38916 0.0888672 0.0986328
0 0.253418 0.513184 0.0712891 0.0595703
0 0.169922 0.337891 0.0839844 0.0605469
0 0.339355 0.645508 0.0732422 0.0644531
0 0.708984 0.568848 0.09375 0.0927734
0 0.540039 0.634766 0.0800781 0.0722656
0 0.197266 0.609863 0.0625 0.0966797
0 0.145508 0.283691 0.0800781 0.0869141
0 0.294922 0.64502 0.046875 0.0986328
0 0.118652 0.565918 0.0712891 0.0830078
0 0.539551 0.681641 0.0869141 0.0703125
