0 0.662109 0.590332 0.0195312 0.0361328
0 0.664062 0.612305 0.0527344 0.0429688
0 0.516113 0.593262 0.0419922 0.0244141
0 0.674805 0.647461 0.03125 0.0371094
0 0.422363 0.177246 0.0322266 0.0712891
0 0.525879 0.455566 0.0791016 0.0361328
0 0.458496 0.521973 0.0537109 0.0419922
0 0.498047 0.644531 0.0546875 0.0449219
0 0.745117 0.173828 0.046875 0.0429688
0 0.580566 0.388184 0.0458984 0.0322266
0 0.546387 0.60498 0.0361328 0.0576172
0 0.47998 0.679688 0.0302734 0.046875
0 0.718262 0.715332 0.0419922 0.0263672
0 0.628906 0.637207 0.0351562 0.0537109
0 0.420898 0.4375 0.046875 0.03125
0 0.392578 0.537109 0.0449219 0.0390625
0 0.151855 0.441895 0.0458984 0.0380859
0 0.435547 0.556152 0.046875 0.0302734
0 0.521484 0.56543 0.0429688 0.046875
