0 0.479004 0.630859 0.0341797 0.0195312
0 0.558594 0.507324 0.0351562 0.0166016
0 0.474121 0.90918 0.0283203 0.0214844
0 0.38916 0.662109 0.0361328 0.0175781
0 0.568848 0.472656 0.0322266 0.0136719
0 0.351562 0.699219 0.0332031 0.0195312
0 0.532715 0.483398 0.0341797 0.0136719
0 0.489746 0.870117 0.0263672 0.0292969
0 0.596191 0.526367 0.0341797 0.0136719
0 0.391602 0.748047 0.0332031 0.0195312
0 0.403809 0.56543 0.0322266 0.0175781
0 0.421875 0.695312 0.015625 0.0273438
0 0.458496 0.543945 0.0263672 0.0253906
0 0.476074 0.618164 0.0224609 0.0292969
0 0.354004 0.477051 0.0361328 0.0146484
0 0.478027 0.924805 0.0205078 0.0253906
0 0.39209 0.763672 0.0400391 0.015625
0 0.553223 0.489746 0.0322266 0.0166016
0 0.539062 0.53418 0.015625 0.0253906
0 0.446777 0.422852 0.0244141 0.0292969
0 0.389648 0.733887 0.0371094 0.0146484
0 0.404785 0.695801 0.0322266 0.0185547
0 0.464844 0.790039 0.0332031 0.0214844
0 0.168945 0.422852 0.0371094 0.0214844
0 0.500977 0.766113 0.0371094 0.0166016
0 0.391602 0.669922 0.0351562 0.0253906
0 0.552734 0.501953 0.0351562 0.015625
0 0.474609 0.636719 0.03125 0.0195312
0 0.352539 0.692383 0.0351562 0.0175781
0 0.407227 0.559082 0.0332031 0.0185547
0 0.535156 0.561523 0.0175781 0.0253906
0 0.437988 0.468262 0.0302734 0.0224609
0 0.541016 0.578125 0.0195312 0.0253906
0 0.582031 0.522461 0.0410156 0.0136719
0 0.393066 0.707031 0.0283203 0.0234375
0 0.455078 0.536133 0.0234375 0.0214844
0 0.568359 0.366699 0.0273438 0.0185547
0 0.419922 0.586914 0.0273438 0.0214844
0 0.52002 0.458984 0.0205078 0.0214844
0 0.360352 0.728516 0.0371094 0.0195312
0 0.46875 0.802734 0.0253906 0.0273438
0 0.436035 0.763672 0.0205078 0.0292969
0 0.522461 0.47168 0.0371094 0.0136719
0 0.243164 0.586426 0.0214844 0.0244141
0 0.181641 0.587891 0.03125 0.03125
0 0.290039 0.530273 0.0214844 0.0253906
0 0.473145 0.777344 0.0380859 0.0195312
0 0.396484 0.575684 0.0351562 0.0166016
0 0.423828 0.571777 0.03125 0.0185547
0 0.351562 0.427734 0.0390625 0.015625
0 0.529785 0.535156 0.0185547 0.0234375
0 0.557617 0.369629 0.0253906 0.0263672
0 0.40918 0.75293 0.0175781 0.0292969
0 0.452637 0.520996 0.0185547 0.0263672
0 0.42627 0.859863 0.0400391 0.0224609
0 0.277832 0.564453 0.0322266 0.015625
0 0.726562 0.532715 0.0351562 0.0166016
0 0.409668 0.663574 0.0205078 0.0302734
0 0.566406 0.464844 0.0351562 0.0175781
0 0.34375 0.676758 0.0390625 0.0175781
0 0.455566 0.453613 0.0361328 0.0185547
0 0.501465 0.671875 0.0302734 0.0195312
0 0.561523 0.341797 0.0371094 0.015625
0 0.377441 0.709473 0.0263672 0.0283203
0 0.795898 0.527344 0.0214844 0.03125
0 0.55957 0.354492 0.0332031 0.0136719
0 0.483398 0.646484 0.0292969 0.0234375
0 0.559082 0.541016 0.0341797 0.015625
0 0.436523 0.498047 0.0273438 0.0234375
0 0.39209 0.537109 0.0302734 0.0195312
0 0.428711 0.714844 0.0214844 0.0234375
0 0.492676 0.566895 0.0302734 0.0166016
0 0.459473 0.503906 0.0322266 0.0214844
0 0.518555 0.508301 0.03125 0.0146484
0 0.48877 0.896484 0.0400391 0.0195312
0 0.527344 0.497559 0.0292969 0.0185547
0 0.608398 0.317871 0.0332031 0.0185547
0 0.583008 0.541992 0.0292969 0.0234375
0 0.487793 0.791992 0.0224609 0.0253906
0 0.597656 0.472168 0.0273438 0.0185547
0 0.482422 0.76123 0.0253906 0.0244141
0 0.365723 0.576172 0.0361328 0.0214844
0 0.455078 0.355957 0.0234375 0.0263672
0 0.427734 0.680176 0.0273438 0.0263672
0 0.377441 0.474609 0.0380859 0.015625
0 0.474121 0.695312 0.0185547 0.03125
0 0.408691 0.805664 0.0205078 0.0292969
0 0.456543 0.580566 0.0244141 0.0263672
0 0.365234 0.486816 0.0390625 0.0146484
0 0.436523 0.528809 0.0292969 0.0205078
0 0.470703 0.754883 0.0234375 0.0292969
0 0.510742 0.578125 0.0253906 0.0234375
0 0.419922 0.744141 0.0234375 0.0292969
0 0.568359 0.743164 0.0292969 0.0214844
0 0.541016 0.513672 0.0175781 0.0234375
0 0.652344 0.586914 0.0195312 0.0273438
0 0.697266 0.643555 0.0390625 0.0195312
0 0.463867 0.86084 0.0410156 0.0166016
0 0.267578 0.52832 0.0195312 0.0292969
0 0.287109 0.494141 0.0351562 0.0214844
0 0.447266 0.560547 0.03125 0.0175781
0 0.54248 0.466797 0.0244141 0.0253906
0 0.37793 0.677734 0.0214844 0.0234375
0 0.390625 0.77832 0.0351562 0.0214844
0 0.456543 0.820801 0.0263672 0.0263672
0 0.611328 0.629883 0.0371094 0.0195312
0 0.513184 0.292969 0.0244141 0.0234375
0 0.421387 0.892578 0.0283203 0.03125
0 0.392578 0.635742 0.0292969 0.0253906
0 0.51416 0.553711 0.0224609 0.0253906
0 0.435059 0.825195 0.0380859 0.0175781
0 0.424316 0.793945 0.0263672 0.0253906
0 0.384766 0.591797 0.0332031 0.0195312
0 0.476562 0.675781 0.0234375 0.0273438
0 0.525391 0.442871 0.0351562 0.0166016
0 0.552734 0.560547 0.0273438 0.0175781
0 0.737305 0.641602 0.0332031 0.0214844
0 0.435547 0.543945 0.0273438 0.0214844
0 0.372559 0.747559 0.0380859 0.0166016
0 0.480469 0.846191 0.0273438 0.0263672
0 0.536133 0.42627 0.0253906 0.0244141
0 0.316895 0.583008 0.0380859 0.0214844
0 0.506836 0.599121 0.0371094 0.0185547
0 0.402832 0.447754 0.0205078 0.0283203
0 0.56543 0.797852 0.0371094 0.0253906
