0 0.296875 0.726562 0.0273438 0.046875
0 0.310059 0.536621 0.0166016 0.0556641
0 0.457031 0.739258 0.0332031 0.0214844
0 0.34375 0.394043 0.015625 0.0380859
0 0.403809 0.793945 0.0302734 0.0371094
0 0.416992 0.771973 0.0292969 0.0283203
0 0.291504 0.706055 0.0224609 0.0410156
0 0.374023 0.699219 0.0234375 0.0351562
0 0.419922 0.730469 0.0351562 0.0273438
0 0.555664 0.34668 0.0332031 0.0273438
0 0.298828 0.541992 0.015625 0.0527344
0 0.331055 0.730469 0.0253906 0.0351562
0 0.400879 0.880859 0.0126953 0.0566406
0 0.361816 0.733398 0.0185547 0.0507812
0 0.303223 0.451172 0.0263672 0.03125
0 0.291504 0.639648 0.0380859 0.0292969
0 0.401367 0.713867 0.0332031 0.0253906
0 0.321777 0.391602 0.0224609 0.0371094
0 0.394043 0.878418 0.0205078 0.0556641
0 0.3125 0.694336 0.0351562 0.0253906
0 0.267578 0.637695 0.0234375 0.0449219
0 0.551758 0.443359 0.0253906 0.0546875
0 0.456055 0.357422 0.0175781 0.046875
0 0.334961 0.415039 0.0175781 0.0449219
0 0.403809 0.411621 0.0185547 0.0439453
0 0.529297 0.538086 0.03125 0.0292969
0 0.572266 0.372559 0.0273438 0.0283203
0 0.355957 0.685547 0.0302734 0.0234375
0 0.471191 0.417969 0.0185547 0.0449219
0 0.515625 0.384277 0.0351562 0.0224609
0 0.522461 0.425293 0.0253906 0.0478516
0 0.455078 0.594727 0.0253906 0.03125
0 0.313477 0.666016 0.0390625 0.0273438
0 0.478516 0.666992 0.015625 0.0488281
0 0.385254 0.798828 0.0126953 0.0507812
0 0.439941 0.987793 0.0419922 0.0244141
0 0.475586 0.756348 0.0292969 0.0283203
0 0.375 0.847168 0.015625 0.0498047
0 0.603516 0.466309 0.0195312 0.0341797
0 0.298828 0.473633 0.015625 0.0488281
0 0.522461 0.146484 0.0175781 0.0585938
0 0.455078 0.489746 0.0136719 0.0615234
0 0.509277 0.368652 0.0244141 0.0244141
0 0.338867 0.581543 0.0234375 0.0537109
0 0.176758 0.94043 0.0371094 0.0683594
0 0.449707 0.449219 0.0146484 0.0507812
0 0.411621 0.886719 0.0185547 0.0625
0 0.350098 0.418945 0.0205078 0.0488281
0 0.436523 0.822266 0.0253906 0.0488281
0 0.322754 0.555664 0.0244141 0.0449219
0 0.381836 0.942383 0.0253906 0.0292969
0 0.445801 0.573242 0.0146484 0.0488281
0 0.32959 0.350586 0.0166016 0.0488281
0 0.397949 0.824219 0.0224609 0.0351562
0 0.291992 0.600586 0.0175781 0.0566406
0 0.304199 0.78125 0.0302734 0.0546875
0 0.457031 0.37793 0.0195312 0.0507812
0 0.412598 0.830078 0.0146484 0.0507812
0 0.321289 0.429688 0.0292969 0.0273438
0 0.638672 0.365234 0.03125 0.0234375
0 0.377441 0.580078 0.0302734 0.0410156
0 0.458496 0.44043 0.0185547 0.0527344
0 0.486816 0.518555 0.0205078 0.0527344
0 0.526855 0.348145 0.0126953 0.0576172
0 0.481445 0.538086 0.0332031 0.0292969
0 0.567871 0.351074 0.0419922 0.0302734
0 0.446289 0.707031 0.0292969 0.0234375
0 0.269531 0.685059 0.0273438 0.0556641
0 0.433594 0.587402 0.015625 0.0556641
0 0.538086 0.512695 0.0253906 0.0488281
0 0.387695 0.435547 0.0253906 0.0429688
0 0.361328 0.579102 0.0234375 0.0390625
0 0.610352 0.368652 0.0351562 0.0341797
0 0.542969 0.425781 0.0195312 0.0546875
0 0.472656 0.709961 0.0292969 0.0527344
0 0.477539 0.559082 0.0371094 0.0263672
0 0.310547 0.590332 0.0273438 0.0380859
0 0.537109 0.481934 0.015625 0.0400391
0 0.421387 0.375977 0.0341797 0.0253906
0 0.586914 0.470215 0.0371094 0.0341797
0 0.447754 0.753906 0.0341797 0.0253906
0 0.408691 0.949219 0.0361328 0.03125
0 0.755371 0.364746 0.0302734 0.0322266
0 0.430176 0.69043 0.0185547 0.0527344
0 0.318359 0.488281 0.0195312 0.0546875
0 0.397949 0.75 0.0244141 0.0507812
0 0.358398 0.94043 0.0175781 0.0449219
0 0.474609 0.829102 0.0351562 0.0351562
0 0.537109 0.341797 0.015625 0.0625
0 0.356445 0.804199 0.0292969 0.0419922
0 0.424805 0.549805 0.0371094 0.0214844
0 0.443848 0.365234 0.0205078 0.0371094
0 0.470703 0.364258 0.0136719 0.0527344
0 0.5 0.166016 0.0195312 0.0664062
0 0.374023 0.88916 0.0175781 0.0654297
0 0.472168 0.398926 0.0244141 0.0517578
0 0.73584 0.390625 0.0322266 0.0351562
0 0.426758 0.804688 0.0175781 0.046875
0 0.515625 0.275391 0.0273438 0.0507812
0 0.48877 0.701172 0.0263672 0.046875
0 0.344727 0.491211 0.0371094 0.0449219
0 0.362305 0.37207 0.0371094 0.0273438
0 0.276855 0.90332 0.0341797 0.0566406
0 0.447266 0.519531 0.0195312 0.0546875
0 0.445801 0.863281 0.0341797 0.0292969
0 0.550293 0.473633 0.0322266 0.0449219
0 0.316895 0.798828 0.0224609 0.0527344
0 0.431152 0.440918 0.0263672 0.0439453
0 0.361816 0.533691 0.0283203 0.0634766
0 0.343262 0.454102 0.0361328 0.0253906
0 0.557617 0.282227 0.0332031 0.0683594
0 0.37207 0.652344 0.0234375 0.0546875
0 0.34082 0.70166 0.0410156 0.0283203
0 0.603027 0.249512 0.0224609 0.0673828
0 0.425781 0.758789 0.0292969 0.0371094
0 0.493164 0.245605 0.0214844 0.0595703
0 0.336426 0.837891 0.0166016 0.0507812
0 0.615723 0.407715 0.0205078 0.0576172
0 0.405762 0.57959 0.0380859 0.0341797
0 0.392578 0.688477 0.0292969 0.0292969
0 0.479004 0.252441 0.0146484 0.0615234
0 0.462402 0.634766 0.0146484 0.0585938
0 0.634766 0.406738 0.0292969 0.0556641
0 0.460449 0.930664 0.0224609 0.0488281
0 0.313965 0.966797 0.0400391 0.0351562
0 0.37207 0.453613 0.0253906 0.0537109
0 0.38623 0.724609 0.0341797 0.03125
0 0.395508 0.662109 0.0273438 0.0390625
0 0.709961 0.525391 0.0449219 0.0351562
0 0.512695 0.432617 0.0253906 0.0488281
0 0.414551 0.395996 0.0400391 0.0263672
0 0.382324 0.390625 0.0322266 0.0429688
0 0.413086 0.494629 0.03125 0.0537109
0 0.749512 0.464844 0.0380859 0.0410156
0 0.5 0.347168 0.0390625 0.0322266
0 0.489746 0.643555 0.0185547 0.0605469
0 0.869141 0.513184 0.0195312 0.0634766
0 0.741699 0.558594 0.0341797 0.0429688
0 0.535156 0.158203 0.0234375 0.0585938
0 0.52832 0.296387 0.0273438 0.0615234
0 0.465332 0.896484 0.0302734 0.0273438
0 0.473633 0.461914 0.015625 0.0507812
0 0.38623 0.626953 0.0185547 0.0527344
0 0.348145 0.917969 0.0283203 0.0371094
0 0.589844 0.396973 0.0371094 0.0283203
0 0.334473 0.541992 0.0322266 0.0332031
0 0.315918 0.901855 0.0322266 0.0361328
0 0.408203 0.537109 0.03125 0.0273438
0 0.635742 0.241699 0.0175781 0.0615234
0 0.345215 0.775391 0.0380859 0.0273438
0 0.456543 0.315918 0.0263672 0.0458984
0 0.496094 0.452148 0.03125 0.0292969
0 0.620117 0.117188 0.0253906 0.0585938
0 0.493164 0.297852 0.0371094 0.0449219
0 0.658691 0.573242 0.0166016 0.0527344
0 0.522461 0.658203 0.0253906 0.046875
