0 0.255371 0.324707 0.0419922 0.0166016
0 0.22168 0.415039 0.0195312 0.0253906
0 0.25293 0.220215 0.0449219 0.0341797
0 0.208008 0.270508 0.0390625 0.0175781
0 0.319824 0.912598 0.0302734 0.0263672
0 0.329102 0.713867 0.0449219 0.0175781
0 0.230469 0.477051 0.0175781 0.0283203
0 0.251465 0.337402 0.0458984 0.0224609
0 0.23877 0.415039 0.0263672 0.0214844
0 0.219238 0.451172 0.0185547 0.0273438
0 0.263672 0.392578 0.0351562 0.0117188
0 0.34668 0.385742 0.0292969 0.03125
0 0.242188 0.382324 0.0273438 0.0244141
0 0.231934 0.454102 0.0146484 0.0292969
0 0.263184 0.350586 0.0380859 0.0175781
0 0.240234 0.14209 0.0273438 0.0283203
0 0.307129 0.348145 0.0302734 0.0146484
0 0.3125 0.776367 0.0605469 0.0214844
0 0.223633 0.433105 0.0371094 0.0126953
0 0.221191 0.376465 0.0166016 0.0263672
0 0.3125 0.696289 0.0195312 0.0292969
0 0.511719 0.190918 0.046875 0.0185547
0 0.241699 0.400391 0.0400391 0.015625
0 0.263672 0.510742 0.0351562 0.0175781
0 0.298828 0.492188 0.0332031 0.0234375
0 0.257812 0.53418 0.0332031 0.0214844
0 0.317871 0.379883 0.0205078 0.0292969
0 0.27002 0.556641 0.0458984 0.0273438
0 0.297363 0.645996 0.0380859 0.0185547
0 0.260742 0.606934 0.0332031 0.0400391
0 0.266113 0.185547 0.0283203 0.0273438
0 0.249512 0.482422 0.0205078 0.0292969
0 0.310059 0.739258 0.0400391 0.0253906
0 0.473633 0.59082 0.0410156 0.0253906
0 0.623047 0.42627 0.03125 0.0263672
