0 0.399414 0.512695 0.0273438 0.0449219
0 0.638672 0.515625 0.0273438 0.0507812
0 0.641602 0.00927734 0.0429688 0.0185547
0 0.599121 0.442383 0.0498047 0.0507812
0 0.625 0.674316 0.0625 0.0556641
0 0.711914 0.53418 0.0273438 0.0644531
0 0.616699 0.507812 0.0244141 0.0683594
0 0.680664 0.458984 0.0507812 0.0449219
0 0.680664 0.563477 0.0527344 0.0703125
0 0.642578 0.452148 0.0429688 0.0625
0 0.430664 0.57959 0.0488281 0.0263672
0 0.519043 0.750488 0.0361328 0.0712891
0 0.542969 0.552246 0.0273438 0.0498047
0 0.667969 0.486328 0.0527344 0.0527344
0 0.673828 0.613281 0.0410156 0.0605469
0 0.577148 0.72998 0.0273438 0.0908203
0 0.522949 0.447266 0.0595703 0.0429688
0 0.637207 0.549316 0.0478516 0.0224609
0 0.469238 0.375488 0.0615234 0.0263672
0 0.624512 0.467285 0.0322266 0.0595703
0 0.659668 0.511719 0.0478516 0.0332031
0 0.499023 0.736328 0.0214844 0.0800781
0 0.669434 0.656738 0.0302734 0.0673828
0 0.646973 0.58252 0.0322266 0.0595703
0 0.698242 0.671875 0.0507812 0.078125
0 0.589355 0.472168 0.0478516 0.0380859
0 0.481934 0.561523 0.0439453 0.0351562
0 0.481934 0.517578 0.0439453 0.0761719
0 0.541016 0.645508 0.0253906 0.0742188
0 0.611328 0.59082 0.0488281 0.0625
0 0.619141 0.630859 0.0625 0.0351562
0 0.443848 0.693359 0.0556641 0.0878906
0 0.538086 0.70459 0.0488281 0.0458984
0 0.555176 0.727539 0.0361328 0.078125
0 0.494629 0.463867 0.0556641 0.0449219
0 0.451172 0.501465 0.0605469 0.0244141
0 0.433594 0.556152 0.0585938 0.0458984
0 0.59082 0.510254 0.0332031 0.0673828
0 0.442383 0.623047 0.0527344 0.0878906
0 0.353027 0.517578 0.0517578 0.0585938
0 0.580078 0.663086 0.0292969 0.0625
0 0.564453 0.460449 0.03125 0.0654297
0 0.535156 0.592773 0.0585938 0.0585938
0 0.355957 0.667969 0.0693359 0.0703125
0 0.5625 0.516602 0.0371094 0.0566406
0 0.595703 0.553223 0.0449219 0.0634766
0 0.527832 0.507812 0.0517578 0.0546875
0 0.62793 0.401367 0.0683594 0.03125
0 0.384766 0.562012 0.0429688 0.0654297
0 0.86084 0.666504 0.0322266 0.0791016
0 0.436523 0.422852 0.0566406 0.0390625
0 0.37793 0.460449 0.0429688 0.0673828
0 0.578613 0.395996 0.0263672 0.0654297
0 0.439453 0.475098 0.0585938 0.0322266
