0 0.776367 0.626465 0.0195312 0.0498047
0 0.788574 0.707031 0.0361328 0.0175781
0 0.314453 0.656738 0.0234375 0.0478516
0 0.569336 0.433105 0.0214844 0.0419922
0 0.624512 0.388184 0.0166016 0.0517578
0 0.76709 0.597168 0.0439453 0.0478516
0 0.341797 0.520996 0.0449219 0.0244141
0 0.655273 0.54541 0.0351562 0.0244141
0 0.535645 0.424805 0.0244141 0.0371094
0 0.661621 0.722168 0.0224609 0.0537109
0 0.47998 0.779785 0.0322266 0.0283203
0 0.922852 0.550781 0.03125 0.0253906
0 0.524414 0.76709 0.0332031 0.0263672
0 0.564453 0.399414 0.0234375 0.0546875
0 0.490234 0.606445 0.0292969 0.0253906
0 0.705078 0.606445 0.0410156 0.0371094
0 0.240234 0.474121 0.0273438 0.0458984
0 0.572266 0.252441 0.0234375 0.0458984
0 0.794922 0.633789 0.0253906 0.0488281
0 0.583008 0.574219 0.0234375 0.0429688
0 0.526855 0.692871 0.0263672 0.0498047
0 0.685547 0.583008 0.0175781 0.0507812
0 0.614258 0.391113 0.03125 0.0458984
0 0.503906 0.625 0.0566406 0.0292969
0 0.377441 0.433105 0.0185547 0.0517578
0 0.547852 0.720215 0.0292969 0.0419922
0 0.437012 0.513672 0.0341797 0.0371094
0 0.427734 0.476562 0.03125 0.0488281
0 0.59668 0.513184 0.0410156 0.0458984
0 0.598145 0.683105 0.0263672 0.0615234
0 0.553711 0.493164 0.046875 0.0273438
0 0.42334 0.182617 0.0205078 0.0664062
0 0.477539 0.54834 0.0332031 0.0322266
0 0.595215 0.640625 0.0400391 0.0332031
0 0.799316 0.475586 0.0478516 0.0292969
0 0.457031 0.105957 0.0429688 0.0400391
0 0.338867 0.600586 0.0253906 0.0390625
0 0.255859 0.345703 0.0390625 0.0390625
0 0.435547 0.347168 0.0390625 0.0283203
0 0.394531 0.512695 0.0273438 0.046875
0 0.657227 0.63916 0.03125 0.0400391
0 0.460938 0.662598 0.0253906 0.0556641
0 0.769531 0.56543 0.0410156 0.0273438
0 0.459961 0.188477 0.0410156 0.0214844
0 0.645508 0.366699 0.0410156 0.0224609
0 0.33252 0.689941 0.0244141 0.0517578
0 0.651367 0.608398 0.0390625 0.0351562
0 0.901367 0.472656 0.0429688 0.0351562
0 0.660645 0.504883 0.0224609 0.0546875
0 0.782227 0.501953 0.03125 0.0351562
0 0.824219 0.729004 0.0195312 0.0498047
0 0.777832 0.37793 0.0185547 0.0410156
