0 0.327148 0.670898 0.0371094 0.0566406
0 0.486328 0.251953 0.046875 0.0332031
0 0.578125 0.575195 0.0429688 0.0449219
0 0.499023 0.300781 0.0371094 0.046875
0 0.691895 0.276367 0.0478516 0.0390625
0 0.564453 0.630859 0.0390625 0.0585938
0 0.427734 0.870117 0.0351562 0.0605469
0 0.613281 0.310547 0.0390625 0.0429688
0 0.408203 0.34668 0.046875 0.0410156
0 0.356934 0.444336 0.0458984 0.0488281
0 0.748047 0.640625 0.0410156 0.0429688
0 0.382812 0.477051 0.0625 0.0322266
0 0.430664 0.65918 0.0449219 0.0527344
0 0.644531 0.289062 0.0410156 0.0449219
