0 0.572266 0.576172 0.0195312 0.0390625
0 0.45166 0.470215 0.0166016 0.0458984
0 0.692383 0.506836 0.0214844 0.0214844
0 0.616211 0.633301 0.0136719 0.0458984
0 0.712891 0.495117 0.015625 0.0488281
0 0.69873 0.525391 0.0185547 0.0273438
0 0.708008 0.442871 0.0292969 0.0322266
0 0.720703 0.508789 0.0117188 0.0410156
0 0.44043 0.419922 0.0175781 0.0390625
0 0.666016 0.650391 0.0195312 0.0429688
0 0.45459 0.501953 0.0126953 0.046875
0 0.705078 0.47168 0.0117188 0.0449219
0 0.501465 0.410156 0.0146484 0.046875
0 0.71582 0.448242 0.0234375 0.0332031
0 0.706055 0.568359 0.0175781 0.0351562
0 0.519531 0.418457 0.0195312 0.0439453
0 0.618652 0.62207 0.0146484 0.0410156
0 0.604492 0.513184 0.0292969 0.0244141
0 0.718262 0.544434 0.0205078 0.0380859
0 0.681152 0.331055 0.0244141 0.0234375
0 0.504395 0.388672 0.0185547 0.0507812
0 0.733398 0.506836 0.0175781 0.0449219
0 0.563965 0.291992 0.0185547 0.0488281
0 0.442383 0.504883 0.0136719 0.0449219
0 0.678711 0.515625 0.0136719 0.0429688
0 0.44043 0.458008 0.0136719 0.0488281
0 0.606934 0.332031 0.0244141 0.0351562
0 0.616211 0.338379 0.0195312 0.0400391
0 0.435059 0.395508 0.0244141 0.0292969
0 0.493652 0.456055 0.0166016 0.0546875
0 0.625 0.510742 0.0234375 0.0410156
0 0.696289 0.464355 0.0136719 0.0478516
0 0.68457 0.567383 0.0214844 0.0351562
0 0.702637 0.754883 0.0244141 0.0371094
0 0.666016 0.536133 0.0195312 0.0371094
0 0.723145 0.480469 0.0146484 0.0429688
0 0.65625 0.311035 0.0234375 0.0341797
0 0.67334 0.34668 0.0166016 0.0449219
0 0.536133 0.398438 0.0234375 0.0332031
0 0.446289 0.334473 0.0371094 0.0361328
0 0.527344 0.386719 0.0175781 0.0351562
0 0.663086 0.560547 0.015625 0.0507812
0 0.427734 0.436035 0.015625 0.0458984
0 0.609375 0.20166 0.0292969 0.0283203
0 0.692383 0.70752 0.0253906 0.0380859
0 0.446289 0.608398 0.03125 0.0253906
0 0.599609 0.299805 0.0214844 0.0449219
0 0.618652 0.59375 0.0244141 0.0351562
0 0.665039 0.32666 0.0214844 0.0400391
0 0.543945 0.37207 0.0253906 0.03125
0 0.732422 0.474121 0.015625 0.0439453
0 0.456055 0.625488 0.0214844 0.0322266
0 0.585449 0.48584 0.0263672 0.0302734
0 0.611816 0.530273 0.0283203 0.0253906
0 0.685547 0.717773 0.0214844 0.0410156
0 0.574707 0.320801 0.0205078 0.0439453
0 0.671387 0.79541 0.0224609 0.0458984
0 0.684082 0.305664 0.0263672 0.0253906
0 0.692383 0.380859 0.0253906 0.0507812
0 0.538086 0.444336 0.0253906 0.0292969
0 0.668457 0.745605 0.0244141 0.0263672
0 0.638672 0.503906 0.015625 0.0429688
0 0.48584 0.427246 0.0166016 0.0400391
0 0.67041 0.71875 0.0205078 0.0429688
0 0.713867 0.751465 0.0253906 0.0400391
0 0.505371 0.556152 0.0185547 0.0419922
0 0.606445 0.606445 0.0136719 0.046875
0 0.512207 0.614746 0.0185547 0.0341797
0 0.526367 0.245605 0.0175781 0.0537109
0 0.631836 0.612305 0.0195312 0.0371094
0 0.429199 0.467285 0.0185547 0.0361328
0 0.510254 0.486328 0.0166016 0.046875
0 0.707031 0.345215 0.0234375 0.0302734
0 0.512695 0.422852 0.0175781 0.0449219
0 0.527344 0.541992 0.0273438 0.0429688
0 0.600586 0.48877 0.0175781 0.0419922
0 0.525391 0.358398 0.0234375 0.03125
0 0.55127 0.35791 0.0283203 0.0380859
0 0.507324 0.582031 0.0205078 0.0390625
0 0.649414 0.644531 0.0175781 0.0410156
0 0.603027 0.40918 0.0205078 0.0605469
0 0.708008 0.688477 0.0253906 0.0253906
0 0.668457 0.489258 0.0263672 0.0292969
0 0.700684 0.322266 0.0244141 0.0351562
0 0.509766 0.634277 0.0175781 0.0419922
0 0.489258 0.34375 0.0214844 0.046875
0 0.464844 0.542969 0.0214844 0.0429688
0 0.704102 0.370605 0.0214844 0.0244141
0 0.651367 0.496582 0.0175781 0.0419922
0 0.758789 0.526367 0.0332031 0.0214844
0 0.588379 0.242676 0.0224609 0.0341797
0 0.773926 0.649414 0.0263672 0.0332031
0 0.662109 0.775391 0.015625 0.0507812
0 0.467773 0.370605 0.0253906 0.0439453
0 0.643555 0.811523 0.015625 0.0488281
0 0.431641 0.508789 0.0195312 0.0449219
0 0.560547 0.398926 0.0273438 0.0263672
0 0.651855 0.742188 0.0166016 0.0429688
0 0.496094 0.501953 0.015625 0.0429688
0 0.56543 0.52832 0.0175781 0.0488281
0 0.630371 0.552734 0.0146484 0.046875
0 0.693848 0.59082 0.0185547 0.0371094
0 0.613281 0.469238 0.0175781 0.0556641
0 0.649414 0.669922 0.0253906 0.0410156
0 0.558594 0.466797 0.0234375 0.0351562
0 0.55127 0.652344 0.0263672 0.0390625
0 0.494629 0.658691 0.0205078 0.0380859
0 0.589844 0.775391 0.03125 0.0351562
0 0.533203 0.666504 0.0273438 0.0302734
0 0.684082 0.674805 0.0283203 0.0292969
0 0.630371 0.654297 0.0244141 0.0292969
0 0.700195 0.628906 0.0214844 0.0429688
0 0.494629 0.605957 0.0224609 0.0400391
0 0.552734 0.769531 0.0234375 0.0390625
