0 0.577148 0.620117 0.0253906 0.0214844
0 0.618164 0.59082 0.0175781 0.0234375
0 0.563965 0.541016 0.0205078 0.0390625
0 0.648926 0.467773 0.0107422 0.0273438
0 0.68457 0.519043 0.03125 0.0263672
0 0.461426 0.42041 0.0224609 0.0224609
0 0.499512 0.496094 0.0205078 0.0214844
0 0.473633 0.603516 0.0175781 0.0507812
0 0.595215 0.544434 0.0146484 0.0244141
0 0.399414 0.497559 0.0273438 0.0185547
0 0.635742 0.482422 0.0273438 0.015625
0 0.460449 0.394531 0.0166016 0.0292969
0 0.662598 0.476562 0.0166016 0.0234375
0 0.42334 0.522461 0.0283203 0.0175781
0 0.41748 0.446777 0.0146484 0.0283203
0 0.480469 0.692871 0.0136719 0.0341797
0 0.53125 0.630859 0.0214844 0.0273438
0 0.612793 0.584961 0.0205078 0.0292969
0 0.467285 0.586914 0.0107422 0.0332031
0 0.52832 0.416016 0.0214844 0.015625
0 0.480957 0.575195 0.0126953 0.0390625
0 0.523926 0.459473 0.0185547 0.0205078
0 0.546387 0.627441 0.0107422 0.0283203
0 0.490723 0.51416 0.0224609 0.0244141
0 0.503906 0.634277 0.0253906 0.0185547
0 0.499512 0.390137 0.0341797 0.0126953
0 0.680176 0.557129 0.0283203 0.0224609
0 0.594238 0.467285 0.0322266 0.0224609
0 0.366211 0.492676 0.0117188 0.0322266
0 0.568848 0.464844 0.0166016 0.0253906
0 0.500977 0.379395 0.0273438 0.0146484
0 0.505371 0.52832 0.0244141 0.015625
0 0.378418 0.481934 0.0146484 0.0302734
0 0.386719 0.591309 0.03125 0.0146484
0 0.670898 0.513672 0.0273438 0.0117188
0 0.453613 0.433105 0.0263672 0.0263672
0 0.493164 0.575684 0.0117188 0.0322266
0 0.48584 0.431152 0.0126953 0.0322266
0 0.353516 0.481934 0.0273438 0.0205078
0 0.45459 0.51416 0.0166016 0.0263672
0 0.453125 0.598145 0.0234375 0.0244141
0 0.519531 0.380371 0.0273438 0.0166016
0 0.429688 0.585938 0.0117188 0.03125
0 0.512207 0.415039 0.0205078 0.03125
0 0.419922 0.423828 0.0253906 0.0273438
0 0.431152 0.452637 0.0126953 0.0361328
0 0.686035 0.571777 0.0361328 0.0166016
0 0.367188 0.534668 0.0234375 0.0166016
0 0.48584 0.46582 0.0224609 0.03125
0 0.455566 0.60791 0.0244141 0.0126953
0 0.441895 0.417969 0.0244141 0.0175781
0 0.654785 0.532227 0.0126953 0.0390625
0 0.550293 0.485352 0.0244141 0.0253906
0 0.55127 0.563477 0.0244141 0.0253906
0 0.516113 0.438965 0.0244141 0.0166016
0 0.475586 0.493164 0.0253906 0.0351562
0 0.337891 0.782227 0.0234375 0.0195312
0 0.353516 0.516602 0.0273438 0.0234375
0 0.500488 0.617188 0.0205078 0.0195312
0 0.660645 0.499023 0.0263672 0.0214844
0 0.540527 0.453125 0.0244141 0.0332031
0 0.319336 0.486816 0.0234375 0.0166016
0 0.432129 0.612305 0.0185547 0.0332031
0 0.553711 0.589844 0.0214844 0.0234375
0 0.689453 0.479004 0.0234375 0.0439453
0 0.431152 0.547852 0.0205078 0.03125
0 0.575684 0.604492 0.0322266 0.015625
0 0.399902 0.451172 0.0224609 0.0175781
0 0.433594 0.486328 0.0214844 0.0195312
0 0.379395 0.432129 0.0322266 0.0185547
0 0.609863 0.478516 0.0322266 0.0195312
0 0.345215 0.581543 0.0166016 0.0380859
0 0.329102 0.551758 0.0273438 0.0195312
0 0.668457 0.54834 0.0263672 0.0361328
0 0.607422 0.518066 0.0332031 0.0283203
0 0.387207 0.669434 0.0283203 0.0185547
0 0.703125 0.547852 0.0292969 0.0332031
0 0.79834 0.60791 0.0283203 0.0517578
0 0.637695 0.523438 0.0195312 0.0371094
0 0.557617 0.647949 0.03125 0.0185547
0 0.59375 0.505859 0.0332031 0.0273438
0 0.767578 0.56543 0.0273438 0.03125
0 0.518555 0.662598 0.0214844 0.0380859
