0 0.498047 0.279785 0.0605469 0.0400391
0 0.128418 0.602051 0.0712891 0.0283203
0 0.755859 0.308594 0.0371094 0.046875
0 0.208496 0.777344 0.0537109 0.0410156
0 0.750977 0.466797 0.0429688 0.0488281
0 0.861816 0.650391 0.0576172 0.0664062
0 0.191895 0.462891 0.0791016 0.0449219
0 0.116699 0.421387 0.0810547 0.0361328
0 0.529297 0.42334 0.0644531 0.0302734
0 0.71582 0.494141 0.0625 0.0253906
0 0.474121 0.533691 0.0712891 0.0283203
0 0.273438 0.814453 0.0449219 0.0527344
0 0.912109 0.509766 0.0664062 0.0332031
0 0.580566 0.507812 0.0654297 0.0292969
0 0.759277 0.399414 0.0419922 0.0507812
0 0.64209 0.365234 0.0576172 0.0410156
0 0.546387 0.449219 0.0478516 0.0585938
0 0.730469 0.43457 0.0566406 0.0410156
0 0.640137 0.625977 0.0576172 0.0449219
0 0.720703 0.410645 0.0546875 0.0380859
0 0.828613 0.40918 0.0576172 0.0449219
0 0.714355 0.46875 0.0517578 0.0410156
