0 0.713867 0.621094 0.0429688 0.0488281
0 0.680664 0.69873 0.0332031 0.0673828
0 0.486816 0.524414 0.0498047 0.0605469
0 0.488281 0.556641 0.0273438 0.0820312
0 0.554688 0.594727 0.0527344 0.0800781
0 0.562012 0.540039 0.0419922 0.0820312
0 0.503418 0.594238 0.0556641 0.0810547
0 0.771484 0.582031 0.0253906 0.0917969
0 0.676758 0.657227 0.0683594 0.0859375
0 0.761719 0.644043 0.0566406 0.0458984
0 0.542969 0.511719 0.03125 0.0898438
0 0.523438 0.45166 0.0722656 0.0341797
0 0.615234 0.677734 0.0625 0.03125
0 0.742676 0.593262 0.0537109 0.0712891
0 0.576172 0.605469 0.0429688 0.0820312
0 0.512695 0.625 0.0273438 0.0898438
0 0.746582 0.661621 0.0732422 0.0380859
0 0.644531 0.479004 0.0605469 0.0849609
0 0.614258 0.704102 0.0683594 0.0390625
0 0.658691 0.609863 0.0654297 0.0361328
0 0.799316 0.635742 0.0556641 0.0390625
0 0.507324 0.507812 0.0400391 0.0820312
0 0.606445 0.646973 0.0703125 0.0439453
0 0.73291 0.535156 0.0556641 0.0839844
0 0.614258 0.589844 0.0292969 0.0917969
0 0.638672 0.397949 0.0703125 0.0576172
0 0.685547 0.555664 0.0371094 0.09375
0 0.524414 0.707031 0.0566406 0.0820312
0 0.548828 0.663086 0.0605469 0.0722656
0 0.646484 0.546875 0.0664062 0.0957031
0 0.584473 0.465332 0.0712891 0.0341797
0 0.714355 0.716309 0.0634766 0.0478516
0 0.597656 0.410645 0.0644531 0.0732422
0 0.539062 0.412109 0.0625 0.0664062
