0 0.686523 0.541504 0.0546875 0.0673828
0 0.588867 0.583008 0.0507812 0.0507812
0 0.408203 0.564941 0.0390625 0.0244141
0 0.430664 0.575195 0.0488281 0.0234375
0 0.421387 0.532227 0.0498047 0.03125
0 0.338867 0.609863 0.0449219 0.0361328
0 0.527832 0.530273 0.0458984 0.0761719
0 0.568848 0.52002 0.0224609 0.0615234
0 0.314941 0.637207 0.0283203 0.0732422
0 0.533203 0.58252 0.0449219 0.0263672
0 0.384277 0.568359 0.0263672 0.0585938
0 0.375977 0.614258 0.0332031 0.0507812
0 0.354492 0.65918 0.0546875 0.046875
0 0.43457 0.454102 0.0566406 0.0527344
0 0.648438 0.476562 0.0273438 0.0605469
0 0.321289 0.51123 0.0292969 0.0615234
0 0.661621 0.606934 0.0537109 0.0322266
