0 0.279297 0.451172 0.0195312 0.0449219
0 0.37207 0.586914 0.0273438 0.0566406
0 0.357422 0.585938 0.0273438 0.0605469
0 0.333496 0.411133 0.0244141 0.0605469
0 0.690918 0.746582 0.0419922 0.0341797
0 0.299805 0.624023 0.03125 0.0722656
0 0.269531 0.403809 0.0449219 0.0361328
0 0.424316 0.484375 0.0322266 0.0625
0 0.533691 0.493164 0.0458984 0.0351562
0 0.599609 0.454102 0.046875 0.0371094
0 0.601074 0.689453 0.0517578 0.0390625
0 0.533203 0.80127 0.0507812 0.0341797
0 0.259766 0.613281 0.0488281 0.0390625
0 0.397461 0.320312 0.0292969 0.0625
0 0.494141 0.351562 0.0332031 0.0703125
0 0.263672 0.479492 0.0390625 0.0566406
0 0.253906 0.308105 0.0488281 0.0361328
0 0.394531 0.396973 0.0351562 0.0556641
0 0.540039 0.631836 0.0488281 0.0449219
0 0.370605 0.301758 0.0400391 0.0488281
0 0.681641 0.784668 0.046875 0.0458984
0 0.644531 0.758301 0.046875 0.0478516
0 0.427734 0.539062 0.0410156 0.0507812
