0 0.208984 0.459473 0.03125 0.0517578
0 0.581055 0.536133 0.0449219 0.046875
0 0.29248 0.563477 0.0322266 0.0585938
0 0.565918 0.539551 0.0263672 0.0595703
0 0.168945 0.495117 0.0449219 0.0683594
0 0.596191 0.686523 0.0517578 0.0351562
0 0.610352 0.267578 0.0488281 0.0429688
0 0.611816 0.720703 0.0478516 0.0371094
0 0.342285 0.519043 0.0419922 0.0478516
0 0.52832 0.344727 0.046875 0.0429688
0 0.366699 0.654785 0.0361328 0.0673828
0 0.616211 0.32373 0.03125 0.0615234
0 0.702637 0.151367 0.0517578 0.0371094
0 0.503906 0.641602 0.0546875 0.0507812
0 0.264648 0.559082 0.0292969 0.0634766
0 0.119629 0.474609 0.0556641 0.0390625
0 0.242676 0.428711 0.0458984 0.0371094
0 0.598145 0.768555 0.0439453 0.0546875
0 0.661133 0.441406 0.0292969 0.0585938
0 0.403809 0.639648 0.0302734 0.0625
0 0.337402 0.349609 0.0380859 0.0527344
0 0.269043 0.211914 0.0478516 0.0488281
0 0.639648 0.389648 0.03125 0.0605469
0 0.179199 0.392578 0.0478516 0.0585938
0 0.668457 0.324219 0.0341797 0.0605469
0 0.378418 0.705078 0.0361328 0.0605469
0 0.192871 0.35791 0.0419922 0.0634766
0 0.23291 0.462891 0.0380859 0.0507812
0 0.537109 0.51416 0.0449219 0.0478516
