0 0.571289 0.489258 0.0136719 0.0175781
0 0.568359 0.526367 0.0078125 0.0292969
0 0.549805 0.490234 0.00976562 0.0234375
0 0.535156 0.483887 0.015625 0.0166016
0 0.580078 0.431641 0.0078125 0.0234375
0 0.533203 0.501953 0.015625 0.015625
0 0.542969 0.493652 0.0078125 0.0244141
0 0.547363 0.473633 0.0166016 0.015625
0 0.52832 0.536133 0.0136719 0.0136719
0 0.583984 0.456055 0.0078125 0.0253906
0 0.570801 0.463867 0.0107422 0.0234375
0 0.561035 0.45166 0.00878906 0.0283203
0 0.560547 0.472656 0.0117188 0.0214844
0 0.516602 0.541504 0.00976562 0.0224609
0 0.500977 0.532227 0.00976562 0.0253906
0 0.540039 0.561035 0.0195312 0.0146484
0 0.540527 0.520996 0.00878906 0.0263672
0 0.534668 0.54248 0.0205078 0.0126953
0 0.51416 0.572266 0.0166016 0.0117188
0 0.563477 0.507324 0.0136719 0.0185547
0 0.530273 0.477051 0.0117188 0.0185547
0 0.585938 0.481445 0.0136719 0.0175781
0 0.583008 0.524414 0.0136719 0.00976562
0 0.568359 0.419434 0.0175781 0.0185547
