0 0.689453 0.472168 0.0253906 0.0166016
0 0.489746 0.699219 0.0166016 0.0371094
0 0.582031 0.904297 0.015625 0.0332031
0 0.388184 0.547363 0.0146484 0.0341797
0 0.419434 0.671875 0.00878906 0.0234375
0 0.57373 0.765137 0.0263672 0.0224609
0 0.559082 0.471191 0.0146484 0.0361328
0 0.430664 0.529297 0.0136719 0.03125
0 0.533203 0.399902 0.0195312 0.0263672
0 0.669434 0.489258 0.0341797 0.0195312
0 0.747559 0.568848 0.0224609 0.0146484
0 0.699219 0.487793 0.0253906 0.0185547
0 0.373535 0.52832 0.0146484 0.0332031
0 0.515137 0.421875 0.0205078 0.0273438
0 0.560547 0.888672 0.00976562 0.0351562
0 0.636719 0.491699 0.0136719 0.0322266
0 0.701172 0.503906 0.0234375 0.0175781
0 0.619629 0.683594 0.0107422 0.0175781
0 0.334961 0.527832 0.0234375 0.0205078
0 0.347656 0.539062 0.0195312 0.0175781
0 0.563965 0.430664 0.0126953 0.0292969
0 0.570312 0.746094 0.0195312 0.0292969
0 0.547363 0.506836 0.0205078 0.0253906
0 0.411133 0.422852 0.0234375 0.0292969
0 0.456055 0.658203 0.0078125 0.0332031
0 0.611328 0.374023 0.03125 0.015625
0 0.784668 0.729004 0.0126953 0.0283203
0 0.490723 0.37793 0.0283203 0.0175781
0 0.616699 0.727051 0.0107422 0.0322266
0 0.612305 0.349609 0.015625 0.0195312
0 0.539551 0.901855 0.0146484 0.0302734
0 0.616211 0.703613 0.0214844 0.0126953
0 0.464844 0.678711 0.0136719 0.0351562
0 0.525391 0.602539 0.0136719 0.0351562
0 0.419922 0.652344 0.0273438 0.0175781
0 0.546387 0.477539 0.0126953 0.0332031
0 0.425781 0.636719 0.0214844 0.0175781
0 0.616699 0.767578 0.0283203 0.0273438
0 0.413574 0.454102 0.0146484 0.0273438
0 0.313477 0.534668 0.0253906 0.0146484
0 0.439941 0.537109 0.0205078 0.0292969
0 0.568359 0.398926 0.0234375 0.0283203
0 0.632324 0.441406 0.0166016 0.03125
0 0.691406 0.477539 0.0253906 0.015625
0 0.695312 0.461914 0.0253906 0.0117188
0 0.481445 0.691406 0.0136719 0.0429688
0 0.584473 0.350586 0.0224609 0.0175781
0 0.529785 0.522461 0.0244141 0.0234375
0 0.525391 0.46582 0.0136719 0.0214844
0 0.373535 0.555664 0.0244141 0.015625
0 0.82666 0.696289 0.0146484 0.03125
0 0.654297 0.730957 0.0214844 0.0283203
0 0.441895 0.638672 0.0146484 0.0332031
0 0.310547 0.521484 0.03125 0.015625
0 0.818359 0.57666 0.0234375 0.0224609
0 0.452637 0.419434 0.0224609 0.0107422
0 0.624512 0.36084 0.0244141 0.0146484
0 0.343262 0.559082 0.0224609 0.0205078
0 0.75293 0.541992 0.0117188 0.0390625
0 0.472656 0.386719 0.0195312 0.0390625
0 0.632324 0.686035 0.0107422 0.0302734
0 0.446289 0.40625 0.03125 0.0175781
0 0.639648 0.751953 0.0136719 0.0449219
0 0.491211 0.354492 0.0332031 0.0332031
0 0.472656 0.419434 0.0195312 0.0322266
0 0.56543 0.568848 0.015625 0.0341797
0 0.637207 0.702148 0.0126953 0.0390625
0 0.535645 0.684082 0.0146484 0.0244141
0 0.611816 0.387207 0.0322266 0.0146484
0 0.493652 0.384766 0.0302734 0.0195312
0 0.302734 0.539062 0.0273438 0.0195312
0 0.440918 0.586914 0.0185547 0.0332031
0 0.46875 0.648438 0.0195312 0.0234375
0 0.584961 0.375977 0.0136719 0.0273438
0 0.432617 0.494141 0.0273438 0.0136719
0 0.632812 0.789062 0.0292969 0.0136719
0 0.646973 0.44873 0.0166016 0.0400391
0 0.521484 0.357422 0.0214844 0.0136719
0 0.540527 0.371094 0.0283203 0.0175781
0 0.383301 0.512207 0.0224609 0.0302734
0 0.35791 0.527344 0.0224609 0.0136719
0 0.554199 0.576172 0.0185547 0.0234375
0 0.512207 0.409668 0.0224609 0.0224609
0 0.581055 0.403809 0.0136719 0.0244141
0 0.443848 0.662598 0.0224609 0.0205078
0 0.525391 0.492188 0.0175781 0.0371094
0 0.770508 0.646973 0.03125 0.0166016
0 0.483398 0.580078 0.0136719 0.0292969
0 0.598145 0.794434 0.0205078 0.0400391
0 0.718262 0.466797 0.0146484 0.0390625
0 0.460449 0.508301 0.0244141 0.0322266
0 0.546875 0.413574 0.0175781 0.0205078
0 0.579102 0.853516 0.03125 0.0273438
0 0.440918 0.614258 0.0185547 0.0234375
0 0.536621 0.386719 0.0224609 0.0253906
0 0.572266 0.472656 0.0234375 0.0214844
0 0.500977 0.398926 0.0332031 0.0283203
0 0.46582 0.495605 0.015625 0.0322266
0 0.730957 0.561523 0.0107422 0.0332031
0 0.413086 0.590332 0.03125 0.0166016
0 0.404297 0.52832 0.0214844 0.03125
0 0.532715 0.601562 0.0107422 0.0351562
0 0.513184 0.542969 0.0146484 0.0429688
0 0.394043 0.418457 0.0146484 0.0458984
0 0.720703 0.521484 0.0136719 0.0351562
0 0.426758 0.398438 0.0234375 0.0214844
0 0.454102 0.346191 0.0195312 0.0439453
0 0.337891 0.578613 0.0214844 0.0244141
0 0.428223 0.442871 0.0302734 0.0205078
0 0.486328 0.606934 0.0195312 0.0341797
0 0.366211 0.491211 0.015625 0.0351562
0 0.646484 0.566406 0.0234375 0.0292969
0 0.382812 0.486816 0.0214844 0.0302734
0 0.355957 0.586914 0.0244141 0.0273438
0 0.38916 0.462402 0.0244141 0.0244141
0 0.438965 0.476562 0.0283203 0.0273438
0 0.422852 0.570312 0.0214844 0.0292969
0 0.45459 0.457031 0.0205078 0.0332031
0 0.52832 0.341309 0.0234375 0.0302734
