0 0.40332 0.463867 0.015625 0.0332031
0 0.547363 0.484863 0.0224609 0.0185547
0 0.561035 0.393066 0.0146484 0.0185547
0 0.568848 0.465332 0.0283203 0.0146484
0 0.560547 0.320312 0.0214844 0.0332031
0 0.537109 0.370605 0.0273438 0.0185547
0 0.439453 0.422852 0.0175781 0.046875
0 0.478516 0.45166 0.0136719 0.0439453
0 0.516113 0.28125 0.0185547 0.0214844
0 0.564453 0.435547 0.0253906 0.0273438
0 0.515137 0.373047 0.0166016 0.0371094
0 0.518555 0.52832 0.0292969 0.015625
0 0.48291 0.289551 0.0166016 0.0341797
0 0.469238 0.442383 0.0107422 0.03125
0 0.431152 0.464355 0.0224609 0.0185547
0 0.437988 0.516602 0.0224609 0.0234375
0 0.556641 0.449219 0.0273438 0.0234375
0 0.395508 0.507812 0.0175781 0.015625
0 0.539062 0.356934 0.0234375 0.0126953
0 0.498047 0.314453 0.0195312 0.0195312
0 0.387695 0.499512 0.0175781 0.0205078
0 0.569824 0.477051 0.0263672 0.0146484
0 0.524414 0.347656 0.0117188 0.0292969
0 0.584473 0.428711 0.0224609 0.0234375
0 0.402832 0.53125 0.0166016 0.0332031
0 0.569336 0.344727 0.03125 0.0175781
0 0.359375 0.481445 0.0253906 0.0175781
0 0.511719 0.266113 0.0253906 0.0224609
0 0.499023 0.421875 0.0175781 0.0273438
0 0.419922 0.445312 0.015625 0.0371094
0 0.484863 0.305664 0.0146484 0.0273438
0 0.547852 0.336914 0.00976562 0.03125
0 0.597656 0.467285 0.0332031 0.0166016
0 0.523926 0.408203 0.0263672 0.015625
0 0.527832 0.431641 0.0166016 0.0390625
0 0.498047 0.291992 0.0195312 0.0390625
0 0.570801 0.364746 0.0224609 0.0302734
0 0.510254 0.487793 0.0263672 0.0283203
0 0.524902 0.518555 0.0263672 0.0175781
0 0.526367 0.397949 0.0253906 0.0185547
0 0.474609 0.323242 0.0292969 0.0175781
0 0.505859 0.414062 0.0234375 0.0273438
0 0.474609 0.279785 0.015625 0.0302734
0 0.59375 0.382324 0.0273438 0.0341797
0 0.458984 0.488281 0.0195312 0.0273438
0 0.508789 0.444336 0.0253906 0.0292969
0 0.562012 0.378906 0.0224609 0.0292969
0 0.515625 0.296875 0.0195312 0.0332031
0 0.495605 0.458984 0.0185547 0.03125
0 0.566895 0.49707 0.0263672 0.0351562
0 0.355469 0.510742 0.0234375 0.015625
0 0.54541 0.294434 0.0126953 0.0458984
0 0.533691 0.283203 0.0166016 0.0449219
0 0.40918 0.527832 0.0253906 0.0263672
0 0.546875 0.426758 0.0234375 0.0253906
0 0.416016 0.38623 0.0234375 0.0380859
0 0.546875 0.46582 0.0214844 0.0273438
0 0.413086 0.504395 0.0253906 0.0263672
0 0.380371 0.472656 0.0107422 0.0351562
0 0.496094 0.522461 0.0117188 0.0292969
0 0.482422 0.484375 0.03125 0.0195312
0 0.530273 0.499023 0.0234375 0.0234375
0 0.513184 0.473145 0.0205078 0.0283203
0 0.529785 0.562012 0.0322266 0.0224609
0 0.381836 0.436523 0.0292969 0.0253906
0 0.380859 0.520508 0.015625 0.03125
0 0.389648 0.458984 0.015625 0.0390625
0 0.535645 0.328125 0.0166016 0.0449219
0 0.344727 0.486328 0.0253906 0.015625
0 0.535645 0.469238 0.0205078 0.0322266
0 0.450195 0.366699 0.0273438 0.0263672
0 0.381348 0.422852 0.0283203 0.0195312
0 0.362305 0.47168 0.0292969 0.0292969
0 0.427246 0.492676 0.0185547 0.0322266
0 0.489258 0.431152 0.0195312 0.0302734
0 0.588867 0.410645 0.0351562 0.0322266
0 0.601074 0.444824 0.0224609 0.0341797
0 0.40918 0.432617 0.0117188 0.0371094
0 0.48291 0.609375 0.0146484 0.0351562
0 0.453613 0.399902 0.0146484 0.0400391
0 0.543457 0.512695 0.0146484 0.0351562
0 0.471191 0.501465 0.0341797 0.0205078
0 0.367188 0.497559 0.03125 0.0146484
0 0.597656 0.481934 0.03125 0.0224609
0 0.466309 0.519531 0.0322266 0.0175781
0 0.48584 0.394043 0.0185547 0.0283203
0 0.442871 0.577637 0.0224609 0.0478516
0 0.425293 0.418945 0.0146484 0.0332031
0 0.458008 0.470703 0.0234375 0.03125
0 0.335449 0.349609 0.0263672 0.0175781
0 0.439941 0.494629 0.0224609 0.0419922
0 0.546875 0.393066 0.0175781 0.0341797
0 0.626953 0.459961 0.0253906 0.0429688
0 0.340332 0.460449 0.0244141 0.0361328
0 0.470703 0.342285 0.0273438 0.0244141
0 0.40918 0.482422 0.015625 0.0390625
0 0.356934 0.696777 0.0205078 0.0341797
0 0.530762 0.544922 0.0302734 0.0214844
0 0.567383 0.572754 0.03125 0.0283203
0 0.553711 0.54248 0.0175781 0.0244141
0 0.344727 0.549316 0.0292969 0.0302734
