0 0.677734 0.59375 0.0488281 0.0820312
0 0.495117 0.353027 0.0234375 0.0478516
0 0.545898 0.579102 0.0253906 0.0546875
0 0.535645 0.494629 0.0458984 0.0537109
0 0.677734 0.654785 0.0214844 0.0400391
0 0.361328 0.245117 0.0410156 0.0332031
0 0.645996 0.724121 0.0185547 0.0439453
0 0.639648 0.691895 0.0292969 0.0419922
0 0.612793 0.564453 0.0517578 0.0605469
0 0.649414 0.639648 0.0214844 0.0566406
0 0.522949 0.553711 0.0263672 0.0742188
0 0.443848 0.41748 0.0380859 0.0205078
0 0.683594 0.726562 0.0234375 0.0722656
0 0.664062 0.592285 0.0214844 0.0830078
0 0.482422 0.414551 0.0410156 0.0498047
0 0.301758 0.304199 0.046875 0.0224609
0 0.183594 0.0771484 0.0546875 0.0976562
0 0.6875 0.820312 0.0332031 0.0605469
0 0.373047 0.402344 0.0253906 0.0507812
0 0.573242 0.527344 0.0351562 0.0585938
0 0.473633 0.5 0.0390625 0.03125
0 0.464844 0.472656 0.0449219 0.0351562
0 0.266113 0.279297 0.0537109 0.0546875
0 0.445801 0.396973 0.0419922 0.0439453
0 0.464844 0.367188 0.0488281 0.0332031
0 0.693848 0.643066 0.0166016 0.0595703
0 0.223145 0.0458984 0.0439453 0.0917969
0 0.726562 0.882812 0.0410156 0.0527344
0 0.390137 0.336914 0.0498047 0.0429688
0 0.439453 0.442871 0.0390625 0.0341797
0 0.624512 0.479492 0.0556641 0.0527344
0 0.508301 0.419434 0.0244141 0.0419922
0 0.544434 0.475098 0.0478516 0.0556641
0 0.358398 0.398926 0.0273438 0.0849609
0 0.323242 0.25293 0.0585938 0.0566406
0 0.697266 0.587402 0.0292969 0.0693359
0 0.321289 0.32666 0.0585938 0.0244141
0 0.562012 0.410645 0.0283203 0.0771484
0 0.501465 0.507812 0.0244141 0.0820312
0 0.674805 0.779297 0.0546875 0.0527344
0 0.728027 0.584961 0.0517578 0.0761719
0 0.473633 0.450195 0.0273438 0.0507812
0 0.665527 0.709473 0.0244141 0.0654297
0 0.650391 0.759766 0.03125 0.0644531
0 0.435059 0.5 0.0537109 0.0351562
0 0.345703 0.358887 0.0273438 0.0615234
0 0.351074 0.255859 0.0439453 0.0566406
0 0.680664 0.464844 0.0546875 0.0429688
0 0.399414 0.411133 0.0527344 0.0605469
0 0.685547 0.887207 0.0449219 0.0732422
0 0.12207 0.351074 0.0644531 0.0322266
0 0.512207 0.388184 0.0537109 0.0341797
0 0.230957 0.306641 0.0615234 0.03125
0 0.466309 0.527344 0.0478516 0.0332031
0 0.121582 0.316406 0.0712891 0.046875
0 0.422852 0.45752 0.0488281 0.0615234
0 0.369141 0.300781 0.0664062 0.0449219
0 0.729492 0.539062 0.0625 0.0371094
0 0.413574 0.368164 0.0537109 0.0351562
0 0.304199 0.268066 0.0615234 0.0712891
0 0.418945 0.312012 0.046875 0.0732422
0 0.106934 0.222656 0.0732422 0.0507812
0 0.149902 0.230469 0.0556641 0.0664062
