0 0.501953 0.474121 0.0195312 0.0322266
0 0.449219 0.362793 0.0175781 0.0185547
0 0.333008 0.583008 0.0175781 0.0214844
0 0.4375 0.188965 0.0195312 0.0302734
0 0.504883 0.483398 0.0214844 0.0292969
0 0.563965 0.476562 0.0283203 0.0214844
0 0.384766 0.425293 0.0136719 0.0380859
0 0.435059 0.641113 0.0166016 0.0205078
0 0.570312 0.462402 0.0214844 0.0205078
0 0.423828 0.47998 0.0175781 0.0224609
0 0.401855 0.480957 0.0107422 0.0322266
0 0.416992 0.521484 0.0195312 0.0273438
0 0.386719 0.447266 0.0234375 0.015625
0 0.354492 0.54248 0.0175781 0.0224609
0 0.42334 0.34668 0.0126953 0.0449219
0 0.583496 0.498535 0.0185547 0.0302734
0 0.342285 0.55127 0.0107422 0.0361328
0 0.515137 0.62207 0.0126953 0.0390625
0 0.321777 0.443359 0.0166016 0.0332031
0 0.493164 0.60498 0.0175781 0.0380859
0 0.499512 0.455078 0.0224609 0.0351562
0 0.38623 0.470215 0.0146484 0.0380859
0 0.51123 0.648926 0.0126953 0.0439453
0 0.543945 0.572754 0.0214844 0.0302734
0 0.441406 0.500977 0.0175781 0.0292969
0 0.526855 0.491699 0.0205078 0.0380859
0 0.310547 0.675781 0.0214844 0.0214844
0 0.626465 0.633301 0.0244141 0.0263672
0 0.541016 0.549805 0.0234375 0.0253906
0 0.35791 0.512695 0.0166016 0.0371094
0 0.581055 0.611328 0.0253906 0.0234375
0 0.379395 0.51709 0.0146484 0.0400391
0 0.585449 0.543457 0.0185547 0.0419922
0 0.286133 0.530762 0.0195312 0.0302734
0 0.563965 0.513184 0.0224609 0.0361328
0 0.504395 0.861328 0.0205078 0.0410156
0 0.366211 0.487793 0.0175781 0.0380859
0 0.488281 0.647461 0.0234375 0.0292969
0 0.443359 0.345215 0.0214844 0.0263672
0 0.393066 0.51709 0.0146484 0.0400391
0 0.38916 0.355957 0.0224609 0.0283203
0 0.383789 0.55127 0.0136719 0.0439453
0 0.351562 0.560547 0.0214844 0.0253906
0 0.450195 0.633789 0.0214844 0.03125
0 0.420898 0.607422 0.0214844 0.0371094
0 0.560547 0.627441 0.0195312 0.0361328
0 0.351562 0.600586 0.0234375 0.0292969
0 0.336426 0.630859 0.0224609 0.0253906
