0 0.0957031 0.406738 0.0449219 0.0263672
0 0.3125 0.482422 0.0898438 0.0703125
0 0.419922 0.0795898 0.0625 0.0771484
0 0.715332 0.407227 0.114258 0.0566406
0 0.52832 0.454102 0.0878906 0.0878906
0 0.410645 0.452148 0.0654297 0.0761719
0 0.261719 0.423828 0.107422 0.0546875
0 0.303223 0.290527 0.0849609 0.0791016
0 0.188477 0.565918 0.0664062 0.0712891
0 0.285645 0.530273 0.0771484 0.0488281
0 0.564453 0.576172 0.107422 0.0664062
0 0.799805 0.551758 0.0957031 0.0703125
0 0.263184 0.476074 0.0830078 0.0576172
0 0.442871 0.460938 0.0693359 0.078125
0 0.324707 0.593262 0.0693359 0.0791016
0 0.384277 0.443359 0.0810547 0.0859375
0 0.163086 0.499023 0.0488281 0.0683594
0 0.240234 0.462402 0.078125 0.0517578
0 0.591797 0.400879 0.109375 0.0458984
0 0.217285 0.40918 0.0869141 0.0566406
0 0.255371 0.592773 0.0927734 0.0742188
0 0.257324 0.515625 0.0751953 0.0546875
0 0.441406 0.571289 0.0878906 0.0761719
0 0.828125 0.411621 0.0859375 0.0849609
0 0.419922 0.695312 0.0976562 0.078125
0 0.0820312 0.449707 0.0859375 0.0634766
0 0.148926 0.423828 0.0927734 0.0546875
0 0.393555 0.0258789 0.101562 0.0517578
0 0.647461 0.124512 0.0898438 0.100586
0 0.551758 0.325195 0.0976562 0.0820312
0 0.634766 0.491699 0.078125 0.0869141
0 0.191895 0.333008 0.0869141 0.0800781
