0 0.699219 0.585449 0.0253906 0.0126953
0 0.449219 0.555176 0.0175781 0.0380859
0 0.583984 0.67627 0.0195312 0.0283203
0 0.436035 0.669922 0.0166016 0.0351562
0 0.308594 0.486816 0.0195312 0.0341797
0 0.293457 0.404785 0.0244141 0.0146484
0 0.587891 0.608398 0.0195312 0.0332031
0 0.625 0.270508 0.0214844 0.0292969
0 0.299316 0.456055 0.0224609 0.0371094
0 0.432129 0.349121 0.0166016 0.0498047
0 0.282227 0.640625 0.00976562 0.0332031
0 0.206543 0.415039 0.0283203 0.0214844
0 0.356445 0.329102 0.0292969 0.0136719
0 0.154785 0.655273 0.0244141 0.0371094
0 0.661133 0.589844 0.0214844 0.015625
0 0.636719 0.332031 0.0234375 0.03125
0 0.665039 0.310059 0.0175781 0.0322266
0 0.417969 0.55957 0.0195312 0.0332031
0 0.568359 0.337402 0.0195312 0.0302734
0 0.497559 0.802734 0.0205078 0.0214844
0 0.378906 0.480469 0.0273438 0.0195312
0 0.660156 0.607422 0.015625 0.0234375
0 0.680664 0.624023 0.0234375 0.0136719
0 0.204102 0.381836 0.0332031 0.0117188
0 0.688477 0.339355 0.0214844 0.0322266
0 0.325195 0.595215 0.015625 0.0341797
0 0.556152 0.62207 0.0302734 0.0175781
0 0.482422 0.440918 0.0234375 0.0224609
0 0.549805 0.607422 0.0234375 0.0214844
0 0.236816 0.356934 0.0205078 0.0224609
0 0.638672 0.439453 0.0273438 0.0195312
0 0.33252 0.51416 0.0185547 0.0341797
0 0.277344 0.636719 0.015625 0.0351562
0 0.30957 0.678223 0.0175781 0.0224609
0 0.287109 0.425781 0.0234375 0.0234375
0 0.813477 0.40918 0.0292969 0.0253906
0 0.539062 0.552734 0.015625 0.03125
0 0.43457 0.363281 0.0136719 0.0390625
0 0.387695 0.443359 0.0214844 0.0234375
0 0.574707 0.457031 0.0244141 0.0195312
0 0.641602 0.588867 0.0136719 0.0351562
0 0.270508 0.422363 0.0175781 0.0341797
0 0.432129 0.780273 0.0283203 0.0175781
0 0.708984 0.593262 0.0273438 0.0166016
0 0.574219 0.513672 0.0273438 0.0390625
0 0.291992 0.613281 0.015625 0.0332031
0 0.65332 0.294434 0.0292969 0.0263672
0 0.251953 0.445801 0.03125 0.0205078
0 0.463867 0.550781 0.0117188 0.0390625
0 0.694824 0.498047 0.0283203 0.015625
0 0.347656 0.685547 0.0292969 0.015625
0 0.454102 0.778809 0.0214844 0.0185547
0 0.452637 0.654785 0.0126953 0.0361328
0 0.201172 0.441895 0.0292969 0.0185547
0 0.594727 0.638672 0.0253906 0.0195312
0 0.325684 0.365723 0.0185547 0.0302734
0 0.498535 0.782227 0.0224609 0.0175781
0 0.498535 0.81543 0.0224609 0.0117188
0 0.568359 0.562012 0.0234375 0.0302734
0 0.221191 0.472656 0.0283203 0.015625
0 0.634766 0.365234 0.015625 0.0390625
0 0.288086 0.570312 0.0214844 0.0390625
0 0.455078 0.550781 0.0136719 0.0429688
0 0.741699 0.439941 0.0126953 0.0322266
0 0.666992 0.349121 0.015625 0.0380859
0 0.628906 0.632324 0.0214844 0.0146484
0 0.284668 0.390625 0.0146484 0.0273438
0 0.481445 0.544922 0.0117188 0.0332031
0 0.491699 0.582031 0.0166016 0.03125
0 0.549805 0.568359 0.0273438 0.0195312
0 0.607422 0.560547 0.0117188 0.0351562
0 0.396973 0.757812 0.0146484 0.0351562
0 0.567871 0.315918 0.0244141 0.0302734
0 0.588867 0.411621 0.0175781 0.0283203
0 0.48877 0.430664 0.0244141 0.0292969
0 0.316406 0.479492 0.0136719 0.046875
0 0.572754 0.708496 0.0244141 0.0185547
0 0.481934 0.636719 0.0146484 0.03125
0 0.433594 0.819336 0.0195312 0.0253906
0 0.741211 0.397461 0.0292969 0.015625
0 0.65332 0.569336 0.0253906 0.0253906
0 0.662109 0.511719 0.0175781 0.03125
0 0.510254 0.726562 0.0224609 0.015625
0 0.381348 0.344238 0.0322266 0.0244141
0 0.335449 0.625977 0.0302734 0.0175781
0 0.415527 0.410156 0.0166016 0.03125
0 0.642578 0.479004 0.0117188 0.0341797
0 0.425781 0.648438 0.0136719 0.0351562
0 0.697266 0.419434 0.0234375 0.0361328
0 0.279785 0.532227 0.0205078 0.0175781
0 0.264648 0.59668 0.0136719 0.0390625
0 0.610352 0.68457 0.0214844 0.0234375
0 0.233887 0.392578 0.0166016 0.03125
0 0.319336 0.525391 0.0175781 0.03125
0 0.725586 0.38916 0.0253906 0.0244141
0 0.486816 0.698242 0.0205078 0.0136719
0 0.338867 0.526367 0.0136719 0.0292969
0 0.525391 0.644531 0.0273438 0.015625
0 0.328125 0.47168 0.0175781 0.0332031
0 0.224609 0.486328 0.0195312 0.0195312
0 0.274414 0.400391 0.0253906 0.0195312
0 0.268066 0.512207 0.0126953 0.0341797
0 0.321777 0.341797 0.0146484 0.0234375
0 0.468262 0.725586 0.0263672 0.0175781
0 0.472656 0.828613 0.0234375 0.0185547
0 0.591309 0.683594 0.0205078 0.0195312
0 0.445312 0.795898 0.03125 0.0175781
0 0.322266 0.294434 0.0234375 0.0224609
0 0.461914 0.503906 0.0175781 0.0371094
0 0.586426 0.318848 0.0224609 0.0244141
0 0.695312 0.556152 0.0292969 0.0146484
0 0.408691 0.797852 0.0224609 0.0253906
0 0.293457 0.300293 0.0224609 0.0400391
0 0.705078 0.57373 0.0273438 0.0244141
0 0.276367 0.317871 0.0253906 0.0205078
0 0.480469 0.450684 0.0273438 0.0205078
0 0.512207 0.686523 0.0283203 0.0175781
0 0.728516 0.467285 0.0234375 0.0146484
0 0.384277 0.463379 0.0205078 0.0263672
0 0.551758 0.775879 0.0253906 0.0185547
0 0.424805 0.374512 0.0175781 0.0380859
0 0.620117 0.564941 0.0136719 0.0361328
0 0.371094 0.460449 0.0117188 0.0341797
0 0.223633 0.412109 0.0253906 0.015625
0 0.371582 0.314453 0.0185547 0.03125
0 0.347168 0.429199 0.0205078 0.0244141
0 0.540039 0.765137 0.0175781 0.0341797
0 0.578125 0.652344 0.0234375 0.0195312
0 0.537109 0.480957 0.0390625 0.0166016
0 0.337891 0.491211 0.0273438 0.0136719
0 0.497559 0.738281 0.0146484 0.0332031
0 0.597656 0.576172 0.015625 0.0351562
0 0.730469 0.419434 0.03125 0.0185547
0 0.567383 0.48584 0.0234375 0.0283203
0 0.615234 0.347168 0.015625 0.0361328
0 0.392578 0.655273 0.0117188 0.0390625
0 0.513184 0.605469 0.0283203 0.015625
0 0.277832 0.455078 0.0166016 0.0390625
0 0.208496 0.483398 0.0185547 0.0253906
0 0.440918 0.63916 0.0185547 0.0283203
0 0.701172 0.396484 0.0273438 0.0253906
0 0.532227 0.620117 0.0175781 0.0332031
0 0.208984 0.463867 0.0234375 0.0214844
0 0.59668 0.672852 0.0214844 0.0214844
0 0.53125 0.318359 0.03125 0.015625
0 0.314453 0.550781 0.0234375 0.0273438
0 0.565918 0.59668 0.0263672 0.0136719
0 0.360352 0.46582 0.0136719 0.0390625
0 0.308105 0.605469 0.0185547 0.0429688
0 0.607422 0.208008 0.015625 0.0234375
0 0.513672 0.745117 0.0195312 0.0234375
0 0.628906 0.273438 0.0117188 0.03125
0 0.337891 0.649902 0.0136719 0.0380859
0 0.594727 0.424805 0.0214844 0.0449219
0 0.327637 0.418945 0.0146484 0.0449219
0 0.310547 0.520996 0.015625 0.0341797
0 0.278809 0.599609 0.0205078 0.03125
0 0.472656 0.714355 0.0273438 0.0205078
0 0.367188 0.677734 0.0214844 0.0273438
0 0.527832 0.549805 0.0146484 0.0410156
0 0.711914 0.612305 0.0253906 0.0175781
0 0.540039 0.586914 0.0175781 0.0332031
0 0.613281 0.619141 0.0234375 0.0273438
0 0.621094 0.405762 0.0273438 0.0244141
0 0.419434 0.758789 0.0263672 0.0292969
0 0.399414 0.788086 0.03125 0.0136719
0 0.532715 0.429199 0.0341797 0.0224609
0 0.71582 0.599609 0.03125 0.0195312
0 0.585938 0.483887 0.0195312 0.0302734
0 0.467285 0.422363 0.0283203 0.0146484
0 0.422852 0.679199 0.0136719 0.0263672
0 0.785645 0.533691 0.0166016 0.0263672
0 0.648926 0.508301 0.0302734 0.0302734
0 0.537109 0.494141 0.0351562 0.0117188
0 0.340332 0.380859 0.0166016 0.03125
0 0.516602 0.626953 0.0253906 0.0234375
0 0.686523 0.610352 0.0234375 0.0214844
0 0.444336 0.422852 0.0253906 0.0175781
0 0.597656 0.452148 0.0273438 0.0234375
0 0.523438 0.797852 0.0195312 0.0292969
0 0.393555 0.625 0.0253906 0.03125
0 0.430664 0.556641 0.0136719 0.0351562
0 0.34082 0.696289 0.0292969 0.0195312
0 0.600586 0.344727 0.0136719 0.0410156
0 0.63623 0.392578 0.0361328 0.015625
0 0.520508 0.584473 0.0175781 0.0361328
0 0.354004 0.348633 0.0244141 0.0234375
0 0.48584 0.756348 0.0224609 0.0185547
0 0.386719 0.381836 0.0273438 0.0175781
0 0.648438 0.356934 0.0136719 0.0361328
0 0.685547 0.594727 0.0234375 0.0214844
0 0.285645 0.484863 0.0341797 0.0205078
0 0.385254 0.306152 0.0283203 0.0302734
0 0.249023 0.358398 0.015625 0.0332031
0 0.470703 0.68457 0.015625 0.0449219
0 0.666016 0.637695 0.0273438 0.0175781
0 0.383301 0.662109 0.0146484 0.0351562
0 0.525391 0.654297 0.0253906 0.015625
0 0.665039 0.554199 0.0136719 0.0458984
0 0.239746 0.463867 0.0224609 0.0292969
0 0.524414 0.665527 0.0253906 0.0205078
0 0.476562 0.788086 0.0332031 0.015625
0 0.258789 0.3125 0.0136719 0.0390625
0 0.44873 0.730469 0.0283203 0.015625
0 0.495605 0.46875 0.0361328 0.015625
0 0.54834 0.79248 0.0302734 0.0146484
0 0.405762 0.668945 0.0205078 0.0332031
0 0.456055 0.378418 0.0332031 0.0205078
0 0.247559 0.424805 0.0302734 0.0175781
0 0.674805 0.512207 0.0136719 0.0380859
0 0.652344 0.543945 0.0117188 0.0332031
0 0.223633 0.379395 0.0136719 0.0478516
0 0.554688 0.536133 0.0351562 0.0175781
0 0.444824 0.661133 0.0166016 0.0332031
0 0.316406 0.799805 0.015625 0.0234375
0 0.234375 0.50293 0.0371094 0.0175781
0 0.245117 0.413086 0.0292969 0.0136719
0 0.443359 0.746094 0.0351562 0.0175781
0 0.298828 0.753906 0.0234375 0.03125
0 0.541992 0.435547 0.0371094 0.0234375
0 0.630859 0.67334 0.0253906 0.0322266
0 0.666504 0.429199 0.0146484 0.0419922
0 0.410156 0.360352 0.0195312 0.0371094
0 0.614258 0.419922 0.0214844 0.0234375
0 0.591309 0.387207 0.0224609 0.0341797
0 0.419434 0.337891 0.0205078 0.03125
0 0.345215 0.716797 0.0322266 0.0214844
0 0.375 0.435059 0.0273438 0.0166016
0 0.289551 0.634766 0.0166016 0.03125
0 0.355469 0.311035 0.0195312 0.0263672
0 0.400391 0.341309 0.03125 0.0126953
0 0.662109 0.65332 0.0292969 0.0195312
0 0.714844 0.550293 0.015625 0.0400391
0 0.537598 0.706055 0.0302734 0.0175781
0 0.553223 0.29834 0.0166016 0.0419922
0 0.413574 0.458008 0.0244141 0.0253906
0 0.432617 0.696289 0.0273438 0.0214844
0 0.366211 0.343262 0.0292969 0.0224609
0 0.671875 0.280273 0.0273438 0.0292969
0 0.613281 0.378906 0.0195312 0.0292969
0 0.668945 0.608887 0.0136719 0.0361328
0 0.775879 0.471191 0.0263672 0.0146484
0 0.170898 0.458984 0.0253906 0.0195312
0 0.533203 0.745117 0.0195312 0.0332031
0 0.273438 0.349609 0.0117188 0.0429688
0 0.53125 0.307129 0.0332031 0.0166016
0 0.602539 0.660156 0.0332031 0.015625
0 0.358398 0.575195 0.0292969 0.0175781
0 0.715332 0.413086 0.0244141 0.0234375
0 0.566406 0.469238 0.0234375 0.0244141
0 0.730469 0.547852 0.015625 0.0390625
0 0.509766 0.580078 0.0195312 0.0351562
0 0.56543 0.737305 0.0136719 0.0371094
0 0.461914 0.62207 0.0292969 0.0214844
0 0.422363 0.491211 0.0302734 0.0214844
0 0.706055 0.336914 0.0214844 0.0332031
0 0.537598 0.722656 0.0263672 0.015625
0 0.666992 0.480469 0.0273438 0.0273438
0 0.574219 0.416016 0.0136719 0.0390625
0 0.741211 0.478516 0.0292969 0.0175781
0 0.328125 0.803711 0.015625 0.0292969
0 0.280273 0.695312 0.0136719 0.0410156
0 0.76123 0.407715 0.0185547 0.0322266
0 0.312988 0.268555 0.0185547 0.0332031
0 0.182129 0.475586 0.0361328 0.0136719
0 0.486816 0.667969 0.0302734 0.015625
0 0.530273 0.338867 0.0214844 0.0351562
0 0.496094 0.557617 0.0117188 0.0449219
0 0.776367 0.389648 0.0136719 0.0449219
0 0.276855 0.556641 0.0283203 0.0273438
0 0.326172 0.670898 0.0273438 0.0175781
0 0.794922 0.397461 0.0273438 0.0253906
0 0.387207 0.530273 0.0146484 0.0371094
0 0.503906 0.637207 0.0234375 0.0380859
0 0.187988 0.458496 0.0146484 0.0361328
0 0.71582 0.458008 0.0371094 0.0253906
0 0.410156 0.735352 0.0253906 0.0292969
0 0.519043 0.510742 0.0302734 0.0214844
0 0.332031 0.554199 0.0273438 0.0322266
0 0.683594 0.321289 0.0234375 0.0410156
0 0.716797 0.515137 0.015625 0.0419922
0 0.737305 0.355469 0.0332031 0.015625
0 0.696777 0.524414 0.0244141 0.0410156
0 0.782715 0.452148 0.0283203 0.0253906
0 0.345215 0.360352 0.0244141 0.0175781
0 0.445312 0.521484 0.0195312 0.0390625
0 0.466797 0.514648 0.015625 0.0371094
0 0.469727 0.811523 0.0292969 0.0214844
0 0.160645 0.443359 0.0380859 0.0195312
0 0.311523 0.306641 0.0234375 0.0371094
0 0.756836 0.48877 0.0214844 0.0302734
0 0.337891 0.298828 0.0136719 0.03125
0 0.471191 0.649902 0.0205078 0.0322266
0 0.512695 0.705078 0.0234375 0.0273438
0 0.740723 0.374023 0.0283203 0.0332031
0 0.588867 0.549805 0.0292969 0.0253906
0 0.437012 0.465332 0.0322266 0.0341797
0 0.416016 0.812988 0.0234375 0.0263672
0 0.753906 0.449219 0.015625 0.0488281
0 0.566406 0.679199 0.0195312 0.0341797
0 0.262207 0.621582 0.0146484 0.0380859
0 0.492188 0.523438 0.03125 0.0234375
0 0.695801 0.441895 0.0205078 0.0341797
0 0.488281 0.498535 0.03125 0.0224609
0 0.452637 0.407227 0.0361328 0.0214844
0 0.655273 0.428223 0.0136719 0.0380859
0 0.315918 0.405273 0.0224609 0.0410156
0 0.36377 0.637695 0.0302734 0.0292969
0 0.499023 0.653809 0.0273438 0.0166016
0 0.451172 0.441406 0.0195312 0.0351562
0 0.595703 0.494629 0.0234375 0.0322266
0 0.301758 0.34082 0.0292969 0.0214844
0 0.512695 0.773438 0.0214844 0.03125
0 0.433105 0.601562 0.0107422 0.046875
0 0.337891 0.325684 0.0214844 0.0341797
0 0.299316 0.660156 0.0302734 0.0195312
0 0.276855 0.29541 0.0244141 0.0361328
0 0.641113 0.685059 0.0185547 0.0302734
0 0.623535 0.476074 0.0322266 0.0166016
0 0.598633 0.52832 0.0253906 0.03125
0 0.449219 0.695312 0.0273438 0.0234375
0 0.32959 0.272461 0.0244141 0.0253906
0 0.313965 0.32959 0.0322266 0.0126953
0 0.459961 0.480469 0.0234375 0.0351562
0 0.582031 0.608398 0.0117188 0.0371094
0 0.656738 0.383789 0.0361328 0.0175781
0 0.762207 0.382324 0.0166016 0.0361328
0 0.51123 0.556641 0.0224609 0.0273438
0 0.271973 0.672363 0.0185547 0.0478516
0 0.624023 0.458496 0.0332031 0.0205078
0 0.453125 0.34082 0.0234375 0.0429688
0 0.369141 0.49707 0.0273438 0.0234375
0 0.368652 0.662109 0.0283203 0.0234375
0 0.250977 0.520996 0.0253906 0.0244141
0 0.268066 0.380859 0.0244141 0.0253906
0 0.253906 0.48877 0.0292969 0.0224609
0 0.589355 0.351562 0.0205078 0.0390625
0 0.353027 0.619141 0.0224609 0.0273438
0 0.292969 0.367676 0.0214844 0.0283203
0 0.444336 0.714355 0.0214844 0.0224609
0 0.601562 0.293457 0.0351562 0.0185547
0 0.305664 0.241211 0.0253906 0.0410156
0 0.651367 0.401855 0.03125 0.0205078
0 0.397949 0.707031 0.0283203 0.0195312
0 0.316406 0.700195 0.0234375 0.0332031
0 0.577148 0.726562 0.0273438 0.0234375
0 0.39209 0.598633 0.0322266 0.0273438
0 0.406738 0.512207 0.0341797 0.0263672
0 0.203125 0.495117 0.0234375 0.0253906
0 0.348145 0.27002 0.0185547 0.0380859
0 0.45459 0.817383 0.0263672 0.0214844
0 0.683594 0.48291 0.0175781 0.0341797
0 0.655273 0.685059 0.015625 0.0341797
0 0.682617 0.426758 0.0214844 0.0410156
0 0.370117 0.740234 0.03125 0.0273438
0 0.748535 0.51416 0.0263672 0.0244141
0 0.349121 0.514648 0.0283203 0.0332031
0 0.621094 0.496582 0.0273438 0.0263672
0 0.720703 0.490723 0.0195312 0.0419922
0 0.251953 0.337402 0.0332031 0.0224609
0 0.403809 0.469727 0.0185547 0.0390625
0 0.131348 0.451172 0.0244141 0.0390625
0 0.381836 0.404785 0.0292969 0.0361328
0 0.769531 0.425293 0.03125 0.0224609
0 0.29541 0.270508 0.0302734 0.0332031
0 0.423828 0.53418 0.0273438 0.0332031
0 0.561523 0.65332 0.0292969 0.0214844
0 0.61377 0.636719 0.0224609 0.0273438
0 0.302734 0.724121 0.0273438 0.0283203
0 0.31543 0.766602 0.0214844 0.0371094
0 0.388184 0.803223 0.0263672 0.0166016
0 0.352539 0.558105 0.03125 0.0224609
0 0.692871 0.641602 0.0166016 0.0332031
0 0.14502 0.466797 0.0322266 0.0195312
0 0.408203 0.428711 0.0390625 0.0253906
0 0.469238 0.76123 0.0166016 0.0322266
0 0.262695 0.466797 0.0332031 0.0195312
0 0.791992 0.424316 0.0136719 0.0400391
0 0.717773 0.364258 0.0292969 0.03125
0 0.37207 0.76123 0.0195312 0.0341797
0 0.411133 0.643555 0.0175781 0.0429688
0 0.34668 0.472656 0.0175781 0.0273438
0 0.755859 0.356934 0.0195312 0.0400391
0 0.651367 0.33252 0.0175781 0.0419922
0 0.681641 0.373535 0.015625 0.0400391
0 0.254883 0.663086 0.0292969 0.0292969
0 0.310059 0.642578 0.0302734 0.0332031
0 0.733398 0.582031 0.0292969 0.0195312
0 0.166016 0.419922 0.03125 0.0351562
0 0.631836 0.54541 0.0332031 0.0166016
0 0.490234 0.771973 0.0273438 0.0166016
0 0.249023 0.379883 0.0253906 0.0292969
0 0.675293 0.674316 0.0302734 0.0166016
0 0.551758 0.452148 0.0253906 0.0253906
0 0.599121 0.700195 0.0263672 0.0136719
0 0.117676 0.449707 0.0283203 0.0400391
0 0.437012 0.503418 0.0224609 0.0361328
0 0.365234 0.373535 0.03125 0.0224609
0 0.325195 0.446289 0.0253906 0.0371094
0 0.301758 0.787109 0.0234375 0.0273438
0 0.78418 0.493164 0.0214844 0.03125
0 0.731445 0.615234 0.0214844 0.0351562
0 0.283203 0.755859 0.015625 0.0351562
0 0.245117 0.62207 0.015625 0.0371094
0 0.644043 0.260742 0.0244141 0.0371094
0 0.628906 0.520996 0.0195312 0.0361328
0 0.56543 0.277344 0.0136719 0.0429688
0 0.424805 0.27832 0.0234375 0.0488281
0 0.371582 0.791016 0.0244141 0.0273438
0 0.184082 0.414062 0.0205078 0.0410156
0 0.584961 0.277832 0.0273438 0.0361328
0 0.322754 0.737305 0.0283203 0.0292969
0 0.683594 0.567871 0.0234375 0.0263672
0 0.680664 0.263184 0.0332031 0.0283203
0 0.36084 0.253906 0.0341797 0.0351562
0 0.688477 0.200195 0.0449219 0.0292969
