0 0.685547 0.474609 0.0214844 0.0214844
0 0.507324 0.517578 0.0185547 0.0175781
0 0.48877 0.479004 0.0224609 0.0146484
0 0.490723 0.465332 0.0205078 0.0166016
0 0.49707 0.524902 0.0136719 0.0263672
0 0.366211 0.457031 0.015625 0.0175781
0 0.544922 0.583984 0.00976562 0.0234375
0 0.483398 0.651855 0.0078125 0.0224609
0 0.556152 0.546387 0.0166016 0.0341797
0 0.353516 0.553223 0.0253906 0.0283203
0 0.524414 0.736328 0.015625 0.0253906
0 0.493164 0.666504 0.015625 0.0302734
0 0.38916 0.567383 0.0263672 0.015625
0 0.499023 0.642578 0.0253906 0.015625
0 0.658691 0.563965 0.0224609 0.0302734
0 0.668945 0.595215 0.015625 0.0361328
0 0.473145 0.60791 0.0205078 0.0283203
0 0.536621 0.440918 0.0185547 0.0185547
0 0.581543 0.672852 0.0224609 0.0175781
0 0.499023 0.683594 0.0234375 0.0175781
0 0.514648 0.479004 0.0214844 0.0263672
0 0.464844 0.715332 0.0253906 0.0224609
0 0.513672 0.66748 0.0214844 0.0302734
