0 0.407227 0.60791 0.0527344 0.118164
0 0.610352 0.709473 0.046875 0.0771484
0 0.576172 0.51709 0.0546875 0.0498047
0 0.730469 0.673828 0.078125 0.0566406
0 0.362305 0.626465 0.0839844 0.0693359
0 0.705566 0.603027 0.0673828 0.0830078
0 0.515137 0.621582 0.0986328 0.0615234
0 0.348633 0.672363 0.105469 0.0478516
0 0.748047 0.609375 0.0859375 0.0898438
0 0.347168 0.557129 0.0791016 0.0947266
0 0.682129 0.467773 0.0810547 0.0351562
0 0.491699 0.492676 0.0751953 0.0576172
0 0.63623 0.561523 0.0498047 0.113281
0 0.393066 0.453125 0.0458984 0.121094
0 0.541504 0.783203 0.0595703 0.109375
0 0.470703 0.34082 0.0390625 0.121094
0 0.547363 0.390625 0.0478516 0.113281
0 0.360352 0.475586 0.0507812 0.101562
0 0.451172 0.517578 0.0859375 0.0683594
0 0.429688 0.578125 0.0605469 0.115234
0 0.495117 0.859375 0.0585938 0.111328
0 0.491211 0.580566 0.0898438 0.0595703
0 0.51123 0.8125 0.0517578 0.107422
0 0.266602 0.405762 0.0839844 0.0693359
0 0.578125 0.438477 0.0722656 0.09375
0 0.303711 0.480957 0.0527344 0.0927734
0 0.428711 0.356445 0.0507812 0.115234
0 0.45166 0.758789 0.0791016 0.0703125
0 0.508789 0.331543 0.0664062 0.0849609
