1 0.540039 0.336914 0.0800781 0.0839844
1 0.334473 0.563477 0.180664 0.103516
1 0.520508 0.280762 0.144531 0.114258
1 0.402832 0.489258 0.12793 0.0566406
1 0.412109 0.372559 0.144531 0.108398
1 0.647949 0.478027 0.12793 0.102539
1 0.529297 0.484375 0.125 0.0839844
1 0.55127 0.692383 0.116211 0.0839844
1 0.733887 0.368164 0.114258 0.0839844
1 0.478516 0.651367 0.111328 0.09375
1 0.557617 0.586426 0.175781 0.12207
1 0.442383 0.163086 0.177734 0.119141
1 0.5625 0.163086 0.162109 0.150391
1 0.758789 0.496094 0.140625 0.126953
