0 0.564941 0.250488 0.0478516 0.0361328
0 0.29248 0.581543 0.0302734 0.0634766
0 0.614258 0.245605 0.0292969 0.0576172
0 0.416992 0.213379 0.0585938 0.0595703
0 0.448242 0.705566 0.0488281 0.0439453
0 0.270508 0.565918 0.0410156 0.0556641
0 0.685059 0.526367 0.0322266 0.0605469
0 0.392578 0.186523 0.046875 0.0371094
0 0.448242 0.64209 0.0449219 0.0322266
0 0.601074 0.239746 0.0361328 0.0615234
0 0.305176 0.383789 0.0439453 0.0390625
0 0.430664 0.39209 0.0488281 0.0517578
0 0.476562 0.601562 0.0449219 0.0546875
0 0.628906 0.525879 0.0410156 0.0517578
0 0.371094 0.574707 0.0566406 0.0458984
0 0.642578 0.314453 0.0332031 0.0703125
0 0.400391 0.928711 0.0410156 0.0664062
0 0.244141 0.640137 0.0332031 0.0673828
0 0.430176 0.11084 0.0478516 0.0439453
0 0.260254 0.370605 0.0341797 0.0673828
0 0.181152 0.64209 0.0400391 0.0673828
0 0.362305 0.755859 0.0332031 0.0703125
0 0.412109 0.152832 0.0507812 0.0439453
0 0.343262 0.901855 0.0322266 0.0693359
0 0.19043 0.537598 0.0410156 0.0654297
0 0.377441 0.362305 0.0400391 0.0664062
0 0.160156 0.515625 0.0527344 0.0625
0 0.503906 0.816406 0.0605469 0.046875
0 0.621094 0.606445 0.0429688 0.0566406
