0 0.733398 0.539062 0.0507812 0.0292969
0 0.550781 0.47168 0.0253906 0.0273438
0 0.385254 0.397949 0.0498047 0.0146484
0 0.836426 0.547852 0.0634766 0.0175781
0 0.67041 0.584961 0.0361328 0.0195312
0 0.820312 0.569824 0.0273438 0.0263672
0 0.705566 0.531738 0.0458984 0.0205078
0 0.61377 0.413574 0.0537109 0.0126953
0 0.751953 0.505859 0.0527344 0.015625
0 0.85498 0.475098 0.0537109 0.0126953
0 0.830078 0.534668 0.0488281 0.0166016
0 0.693359 0.59375 0.0566406 0.015625
0 0.732422 0.463867 0.0488281 0.0117188
0 0.579102 0.378906 0.0253906 0.0292969
0 0.592285 0.477539 0.0322266 0.0214844
0 0.833008 0.492188 0.03125 0.0234375
0 0.662109 0.510742 0.0292969 0.0214844
0 0.871094 0.493652 0.0566406 0.0146484
0 0.635742 0.554688 0.0429688 0.0234375
0 0.708984 0.452637 0.0273438 0.0244141
0 0.703125 0.498047 0.0585938 0.0195312
0 0.741211 0.580078 0.0507812 0.0175781
0 0.798828 0.500488 0.0507812 0.0185547
0 0.771484 0.464844 0.03125 0.0253906
0 0.816406 0.478027 0.03125 0.0244141
0 0.793945 0.468262 0.03125 0.0283203
