0 0.252441 0.725586 0.0380859 0.0644531
0 0.5625 0.776367 0.0488281 0.0488281
0 0.403809 0.313477 0.0380859 0.0644531
0 0.606445 0.233887 0.0449219 0.0361328
0 0.393066 0.657715 0.0361328 0.0732422
0 0.688965 0.467773 0.0498047 0.0546875
0 0.422852 0.308594 0.0371094 0.0683594
0 0.550781 0.467773 0.0371094 0.0664062
0 0.393555 0.744141 0.0507812 0.0351562
0 0.297852 0.682617 0.0488281 0.0449219
0 0.230957 0.503418 0.0537109 0.0751953
0 0.341797 0.460449 0.0390625 0.0537109
0 0.673828 0.554199 0.0429688 0.0693359
0 0.521484 0.602539 0.0507812 0.0410156
0 0.354492 0.722656 0.046875 0.0566406
