0 0.460449 0.412598 0.0107422 0.0341797
0 0.464844 0.523438 0.0195312 0.0117188
0 0.429688 0.480469 0.0136719 0.0273438
0 0.445801 0.479492 0.0244141 0.0292969
0 0.486816 0.53125 0.0185547 0.0351562
0 0.475098 0.405273 0.0185547 0.046875
0 0.438477 0.497559 0.0273438 0.0166016
0 0.469727 0.379395 0.0292969 0.0244141
0 0.467773 0.548828 0.0292969 0.015625
0 0.452637 0.347656 0.0244141 0.0292969
0 0.464844 0.510742 0.0292969 0.015625
0 0.450195 0.416016 0.0175781 0.0371094
0 0.45459 0.375 0.0166016 0.0390625
0 0.443848 0.374512 0.0166016 0.0419922
0 0.442383 0.521973 0.0253906 0.0166016
0 0.494629 0.527832 0.0205078 0.0361328
0 0.347656 0.582031 0.0351562 0.0488281
0 0.41748 0.571289 0.0263672 0.0332031
0 0.495605 0.459961 0.0166016 0.046875
0 0.429199 0.572266 0.0244141 0.0332031
0 0.460938 0.449219 0.0195312 0.0449219
0 0.430664 0.421875 0.0117188 0.0410156
0 0.46582 0.496094 0.0273438 0.0195312
0 0.443848 0.304688 0.0146484 0.0507812
0 0.447266 0.45459 0.0195312 0.0380859
0 0.412598 0.521484 0.0302734 0.0214844
0 0.432617 0.507324 0.0332031 0.0185547
0 0.481445 0.48584 0.0214844 0.0458984
0 0.433105 0.32959 0.0146484 0.0439453
0 0.418457 0.54834 0.0341797 0.0185547
0 0.417969 0.416016 0.0253906 0.03125
0 0.52002 0.591309 0.0419922 0.0498047
0 0.418945 0.445801 0.0175781 0.0400391
0 0.42627 0.462402 0.0224609 0.0322266
0 0.426758 0.592285 0.0273438 0.0283203
0 0.543945 0.527344 0.0351562 0.0371094
0 0.413086 0.492676 0.015625 0.0400391
0 0.435547 0.361816 0.0175781 0.0419922
