0 0.390625 0.202148 0.0429688 0.0292969
0 0.444824 0.41748 0.0341797 0.0693359
0 0.398438 0.243652 0.0332031 0.0947266
0 0.435059 0.334473 0.0458984 0.0556641
0 0.46875 0.245605 0.0234375 0.0986328
0 0.346191 0.532715 0.0341797 0.0498047
0 0.269531 0.396973 0.015625 0.0693359
0 0.312012 0.484375 0.0478516 0.0429688
0 0.32373 0.561035 0.0400391 0.0419922
0 0.401855 0.443359 0.0283203 0.0703125
0 0.253418 0.625977 0.0263672 0.0957031
0 0.381836 0.15918 0.0371094 0.0644531
0 0.79834 0.725586 0.0498047 0.0371094
