0 0.478516 0.438965 0.0253906 0.0576172
0 0.623047 0.250977 0.0449219 0.0234375
0 0.506348 0.686035 0.0380859 0.0302734
0 0.283203 0.4375 0.0351562 0.0546875
0 0.254395 0.459961 0.0380859 0.0332031
0 0.575684 0.541016 0.0263672 0.0683594
0 0.121582 0.59082 0.0458984 0.0390625
0 0.664062 0.65918 0.0234375 0.0546875
0 0.607422 0.387207 0.0273438 0.0615234
0 0.472168 0.504395 0.0322266 0.0537109
0 0.269043 0.263672 0.0400391 0.0566406
0 0.460449 0.349609 0.0419922 0.046875
0 0.441406 0.288086 0.0390625 0.0527344
0 0.690918 0.700684 0.0322266 0.0634766
0 0.614258 0.29541 0.0410156 0.0576172
0 0.745117 0.530762 0.0390625 0.0537109
0 0.275391 0.333496 0.0507812 0.0576172
