0 0.717773 0.762695 0.0214844 0.0800781
0 0.75293 0.579102 0.0566406 0.0234375
0 0.861816 0.544434 0.0439453 0.0302734
0 0.742188 0.630859 0.0507812 0.0273438
0 0.685547 0.585449 0.03125 0.0751953
0 0.755859 0.603516 0.046875 0.03125
0 0.672363 0.629395 0.0439453 0.0244141
0 0.694824 0.691406 0.0478516 0.0273438
0 0.643066 0.650391 0.0400391 0.0546875
0 0.677734 0.796875 0.0273438 0.0898438
0 0.603516 0.864258 0.0390625 0.0839844
0 0.597656 0.74707 0.0429688 0.0683594
0 0.71582 0.665039 0.0527344 0.0488281
0 0.657227 0.727539 0.0488281 0.0292969
0 0.632324 0.757324 0.0498047 0.0732422
