0 0.435059 0.391602 0.0302734 0.015625
0 0.355469 0.460449 0.0214844 0.0166016
0 0.486328 0.495605 0.0175781 0.0185547
0 0.451172 0.520508 0.0214844 0.0253906
0 0.351074 0.345215 0.0185547 0.0478516
0 0.477539 0.507812 0.0195312 0.015625
0 0.408203 0.625 0.0253906 0.0195312
0 0.448242 0.408691 0.015625 0.0341797
0 0.532227 0.506348 0.00976562 0.0244141
0 0.399414 0.506348 0.0273438 0.0205078
0 0.429199 0.376465 0.0224609 0.0185547
0 0.350586 0.507324 0.015625 0.0263672
0 0.349121 0.477051 0.0126953 0.0302734
0 0.364746 0.331055 0.0107422 0.0351562
0 0.478027 0.460938 0.0126953 0.0332031
0 0.354004 0.279297 0.0146484 0.0390625
0 0.27832 0.44873 0.0136719 0.0419922
0 0.39209 0.449219 0.0244141 0.0175781
0 0.456543 0.654297 0.0302734 0.015625
0 0.350586 0.389648 0.0117188 0.0332031
0 0.402832 0.587891 0.0146484 0.0214844
0 0.375 0.686035 0.015625 0.0302734
0 0.375977 0.398926 0.015625 0.0283203
0 0.461914 0.622559 0.0234375 0.0185547
0 0.458984 0.473145 0.0117188 0.0341797
0 0.51709 0.342285 0.0126953 0.0419922
0 0.492188 0.538086 0.0195312 0.0195312
0 0.48291 0.321289 0.0283203 0.0175781
0 0.363281 0.476074 0.0136719 0.0263672
0 0.540527 0.384766 0.0126953 0.0371094
0 0.368164 0.500488 0.0136719 0.0283203
0 0.440918 0.639648 0.0244141 0.0195312
0 0.398438 0.32959 0.0175781 0.0341797
0 0.448242 0.494629 0.0234375 0.0244141
0 0.380371 0.563965 0.0107422 0.0361328
0 0.371094 0.449707 0.015625 0.0341797
0 0.486328 0.449219 0.0078125 0.0253906
0 0.394531 0.303223 0.0136719 0.0224609
0 0.390625 0.400391 0.0214844 0.0195312
0 0.485352 0.595215 0.0214844 0.0126953
0 0.475098 0.354492 0.0244141 0.015625
0 0.434082 0.665527 0.0244141 0.0146484
0 0.498047 0.602051 0.0175781 0.0322266
0 0.405273 0.637695 0.0253906 0.015625
0 0.416992 0.711426 0.0253906 0.0322266
0 0.418945 0.548828 0.015625 0.0273438
0 0.390137 0.342285 0.0146484 0.0302734
0 0.501465 0.561035 0.0126953 0.0380859
0 0.529785 0.443359 0.0185547 0.0136719
0 0.483887 0.335449 0.0244141 0.0166016
0 0.375 0.328125 0.00976562 0.0332031
0 0.40918 0.538086 0.0253906 0.015625
0 0.540039 0.319336 0.0175781 0.0292969
0 0.392578 0.612305 0.0253906 0.0136719
0 0.547852 0.351074 0.015625 0.0380859
0 0.538086 0.477051 0.0175781 0.0283203
0 0.37793 0.647949 0.0234375 0.0107422
0 0.34668 0.530273 0.0117188 0.03125
0 0.496582 0.518555 0.0126953 0.0351562
0 0.439941 0.586426 0.0224609 0.0166016
0 0.355957 0.608887 0.0263672 0.0244141
0 0.395508 0.65918 0.0175781 0.0273438
0 0.411133 0.326172 0.0117188 0.0410156
0 0.375 0.591797 0.0195312 0.0253906
0 0.40332 0.37207 0.0195312 0.0292969
0 0.360352 0.508301 0.0117188 0.0302734
0 0.486328 0.432617 0.0253906 0.0175781
0 0.521973 0.578613 0.0126953 0.0302734
0 0.445312 0.356934 0.0234375 0.0205078
0 0.375977 0.356445 0.0292969 0.0175781
0 0.412598 0.661133 0.0224609 0.03125
0 0.417969 0.431641 0.0136719 0.0390625
0 0.505859 0.414062 0.0175781 0.03125
0 0.447266 0.608398 0.0292969 0.0273438
0 0.479492 0.618164 0.0273438 0.0351562
0 0.525879 0.62207 0.0244141 0.015625
0 0.549805 0.470215 0.00976562 0.0283203
0 0.420898 0.338379 0.00976562 0.0283203
0 0.487793 0.369629 0.0126953 0.0341797
0 0.375977 0.626953 0.0292969 0.0136719
0 0.603516 0.550293 0.0214844 0.0146484
0 0.476562 0.530273 0.0292969 0.015625
0 0.341309 0.481445 0.0146484 0.0292969
0 0.359375 0.112305 0.0117188 0.0488281
0 0.535156 0.34668 0.0195312 0.0371094
0 0.494629 0.455078 0.0126953 0.03125
0 0.557617 0.571777 0.0214844 0.0263672
0 0.441406 0.541016 0.0136719 0.03125
0 0.34375 0.569824 0.0214844 0.0341797
0 0.503418 0.618164 0.0283203 0.0195312
0 0.496582 0.491211 0.0205078 0.03125
0 0.579102 0.551758 0.0214844 0.0351562
0 0.547852 0.519043 0.0253906 0.0224609
0 0.625977 0.374023 0.03125 0.0273438
0 0.516602 0.459961 0.0117188 0.0351562
0 0.402832 0.430664 0.0185547 0.0351562
0 0.55127 0.450684 0.0244141 0.0146484
0 0.462891 0.27832 0.0253906 0.0253906
0 0.570312 0.525391 0.0273438 0.03125
0 0.527344 0.487793 0.0253906 0.0166016
0 0.501953 0.296875 0.0253906 0.0195312
0 0.586426 0.405273 0.0341797 0.0292969
0 0.559082 0.407227 0.0205078 0.0332031
0 0.547363 0.42334 0.0185547 0.0380859
0 0.571777 0.355957 0.0283203 0.0244141
0 0.452148 0.288086 0.0234375 0.0371094
0 0.603516 0.432129 0.0234375 0.0302734
0 0.56543 0.37793 0.0292969 0.0253906
0 0.397949 0.558594 0.0283203 0.0195312
0 0.634277 0.391113 0.0185547 0.0380859
0 0.364746 0.217285 0.0205078 0.0283203
0 0.19043 0.597656 0.0273438 0.0332031
0 0.431641 0.754395 0.0332031 0.0283203
0 0.45166 0.254883 0.0283203 0.0195312
0 0.585449 0.373047 0.0205078 0.0292969
0 0.641113 0.354004 0.0302734 0.0361328
0 0.608398 0.476074 0.0214844 0.0361328
