0 0.541016 0.634277 0.0136719 0.0400391
0 0.411621 0.274902 0.0224609 0.0419922
0 0.491699 0.233398 0.0205078 0.0332031
0 0.416016 0.303711 0.0136719 0.0429688
0 0.404785 0.268555 0.0146484 0.0429688
0 0.36084 0.240234 0.0166016 0.0449219
0 0.357422 0.253418 0.0136719 0.0439453
0 0.52832 0.524414 0.0175781 0.0351562
0 0.55127 0.62207 0.0185547 0.0292969
0 0.416992 0.741211 0.0136719 0.03125
0 0.45459 0.160156 0.0205078 0.0273438
0 0.437012 0.0151367 0.0146484 0.0302734
0 0.456055 0.548828 0.0136719 0.0488281
0 0.444336 0.472168 0.015625 0.0419922
0 0.50293 0.510742 0.0214844 0.0390625
0 0.338867 0.263672 0.0195312 0.046875
0 0.520996 0.492188 0.0263672 0.0214844
0 0.483398 0.183105 0.0234375 0.0263672
0 0.414062 0.177246 0.0195312 0.0380859
0 0.344727 0.23877 0.0195312 0.0419922
0 0.47168 0.541016 0.0175781 0.0332031
0 0.753418 0.0874023 0.0185547 0.0576172
0 0.374512 0.206543 0.0146484 0.0458984
0 0.554199 0.28418 0.0185547 0.0449219
0 0.345215 0.261719 0.0166016 0.0429688
0 0.494141 0.514648 0.0195312 0.0410156
0 0.427734 0.015625 0.0175781 0.03125
0 0.515625 0.539062 0.0253906 0.0273438
0 0.53418 0.57666 0.0234375 0.0263672
0 0.396973 0.280762 0.0224609 0.0244141
0 0.535645 0.544434 0.0224609 0.0224609
0 0.479492 0.706543 0.015625 0.0478516
0 0.43457 0.44043 0.015625 0.0351562
0 0.463379 0.320312 0.0224609 0.0273438
0 0.41748 0.257812 0.0185547 0.0332031
0 0.52002 0.727051 0.0146484 0.0380859
0 0.443848 0.0693359 0.0146484 0.0410156
0 0.509766 0.733398 0.015625 0.046875
0 0.513672 0.410156 0.015625 0.0410156
0 0.51416 0.567871 0.0185547 0.0439453
0 0.461914 0.491211 0.0195312 0.046875
0 0.421387 0.197754 0.0166016 0.0517578
0 0.48584 0.171387 0.0244141 0.0283203
0 0.455566 0.301758 0.0185547 0.0410156
0 0.453613 0.379883 0.0361328 0.0292969
0 0.355957 0.384277 0.0146484 0.0439453
0 0.326172 0.0488281 0.015625 0.0449219
0 0.387207 0.20752 0.0185547 0.0478516
0 0.477539 0.483887 0.0273438 0.0322266
0 0.462891 0.66748 0.0175781 0.0517578
0 0.340332 0.319336 0.0185547 0.0566406
0 0.466797 0.52832 0.0195312 0.0390625
0 0.436523 0.67627 0.0234375 0.0361328
0 0.48291 0.290039 0.0166016 0.0429688
0 0.449219 0.27832 0.0234375 0.0273438
0 0.493652 0.255859 0.0205078 0.046875
0 0.464355 0.580078 0.0146484 0.0488281
0 0.433594 0.28418 0.0195312 0.0449219
0 0.327148 0.265625 0.0195312 0.0507812
0 0.634766 0.553223 0.0175781 0.0498047
0 0.379883 0.44043 0.015625 0.0449219
0 0.549316 0.272461 0.0205078 0.0410156
0 0.477051 0.555664 0.0166016 0.0429688
0 0.488281 0.200195 0.0214844 0.0332031
0 0.311523 0.345215 0.015625 0.0458984
0 0.521973 0.199219 0.0166016 0.0507812
0 0.522949 0.365723 0.0263672 0.0478516
0 0.466309 0.26709 0.0263672 0.0341797
0 0.400391 0.227051 0.0175781 0.0458984
0 0.501465 0.54834 0.0224609 0.0263672
0 0.368164 0.287598 0.015625 0.0498047
0 0.404785 0.501953 0.0166016 0.046875
0 0.581055 0.827148 0.0175781 0.046875
0 0.441406 0.0410156 0.0175781 0.0371094
0 0.321289 0.30127 0.0175781 0.0478516
0 0.384277 0.563477 0.0166016 0.0507812
0 0.603027 0.21875 0.0185547 0.0546875
0 0.491211 0.364746 0.0273438 0.0283203
0 0.396484 0.144531 0.0253906 0.0390625
0 0.494141 0.418457 0.0136719 0.0439453
0 0.533203 0.61084 0.0253906 0.0283203
0 0.542969 0.213867 0.0175781 0.0488281
0 0.271484 0.150879 0.0175781 0.0556641
0 0.279297 0.176758 0.0175781 0.0507812
0 0.510254 0.0117188 0.0224609 0.0234375
0 0.526367 0.40918 0.0195312 0.0410156
0 0.443848 0.305664 0.0146484 0.0488281
0 0.478516 0.313965 0.0195312 0.0458984
0 0.400879 0.314941 0.0244141 0.0361328
0 0.413574 0.446777 0.0205078 0.0361328
0 0.543945 0.489746 0.0273438 0.0283203
0 0.444824 0.36084 0.0283203 0.0283203
0 0.345703 0.364258 0.015625 0.0488281
0 0.376465 0.314453 0.0302734 0.0214844
0 0.561035 0.0795898 0.0244141 0.0517578
0 0.541016 0.518555 0.0195312 0.0410156
0 0.414551 0.502441 0.0166016 0.0498047
0 0.435059 0.498047 0.0283203 0.0214844
0 0.491699 0.724609 0.0244141 0.03125
0 0.56543 0.287598 0.0234375 0.0380859
0 0.588379 0.395508 0.0185547 0.0527344
0 0.436523 0.209473 0.0273438 0.0361328
0 0.517578 0.847656 0.0195312 0.0507812
0 0.499023 0.637207 0.0292969 0.0263672
0 0.367188 0.233398 0.0195312 0.046875
0 0.421875 0.473633 0.0214844 0.0332031
0 0.422363 0.584961 0.0244141 0.0351562
0 0.538086 0.292969 0.0175781 0.0507812
0 0.362305 0.181152 0.0195312 0.0615234
0 0.430664 0.459961 0.0273438 0.0234375
0 0.437988 0.74707 0.0146484 0.046875
0 0.324707 0.341797 0.0166016 0.0410156
0 0.446777 0.179199 0.0166016 0.0517578
0 0.459961 0.628418 0.0175781 0.0458984
0 0.47998 0.596191 0.0283203 0.0224609
0 0.488281 0.568848 0.015625 0.0439453
0 0.4375 0.616699 0.0234375 0.0302734
0 0.507324 0.702148 0.0283203 0.0273438
0 0.385254 0.298828 0.0244141 0.0273438
0 0.436035 0.147949 0.0244141 0.0302734
0 0.336914 0.569824 0.0175781 0.0478516
0 0.36084 0.43457 0.0166016 0.0507812
0 0.499512 0.866211 0.0244141 0.0429688
0 0.527832 0.45166 0.0185547 0.0478516
0 0.449219 0.330078 0.0195312 0.0429688
0 0.425293 0.623535 0.0263672 0.0302734
0 0.627441 0.430176 0.0166016 0.0517578
0 0.378418 0.26709 0.0244141 0.0283203
0 0.578613 0.523438 0.0263672 0.0292969
0 0.415039 0.155762 0.0234375 0.0439453
0 0.577637 0.296875 0.0205078 0.046875
0 0.483887 0.460938 0.0185547 0.0410156
0 0.347168 0.410645 0.0146484 0.0498047
0 0.421387 0.348145 0.0302734 0.0263672
0 0.394531 0.484863 0.0253906 0.0322266
0 0.476074 0.773926 0.0283203 0.0322266
0 0.44043 0.546875 0.0214844 0.0410156
0 0.463867 0.746094 0.0253906 0.0253906
0 0.371582 0.720215 0.0166016 0.0517578
0 0.550781 0.316406 0.0253906 0.0351562
0 0.54541 0.40625 0.0185547 0.0527344
0 0.32373 0.206543 0.0224609 0.0458984
0 0.429199 0.402344 0.0185547 0.046875
0 0.477539 0.441406 0.0253906 0.03125
0 0.369141 0.678223 0.0214844 0.0361328
0 0.341797 0.699219 0.0195312 0.0429688
0 0.609375 0.269043 0.0273438 0.0322266
0 0.543457 0.566406 0.0263672 0.0332031
0 0.40918 0.213379 0.0214844 0.0341797
0 0.475098 0.621094 0.0185547 0.0390625
0 0.409668 0.569824 0.0185547 0.0498047
0 0.431641 0.532715 0.0195312 0.0498047
0 0.372559 0.39209 0.0244141 0.0341797
0 0.398438 0.385254 0.0253906 0.0361328
0 0.494141 0.669922 0.0214844 0.03125
0 0.45459 0.452148 0.0205078 0.0332031
0 0.379395 0.120117 0.0224609 0.0410156
0 0.503906 0.172852 0.0253906 0.0371094
0 0.513184 0.46875 0.0205078 0.0449219
0 0.382812 0.761719 0.0214844 0.0507812
0 0.252441 0.114746 0.0244141 0.0517578
0 0.519043 0.595215 0.0224609 0.0361328
0 0.371094 0.0463867 0.0214844 0.0537109
0 0.330566 0.391602 0.0244141 0.0332031
0 0.408203 0.364746 0.0234375 0.0361328
0 0.524902 0.632812 0.0263672 0.0292969
0 0.54541 0.59668 0.0263672 0.03125
0 0.583008 0.806641 0.0214844 0.0449219
0 0.466309 0.804199 0.0205078 0.0458984
0 0.351074 0.674316 0.0185547 0.0478516
0 0.480957 0.39209 0.0205078 0.0439453
0 0.448242 0.588867 0.0214844 0.0371094
0 0.558105 0.724609 0.0224609 0.0410156
0 0.441406 0.653809 0.0273438 0.0380859
0 0.372559 0.525879 0.0224609 0.0478516
0 0.593262 0.765625 0.0205078 0.0449219
0 0.52002 0.765137 0.0263672 0.0341797
0 0.576172 0.654297 0.0273438 0.0371094
0 0.539062 0.827637 0.0292969 0.0361328
0 0.521484 0.232422 0.0273438 0.0351562
0 0.494141 0.812988 0.0214844 0.0517578
0 0.566406 0.70752 0.0273438 0.0380859
0 0.460938 0.712891 0.0195312 0.0449219
0 0.567871 0.46582 0.0224609 0.0449219
0 0.463867 0.185547 0.0214844 0.0390625
0 0.45166 0.415527 0.0263672 0.0380859
