0 0.336426 0.484863 0.0478516 0.0283203
0 0.456543 0.527344 0.0673828 0.0195312
0 0.466797 0.356445 0.0703125 0.0175781
0 0.751465 0.419922 0.0556641 0.015625
0 0.456055 0.535156 0.0761719 0.015625
0 0.319824 0.483398 0.0380859 0.0292969
0 0.529785 0.494141 0.0595703 0.0136719
0 0.467285 0.340332 0.0673828 0.0263672
0 0.603516 0.575684 0.0703125 0.0244141
0 0.343262 0.512695 0.0576172 0.0253906
0 0.77832 0.748535 0.0605469 0.0341797
0 0.639648 0.553711 0.0585938 0.0214844
0 0.525391 0.514648 0.0585938 0.0253906
0 0.377441 0.530273 0.0654297 0.0214844
0 0.234375 0.540039 0.0722656 0.0253906
0 0.525391 0.58252 0.0507812 0.0244141
0 0.374023 0.493652 0.0488281 0.0322266
0 0.334961 0.536621 0.0527344 0.0302734
