0 0.250977 0.219727 0.0488281 0.0351562
0 0.256836 0.325195 0.0410156 0.0175781
0 0.239746 0.414551 0.0263672 0.0224609
0 0.319824 0.913086 0.0283203 0.0273438
0 0.245605 0.339844 0.0341797 0.0175781
0 0.209473 0.270996 0.0361328 0.0185547
0 0.268555 0.540527 0.03125 0.0205078
0 0.262207 0.393066 0.0380859 0.0107422
0 0.346191 0.385742 0.0302734 0.0332031
0 0.22168 0.416016 0.0195312 0.0273438
0 0.261719 0.350098 0.0351562 0.0166016
0 0.244141 0.141602 0.0351562 0.03125
0 0.307129 0.348145 0.0302734 0.0146484
0 0.219238 0.45166 0.0166016 0.0263672
0 0.240234 0.400879 0.0390625 0.0166016
0 0.230957 0.480469 0.0205078 0.03125
0 0.259766 0.605469 0.0332031 0.0410156
0 0.223145 0.433594 0.0361328 0.0117188
0 0.512207 0.191406 0.0458984 0.0175781
0 0.623047 0.426758 0.0332031 0.0292969
0 0.231445 0.454102 0.015625 0.0273438
0 0.310547 0.739258 0.0390625 0.0273438
0 0.3125 0.777344 0.0605469 0.0214844
0 0.220703 0.376465 0.015625 0.0263672
0 0.263672 0.510742 0.0351562 0.0175781
0 0.311523 0.695801 0.0195312 0.0322266
0 0.298828 0.645508 0.0390625 0.0195312
0 0.317383 0.379883 0.0214844 0.0292969
0 0.249023 0.482422 0.0214844 0.0292969
0 0.242188 0.382324 0.0273438 0.0244141
0 0.298828 0.493164 0.0351562 0.0234375
0 0.269531 0.557129 0.0449219 0.0263672
0 0.265625 0.186035 0.0273438 0.0263672
0 0.257812 0.53418 0.0332031 0.0214844
0 0.474121 0.591309 0.0419922 0.0244141
