0 0.495117 0.510742 0.0136719 0.0234375
0 0.498047 0.441406 0.0117188 0.0175781
0 0.55127 0.489258 0.0126953 0.0136719
0 0.533203 0.493164 0.00976562 0.0253906
0 0.491211 0.499023 0.0136719 0.00976562
0 0.516602 0.48877 0.00976562 0.0205078
0 0.560547 0.530762 0.015625 0.00878906
0 0.38623 0.478027 0.00878906 0.0224609
0 0.67334 0.489258 0.0263672 0.015625
0 0.373047 0.54541 0.0136719 0.0166016
0 0.44873 0.574707 0.0224609 0.0166016
0 0.469238 0.439941 0.0166016 0.0107422
0 0.505859 0.536621 0.0136719 0.0166016
0 0.395508 0.563477 0.0175781 0.0117188
0 0.470215 0.410645 0.00683594 0.0224609
0 0.464355 0.483398 0.0146484 0.0136719
0 0.433594 0.465332 0.0175781 0.0107422
0 0.412598 0.44873 0.0126953 0.0107422
0 0.576172 0.517578 0.00976562 0.0273438
0 0.418945 0.565918 0.0117188 0.0166016
0 0.410156 0.493164 0.0117188 0.0214844
0 0.350098 0.533203 0.0107422 0.0253906
0 0.444336 0.453125 0.0136719 0.0136719
0 0.477051 0.382324 0.0146484 0.0107422
0 0.493164 0.563477 0.0175781 0.0117188
0 0.491211 0.490723 0.0136719 0.0107422
0 0.500977 0.542969 0.0136719 0.0195312
0 0.47998 0.468262 0.0166016 0.0146484
0 0.525391 0.551758 0.0136719 0.0234375
0 0.367188 0.575195 0.0117188 0.0195312
0 0.479004 0.418457 0.0107422 0.0205078
0 0.553711 0.545898 0.0195312 0.00976562
0 0.390625 0.575195 0.0175781 0.0136719
0 0.40332 0.507324 0.0078125 0.0244141
0 0.515137 0.550781 0.0146484 0.00976562
0 0.529297 0.46582 0.0136719 0.0175781
0 0.487305 0.533691 0.0117188 0.0263672
0 0.567383 0.524902 0.0117188 0.0166016
0 0.452637 0.416016 0.0107422 0.0214844
0 0.466797 0.417969 0.00976562 0.0214844
0 0.385254 0.563477 0.0166016 0.0117188
0 0.500488 0.555176 0.0146484 0.00878906
0 0.472656 0.57373 0.015625 0.0107422
0 0.435059 0.483398 0.0185547 0.0117188
0 0.380859 0.519531 0.0195312 0.0136719
0 0.474609 0.475586 0.0175781 0.0136719
0 0.4375 0.554199 0.0117188 0.0185547
0 0.456055 0.475098 0.0136719 0.0126953
0 0.564453 0.421387 0.0175781 0.0205078
0 0.522949 0.522949 0.0126953 0.0107422
0 0.552734 0.475098 0.0078125 0.0205078
0 0.463379 0.46582 0.0166016 0.00976562
0 0.398438 0.439453 0.015625 0.0136719
0 0.362305 0.541992 0.0136719 0.0175781
0 0.516602 0.418945 0.0175781 0.0078125
0 0.467773 0.553711 0.00976562 0.0253906
0 0.51709 0.511719 0.0126953 0.0136719
0 0.444824 0.513184 0.0126953 0.0146484
0 0.459473 0.416992 0.00683594 0.0175781
0 0.438965 0.455078 0.00878906 0.0195312
0 0.493652 0.543457 0.00878906 0.0185547
0 0.617188 0.511719 0.0195312 0.00976562
0 0.408691 0.574707 0.0146484 0.0107422
0 0.537109 0.466797 0.015625 0.015625
0 0.534668 0.560547 0.0185547 0.00976562
0 0.54541 0.474609 0.00683594 0.0234375
0 0.493164 0.455566 0.0136719 0.0205078
0 0.45459 0.553223 0.0185547 0.0224609
0 0.337402 0.551758 0.0146484 0.0117188
0 0.53418 0.529297 0.00585938 0.0214844
0 0.497559 0.409668 0.0146484 0.0166016
0 0.525879 0.506348 0.00683594 0.0205078
0 0.589844 0.504395 0.0175781 0.00878906
0 0.614258 0.502441 0.0175781 0.0107422
0 0.396484 0.522461 0.00976562 0.03125
0 0.450195 0.507812 0.0136719 0.0195312
0 0.383789 0.507324 0.0136719 0.0146484
0 0.480469 0.561523 0.015625 0.0117188
0 0.435059 0.518066 0.00878906 0.0263672
0 0.503906 0.450684 0.0136719 0.0146484
0 0.347656 0.546875 0.0136719 0.0195312
0 0.655762 0.506348 0.0146484 0.0224609
0 0.397949 0.48291 0.00878906 0.0244141
0 0.477539 0.45166 0.015625 0.0126953
0 0.444824 0.433594 0.0126953 0.0136719
0 0.490723 0.466309 0.0146484 0.0166016
0 0.40332 0.59668 0.0136719 0.0292969
0 0.544922 0.50293 0.0136719 0.015625
0 0.483398 0.509766 0.0078125 0.0175781
0 0.45752 0.492188 0.0146484 0.00976562
0 0.562012 0.538574 0.0185547 0.00878906
0 0.359375 0.564941 0.0175781 0.0126953
0 0.357422 0.520508 0.015625 0.0175781
0 0.420898 0.441406 0.015625 0.00976562
0 0.46582 0.454102 0.0117188 0.0136719
0 0.402344 0.445801 0.0175781 0.0166016
0 0.581055 0.531738 0.0117188 0.0126953
0 0.551758 0.5 0.0136719 0.0136719
0 0.449219 0.483887 0.0175781 0.00878906
0 0.479492 0.49707 0.00976562 0.0175781
0 0.493164 0.435547 0.00976562 0.0214844
0 0.469238 0.495605 0.0185547 0.0185547
0 0.515137 0.538086 0.00878906 0.0175781
0 0.474609 0.520996 0.0195312 0.0166016
0 0.46875 0.348145 0.00976562 0.0244141
0 0.461914 0.380859 0.0078125 0.0234375
0 0.527344 0.532715 0.00976562 0.0205078
0 0.489258 0.418945 0.015625 0.015625
0 0.384277 0.53418 0.0146484 0.0175781
0 0.346191 0.491211 0.0166016 0.0136719
0 0.314453 0.560547 0.015625 0.0136719
0 0.416992 0.507812 0.0117188 0.0214844
0 0.374023 0.475098 0.0078125 0.0263672
0 0.328125 0.888184 0.0214844 0.0185547
0 0.42627 0.452148 0.0185547 0.0136719
0 0.405273 0.558594 0.0175781 0.0195312
0 0.333008 0.536621 0.0175781 0.0166016
0 0.420898 0.486328 0.00976562 0.0195312
0 0.589355 0.522949 0.0185547 0.0126953
0 0.387695 0.546875 0.0175781 0.0195312
0 0.304199 0.554199 0.0185547 0.0107422
0 0.516602 0.443359 0.015625 0.0136719
0 0.321777 0.539551 0.0185547 0.0107422
0 0.455566 0.449707 0.0107422 0.0185547
0 0.501465 0.482422 0.0185547 0.0117188
0 0.473633 0.533691 0.0175781 0.0107422
0 0.519531 0.429688 0.0136719 0.0136719
0 0.422852 0.530762 0.0175781 0.0185547
0 0.515625 0.582031 0.00976562 0.0273438
0 0.401855 0.45752 0.0166016 0.0126953
0 0.541992 0.539062 0.0117188 0.0136719
0 0.374023 0.509766 0.00976562 0.0195312
0 0.458496 0.429688 0.0185547 0.0117188
0 0.464844 0.513184 0.015625 0.0146484
0 0.530273 0.570801 0.0175781 0.0126953
0 0.480469 0.395996 0.0136719 0.0166016
0 0.322754 0.549805 0.0205078 0.0117188
0 0.36377 0.527832 0.0146484 0.0166016
0 0.424316 0.547363 0.0185547 0.0126953
0 0.563477 0.479492 0.0117188 0.0175781
0 0.508301 0.506348 0.0166016 0.0146484
0 0.561035 0.466309 0.0107422 0.0146484
0 0.435547 0.435547 0.0117188 0.0195312
0 0.289551 0.561523 0.0205078 0.0117188
0 0.507812 0.572266 0.015625 0.0175781
0 0.358398 0.49707 0.0078125 0.0214844
0 0.561523 0.498047 0.00976562 0.0234375
0 0.518066 0.401367 0.0185547 0.0117188
0 0.55127 0.518066 0.0126953 0.0205078
