0 0.614746 0.571289 0.0283203 0.0253906
0 0.59082 0.538086 0.0371094 0.0253906
0 0.592773 0.642578 0.0292969 0.03125
0 0.566406 0.659668 0.03125 0.0341797
0 0.57959 0.588379 0.0322266 0.0341797
0 0.572754 0.569336 0.0126953 0.0371094
0 0.601562 0.615234 0.0195312 0.0429688
0 0.549805 0.521484 0.0371094 0.0429688
0 0.603027 0.561035 0.0166016 0.0419922
0 0.572266 0.666016 0.03125 0.0273438
0 0.538086 0.569336 0.0175781 0.0527344
0 0.518066 0.570312 0.0263672 0.0585938
0 0.631348 0.566406 0.0205078 0.0507812
0 0.5 0.645508 0.0546875 0.0253906
0 0.524414 0.614258 0.0371094 0.0332031
0 0.544434 0.634766 0.0166016 0.0527344
0 0.547852 0.695312 0.0332031 0.0351562
0 0.658203 0.514648 0.0214844 0.0585938
0 0.625977 0.496094 0.0292969 0.046875
