0 0.269043 0.467773 0.0322266 0.0429688
0 0.603516 0.597168 0.0253906 0.0478516
0 0.253418 0.614746 0.0322266 0.0634766
0 0.110352 0.45752 0.03125 0.0439453
0 0.462891 0.185547 0.046875 0.03125
0 0.275879 0.701172 0.0361328 0.0800781
0 0.239746 0.381836 0.0556641 0.0371094
0 0.413574 0.52002 0.0419922 0.0380859
0 0.549316 0.452148 0.0458984 0.0566406
0 0.403809 0.666016 0.0322266 0.0644531
0 0.299316 0.388672 0.0322266 0.0585938
0 0.102051 0.526855 0.0439453 0.0478516
0 0.423828 0.30957 0.0449219 0.0371094
