0 0.637695 0.223633 0.0410156 0.0292969
0 0.342285 0.42627 0.0439453 0.0498047
0 0.663574 0.246582 0.0458984 0.0361328
0 0.335449 0.32959 0.0654297 0.0263672
0 0.658203 0.334473 0.0644531 0.0439453
0 0.641602 0.299805 0.0507812 0.0410156
0 0.355469 0.356445 0.0722656 0.0292969
0 0.458496 0.555176 0.0478516 0.0537109
0 0.651855 0.254883 0.0419922 0.0332031
0 0.391113 0.286133 0.0615234 0.0351562
0 0.34082 0.489258 0.0742188 0.0273438
0 0.206055 0.463379 0.0429688 0.0517578
0 0.667969 0.389648 0.0390625 0.0527344
0 0.446289 0.725586 0.0800781 0.0390625
0 0.79834 0.551758 0.0693359 0.0390625
0 0.544922 0.471191 0.0683594 0.0419922
0 0.294434 0.330078 0.0458984 0.0546875
0 0.388184 0.453125 0.0673828 0.03125
0 0.309082 0.395508 0.0595703 0.0351562
0 0.290039 0.598633 0.0546875 0.0527344
0 0.725098 0.434082 0.0498047 0.0498047
