0 0.648438 0.368164 0.0917969 0.03125
0 0.657227 0.774414 0.105469 0.0273438
0 0.0351562 0.583984 0.0703125 0.0390625
0 0.439453 0.624512 0.0390625 0.0419922
0 0.719238 0.381348 0.0556641 0.0419922
0 0.48877 0.679199 0.0556641 0.0439453
0 0.557129 0.585449 0.0888672 0.0263672
0 0.327148 0.598633 0.0703125 0.0410156
0 0.568359 0.694336 0.0625 0.0546875
0 0.527832 0.680664 0.0791016 0.0390625
0 0.417969 0.671387 0.0898438 0.0419922
0 0.0541992 0.777344 0.102539 0.0371094
0 0.530273 0.493652 0.0820312 0.0400391
0 0.471191 0.544922 0.0537109 0.0527344
0 0.496582 0.728516 0.0810547 0.0507812
0 0.154297 0.736328 0.0527344 0.0546875
0 0.450684 0.681152 0.0537109 0.0517578
0 0.547363 0.611328 0.0654297 0.0429688
