0 0.571289 0.537598 0.0175781 0.0341797
0 0.624023 0.487305 0.0253906 0.0371094
0 0.611328 0.479492 0.0273438 0.0332031
0 0.623047 0.51416 0.03125 0.0341797
0 0.639648 0.444336 0.0214844 0.0429688
0 0.449707 0.568359 0.0244141 0.0566406
0 0.617676 0.457031 0.0283203 0.03125
0 0.683594 0.517578 0.0175781 0.0546875
0 0.640137 0.550781 0.0341797 0.046875
0 0.6875 0.342285 0.03125 0.0498047
0 0.418457 0.391113 0.0322266 0.0322266
0 0.549805 0.48584 0.015625 0.0361328
0 0.708984 0.618164 0.0195312 0.0429688
0 0.668945 0.513672 0.0136719 0.0410156
0 0.650391 0.507812 0.0332031 0.0390625
0 0.603516 0.632812 0.0253906 0.0566406
0 0.453125 0.642578 0.0234375 0.0449219
0 0.754883 0.416992 0.0390625 0.0410156
0 0.467285 0.498047 0.0361328 0.0351562
