0 0.646973 0.504883 0.0439453 0.03125
0 0.588867 0.51709 0.0488281 0.0302734
0 0.354004 0.914062 0.0244141 0.0585938
0 0.563965 0.481934 0.0400391 0.0576172
0 0.378418 0.489258 0.0419922 0.0527344
0 0.355469 0.72998 0.0507812 0.0380859
0 0.566406 0.303223 0.03125 0.0634766
0 0.209961 0.52832 0.0507812 0.0371094
0 0.272949 0.638672 0.0478516 0.0351562
0 0.260254 0.82373 0.0400391 0.0615234
0 0.473633 0.583984 0.0292969 0.0683594
0 0.214844 0.642578 0.0292969 0.0625
0 0.458984 0.445312 0.0449219 0.0585938
0 0.401367 0.369141 0.0410156 0.0605469
0 0.162598 0.663086 0.0341797 0.0605469
0 0.532227 0.505859 0.0371094 0.0527344
0 0.333984 0.518555 0.0546875 0.0410156
0 0.382324 0.901855 0.0419922 0.0576172
0 0.458496 0.674316 0.0517578 0.0517578
0 0.238281 0.537598 0.0332031 0.0478516
0 0.294434 0.413086 0.0341797 0.0683594
0 0.286621 0.498047 0.0361328 0.0546875
