0 0.60498 0.642578 0.0322266 0.0332031
0 0.516602 0.373535 0.015625 0.0302734
0 0.511719 0.460938 0.0195312 0.0136719
0 0.538086 0.537109 0.0117188 0.03125
0 0.474609 0.415527 0.00976562 0.0302734
0 0.44043 0.231445 0.0214844 0.0234375
0 0.57959 0.70459 0.0146484 0.0498047
0 0.519531 0.505371 0.0253906 0.0126953
0 0.532227 0.166504 0.015625 0.0322266
0 0.483887 0.430176 0.0146484 0.0263672
0 0.529785 0.305176 0.0166016 0.0322266
0 0.598633 0.56543 0.0136719 0.0449219
0 0.521484 0.452637 0.0117188 0.0244141
0 0.467773 0.667969 0.0214844 0.0136719
0 0.563477 0.270508 0.0273438 0.0488281
0 0.524902 0.717773 0.00878906 0.0273438
0 0.548828 0.313965 0.0195312 0.0576172
0 0.589355 0.694824 0.0126953 0.0458984
0 0.57666 0.307617 0.0244141 0.0195312
0 0.464355 0.341797 0.0322266 0.0175781
0 0.487793 0.166016 0.0185547 0.0253906
0 0.559082 0.672363 0.0107422 0.0283203
0 0.643066 0.477051 0.0283203 0.0517578
0 0.439453 0.30127 0.00976562 0.0458984
0 0.509766 0.368652 0.0253906 0.0185547
0 0.410156 0.65918 0.0175781 0.0273438
0 0.484375 0.367188 0.0136719 0.0429688
0 0.412109 0.342773 0.0292969 0.0214844
0 0.634277 0.245605 0.0146484 0.0439453
0 0.478027 0.164062 0.0146484 0.0332031
0 0.516602 0.435547 0.0253906 0.0117188
0 0.388672 0.603516 0.015625 0.0273438
0 0.480957 0.535156 0.0205078 0.0332031
0 0.485352 0.54834 0.0195312 0.0361328
0 0.509766 0.753906 0.0273438 0.0234375
0 0.545898 0.347168 0.0234375 0.0205078
0 0.509277 0.449707 0.0166016 0.0205078
0 0.519043 0.259766 0.0166016 0.0410156
0 0.466797 0.525879 0.0273438 0.0185547
0 0.584473 0.560059 0.0146484 0.0380859
0 0.53418 0.32666 0.0175781 0.0400391
0 0.517578 0.529785 0.0273438 0.0283203
0 0.571289 0.55127 0.015625 0.0517578
0 0.510742 0.307129 0.015625 0.0419922
0 0.568359 0.73291 0.03125 0.0205078
0 0.498047 0.429688 0.0136719 0.046875
0 0.45752 0.218262 0.0283203 0.0263672
0 0.782715 0.295898 0.0244141 0.0175781
0 0.5 0.540039 0.0136719 0.046875
0 0.599121 0.719238 0.0166016 0.0400391
0 0.583984 0.658203 0.0117188 0.0449219
0 0.766602 0.315918 0.0429688 0.0283203
0 0.499023 0.743164 0.0371094 0.0429688
0 0.54248 0.605469 0.0283203 0.0214844
0 0.648438 0.433105 0.015625 0.0419922
0 0.400879 0.651855 0.0185547 0.0380859
0 0.612305 0.339355 0.0175781 0.0302734
0 0.543945 0.591797 0.0273438 0.015625
0 0.615234 0.806152 0.0117188 0.0361328
0 0.487793 0.180664 0.0302734 0.0273438
0 0.611328 0.55957 0.0136719 0.0449219
0 0.681641 0.748047 0.0175781 0.0371094
0 0.584961 0.589355 0.015625 0.0341797
0 0.464844 0.506836 0.0273438 0.03125
0 0.496582 0.319824 0.0146484 0.0341797
0 0.493164 0.569336 0.03125 0.0175781
0 0.597656 0.602539 0.0136719 0.0351562
0 0.467285 0.554688 0.0146484 0.0488281
0 0.372559 0.291016 0.0185547 0.0429688
0 0.449707 0.369141 0.0244141 0.0371094
0 0.535156 0.519531 0.0214844 0.0371094
0 0.486328 0.498047 0.0273438 0.0214844
0 0.636719 0.553711 0.0332031 0.0195312
0 0.605957 0.316895 0.0341797 0.0205078
0 0.329102 0.632812 0.0332031 0.0214844
0 0.771973 0.462402 0.0126953 0.0439453
0 0.509277 0.484863 0.0185547 0.0380859
0 0.507812 0.347168 0.0214844 0.0322266
0 0.407227 0.296875 0.0195312 0.0351562
0 0.505371 0.412598 0.0185547 0.0380859
0 0.416504 0.638672 0.0146484 0.0371094
0 0.720703 0.574707 0.03125 0.0322266
0 0.521484 0.655273 0.03125 0.015625
0 0.584961 0.389648 0.0195312 0.0292969
0 0.622559 0.474609 0.0322266 0.0175781
0 0.415039 0.703125 0.0292969 0.0195312
0 0.498047 0.225098 0.03125 0.0419922
0 0.601562 0.685059 0.0234375 0.0380859
0 0.513672 0.395508 0.0292969 0.0214844
0 0.326172 0.837402 0.0117188 0.0380859
0 0.618652 0.702148 0.0244141 0.0273438
0 0.479004 0.397461 0.0263672 0.0371094
0 0.428223 0.602051 0.0302734 0.0185547
0 0.562012 0.691895 0.0322266 0.0263672
0 0.51709 0.583496 0.0283203 0.0283203
0 0.537598 0.570312 0.0185547 0.0351562
0 0.563965 0.601074 0.0283203 0.0263672
0 0.687012 0.499023 0.0283203 0.0253906
0 0.729492 0.221191 0.0234375 0.0224609
0 0.398926 0.272461 0.0244141 0.0332031
0 0.561523 0.370117 0.0175781 0.0371094
0 0.293457 0.677246 0.0224609 0.0400391
0 0.481934 0.64502 0.0283203 0.0341797
0 0.650391 0.584473 0.0253906 0.0380859
0 0.679688 0.595703 0.0292969 0.0273438
0 0.681152 0.616699 0.0380859 0.0263672
0 0.625 0.578613 0.0292969 0.0380859
0 0.520508 0.560059 0.0253906 0.0283203
0 0.543945 0.675293 0.0253906 0.0361328
0 0.484375 0.450195 0.0214844 0.0371094
0 0.616699 0.745117 0.0263672 0.03125
0 0.51123 0.60791 0.0224609 0.0224609
0 0.529297 0.358887 0.0214844 0.0322266
0 0.649902 0.633789 0.0205078 0.0449219
0 0.654785 0.71582 0.0146484 0.046875
0 0.553711 0.645996 0.03125 0.0263672
0 0.553223 0.532715 0.0185547 0.0478516
0 0.381836 0.664551 0.0292969 0.0341797
0 0.600098 0.531738 0.0244141 0.0322266
0 0.718262 0.793457 0.0341797 0.0380859
0 0.744141 0.841309 0.0332031 0.0361328
0 0.49707 0.625977 0.0214844 0.0292969
0 0.623047 0.784668 0.0136719 0.0498047
0 0.516113 0.690918 0.0205078 0.0341797
0 0.796387 0.41748 0.0224609 0.0478516
0 0.662109 0.759766 0.015625 0.0449219
0 0.726074 0.523926 0.0283203 0.0322266
0 0.432617 0.671875 0.0234375 0.03125
0 0.623535 0.717773 0.0361328 0.0273438
0 0.601562 0.789062 0.0292969 0.0332031
