0 0.374512 0.436523 0.0517578 0.078125
0 0.703613 0.307129 0.0576172 0.0673828
0 0.618164 0.666992 0.0898438 0.0351562
0 0.52002 0.348145 0.0517578 0.0771484
0 0.352539 0.647461 0.0605469 0.0644531
0 0.27832 0.922852 0.0996094 0.0546875
0 0.629395 0.53418 0.0751953 0.0410156
0 0.48877 0.359375 0.0869141 0.0722656
0 0.769043 0.758301 0.0849609 0.0595703
0 0.824707 0.422852 0.0751953 0.078125
0 0.463867 0.244141 0.0605469 0.078125
0 0.609863 0.780762 0.0927734 0.0439453
0 0.669434 0.620117 0.0712891 0.0625
0 0.300781 0.425293 0.0625 0.0693359
0 0.611328 0.433594 0.0820312 0.0605469
