0 0.509766 0.500488 0.0488281 0.0361328
0 0.737793 0.323242 0.0400391 0.0390625
0 0.0844727 0.560059 0.0400391 0.0400391
0 0.173828 0.478516 0.0507812 0.0351562
0 0.594238 0.621582 0.0576172 0.0205078
0 0.28418 0.297852 0.0507812 0.0253906
0 0.355469 0.376953 0.0429688 0.0390625
0 0.664062 0.726562 0.0332031 0.0390625
0 0.236816 0.664062 0.0537109 0.0253906
0 0.518555 0.616211 0.0507812 0.0214844
0 0.310059 0.424805 0.0361328 0.0449219
0 0.65918 0.424805 0.0566406 0.0234375
0 0.301758 0.544434 0.0390625 0.0341797
0 0.283203 0.599121 0.0605469 0.0263672
0 0.617188 0.726562 0.0605469 0.0214844
0 0.456055 0.44043 0.0429688 0.0410156
0 0.723145 0.473145 0.0517578 0.0263672
0 0.619629 0.661621 0.0556641 0.0283203
0 0.780762 0.692383 0.0576172 0.0390625
