0 0.537109 0.637695 0.0195312 0.0332031
0 0.404785 0.40332 0.0263672 0.0332031
0 0.4375 0.518555 0.0195312 0.0273438
0 0.450684 0.482422 0.0224609 0.0273438
0 0.327637 0.662109 0.0400391 0.0507812
0 0.387207 0.369141 0.0185547 0.0351562
0 0.364746 0.470703 0.0126953 0.0507812
0 0.429688 0.648438 0.0195312 0.03125
0 0.375977 0.520508 0.0175781 0.0410156
0 0.378906 0.498047 0.0234375 0.0429688
0 0.458984 0.700684 0.0195312 0.0537109
0 0.352539 0.57666 0.0175781 0.0498047
0 0.548828 0.505859 0.0136719 0.0390625
0 0.519531 0.524414 0.0273438 0.0449219
0 0.436035 0.533691 0.0224609 0.0439453
0 0.292969 0.447754 0.0332031 0.0244141
0 0.353516 0.488281 0.0234375 0.0351562
0 0.312012 0.427734 0.0302734 0.0195312
0 0.482422 0.612305 0.0273438 0.0214844
0 0.439941 0.602539 0.0263672 0.0234375
0 0.333496 0.450684 0.0224609 0.0361328
