0 0.220703 0.410645 0.0273438 0.0146484
0 0.206543 0.585938 0.0361328 0.015625
0 0.310059 0.32666 0.0224609 0.0205078
0 0.248535 0.744141 0.0419922 0.00976562
0 0.79248 0.364258 0.0341797 0.00976562
0 0.612305 0.458984 0.0371094 0.0117188
0 0.412598 0.325195 0.0263672 0.0175781
0 0.803223 0.331055 0.0400391 0.00976562
0 0.910156 0.354004 0.0332031 0.0146484
0 0.858398 0.357422 0.0332031 0.0117188
0 0.54834 0.364258 0.0205078 0.0195312
0 0.447266 0.331055 0.0234375 0.0214844
0 0.623047 0.301758 0.0234375 0.00976562
0 0.919434 0.507812 0.0380859 0.0117188
0 0.626953 0.314453 0.0234375 0.0117188
0 0.591797 0.664062 0.0273438 0.0117188
0 0.287598 0.281738 0.0361328 0.00878906
0 0.751953 0.535645 0.0234375 0.0166016
0 0.329102 0.571289 0.0175781 0.0175781
0 0.299805 0.748047 0.0253906 0.0117188
0 0.603516 0.339844 0.0117188 0.0175781
0 0.173828 0.754883 0.0390625 0.00976562
0 0.245117 0.427734 0.0371094 0.0117188
0 0.736328 0.497559 0.0390625 0.0126953
0 0.263672 0.318848 0.0273438 0.0126953
0 0.717773 0.511719 0.0371094 0.0078125
0 0.33252 0.744141 0.0380859 0.0117188
0 0.249023 0.626953 0.0332031 0.0136719
0 0.442383 0.756836 0.0292969 0.0292969
0 0.557617 0.349121 0.0332031 0.00878906
0 0.49707 0.426758 0.03125 0.0136719
0 0.248047 0.439941 0.0234375 0.0146484
0 0.244629 0.789062 0.0244141 0.015625
0 0.821777 0.455078 0.0263672 0.015625
0 0.80957 0.481445 0.0390625 0.0136719
0 0.350586 0.603516 0.0292969 0.0117188
0 0.62793 0.647461 0.0292969 0.0175781
0 0.399414 0.332031 0.0332031 0.0117188
0 0.592773 0.503418 0.0332031 0.0166016
0 0.730957 0.558594 0.0283203 0.0117188
0 0.722168 0.335938 0.0302734 0.00976562
0 0.351562 0.779297 0.0371094 0.0117188
0 0.552734 0.400391 0.03125 0.00976562
0 0.283203 0.591797 0.0390625 0.0117188
0 0.387207 0.444336 0.0283203 0.0214844
0 0.243652 0.432129 0.0322266 0.0126953
0 0.328125 0.331543 0.0273438 0.0166016
0 0.424316 0.27832 0.0322266 0.00976562
0 0.427734 0.337891 0.0351562 0.0117188
0 0.132324 0.74707 0.0400391 0.0175781
0 0.518555 0.802734 0.0332031 0.0117188
0 0.28418 0.825195 0.0332031 0.00976562
0 0.401367 0.509766 0.0234375 0.015625
0 0.45459 0.283203 0.0283203 0.015625
0 0.313477 0.351562 0.0292969 0.0078125
0 0.813477 0.53125 0.0253906 0.0175781
0 0.457031 0.269043 0.03125 0.0146484
0 0.475586 0.250488 0.0371094 0.0146484
0 0.798828 0.487305 0.03125 0.0175781
0 0.372559 0.242188 0.0146484 0.0175781
0 0.15332 0.746094 0.0332031 0.015625
0 0.576172 0.313477 0.0195312 0.0175781
0 0.261719 0.624023 0.0195312 0.0175781
0 0.876953 0.441406 0.0273438 0.0117188
0 0.415527 0.620117 0.0400391 0.0136719
0 0.354492 0.765625 0.0332031 0.015625
0 0.924805 0.421875 0.0253906 0.0117188
0 0.601074 0.355469 0.0302734 0.015625
0 0.775391 0.293945 0.03125 0.00976562
0 0.311523 0.242188 0.0175781 0.0195312
0 0.255371 0.741211 0.0400391 0.00976562
0 0.169922 0.333008 0.0390625 0.0117188
0 0.791992 0.476562 0.0195312 0.0175781
0 0.825195 0.330078 0.0175781 0.015625
0 0.224609 0.84668 0.0351562 0.00976562
0 0.301758 0.460938 0.0429688 0.00976562
0 0.644531 0.292969 0.0234375 0.015625
0 0.681641 0.304199 0.0234375 0.0166016
0 0.350098 0.427734 0.0419922 0.00976562
0 0.260254 0.437988 0.0126953 0.0166016
0 0.501953 0.569336 0.0410156 0.0175781
0 0.852539 0.463867 0.0253906 0.00976562
0 0.647461 0.654297 0.0136719 0.0234375
0 0.547852 0.411621 0.0332031 0.0146484
0 0.719727 0.584961 0.0175781 0.0195312
0 0.525391 0.35791 0.0351562 0.0107422
0 0.675293 0.33252 0.0185547 0.0205078
0 0.725586 0.333008 0.0292969 0.00976562
0 0.510742 0.686523 0.0449219 0.0136719
0 0.177734 0.742188 0.0332031 0.0195312
0 0.47998 0.617188 0.0302734 0.0117188
0 0.447754 0.339355 0.0166016 0.0166016
0 0.281738 0.788086 0.0263672 0.0175781
0 0.856445 0.429688 0.0292969 0.0117188
0 0.413086 0.763672 0.0253906 0.0195312
0 0.871094 0.367676 0.0351562 0.0146484
0 0.200195 0.328613 0.0410156 0.00878906
0 0.244141 0.798828 0.0214844 0.015625
0 0.589844 0.325195 0.03125 0.015625
0 0.614258 0.246582 0.0332031 0.0185547
0 0.890625 0.349121 0.0273438 0.0146484
0 0.469238 0.308105 0.0185547 0.0166016
0 0.466309 0.283691 0.0263672 0.0146484
0 0.724609 0.356445 0.0371094 0.0175781
0 0.15625 0.296875 0.0136719 0.0195312
0 0.760742 0.59082 0.0292969 0.00976562
0 0.658691 0.328613 0.0166016 0.0244141
0 0.452637 0.260742 0.0283203 0.0117188
0 0.580078 0.744629 0.0429688 0.0107422
0 0.77832 0.560547 0.0371094 0.00976562
0 0.583984 0.739746 0.0429688 0.0126953
0 0.174805 0.348145 0.0351562 0.0126953
0 0.401855 0.283691 0.0126953 0.0166016
0 0.796875 0.53125 0.0234375 0.015625
0 0.35791 0.229004 0.0166016 0.0185547
0 0.33252 0.235352 0.0341797 0.00976562
0 0.803711 0.323242 0.0410156 0.00976562
0 0.629883 0.253906 0.0371094 0.00976562
0 0.424805 0.524414 0.0136719 0.0253906
0 0.73584 0.501465 0.0380859 0.00878906
0 0.732422 0.303223 0.0292969 0.0166016
0 0.762207 0.367676 0.0419922 0.00878906
0 0.131836 0.405273 0.0332031 0.0136719
0 0.285645 0.37207 0.0361328 0.0117188
0 0.847168 0.361816 0.0322266 0.0126953
0 0.148926 0.338379 0.0419922 0.00878906
0 0.405273 0.521484 0.0214844 0.0234375
0 0.419434 0.505859 0.0146484 0.0234375
0 0.636719 0.646484 0.0195312 0.0234375
0 0.765137 0.624023 0.0380859 0.0136719
0 0.762695 0.505859 0.0371094 0.0117188
0 0.486328 0.289062 0.0195312 0.015625
0 0.338867 0.320801 0.0332031 0.0107422
0 0.737793 0.604492 0.0400391 0.0136719
0 0.262695 0.751953 0.0371094 0.0078125
0 0.697266 0.553711 0.03125 0.0117188
0 0.279297 0.762207 0.0371094 0.0166016
0 0.194336 0.416504 0.0273438 0.0185547
0 0.30127 0.414062 0.0205078 0.0195312
0 0.836914 0.610352 0.0136719 0.0214844
0 0.292969 0.413574 0.0195312 0.0185547
0 0.41748 0.75293 0.0166016 0.0292969
0 0.87207 0.356934 0.0292969 0.0126953
0 0.668457 0.287109 0.0302734 0.015625
0 0.842773 0.453613 0.0253906 0.0146484
0 0.321777 0.366699 0.0166016 0.0166016
0 0.822266 0.300293 0.0390625 0.0107422
0 0.422363 0.249023 0.0166016 0.0175781
0 0.893555 0.395996 0.0292969 0.0185547
0 0.812012 0.352051 0.0341797 0.0146484
0 0.678711 0.268555 0.0175781 0.0195312
0 0.0966797 0.497559 0.0410156 0.0126953
0 0.345703 0.372559 0.0429688 0.0205078
0 0.761719 0.582031 0.03125 0.00976562
0 0.769531 0.633789 0.03125 0.0136719
0 0.723145 0.526367 0.0166016 0.0214844
0 0.364746 0.56543 0.0400391 0.00976562
0 0.847656 0.640625 0.0273438 0.0195312
0 0.240723 0.408203 0.0283203 0.015625
0 0.401367 0.75293 0.0175781 0.0253906
0 0.090332 0.503906 0.0458984 0.0117188
0 0.168945 0.466309 0.03125 0.00878906
0 0.669434 0.644043 0.0263672 0.0185547
0 0.206543 0.76416 0.0185547 0.0263672
0 0.24707 0.759766 0.0332031 0.0117188
0 0.229492 0.733398 0.0332031 0.0136719
0 0.637207 0.350098 0.0400391 0.0107422
0 0.32373 0.756836 0.0166016 0.0195312
0 0.34668 0.785156 0.0390625 0.0175781
0 0.741211 0.546875 0.0214844 0.0195312
0 0.919922 0.405762 0.0234375 0.0146484
0 0.561523 0.484863 0.0175781 0.0224609
0 0.629395 0.628906 0.0380859 0.0117188
0 0.732422 0.318359 0.015625 0.0195312
0 0.818359 0.374023 0.046875 0.00976562
0 0.625977 0.260742 0.0332031 0.0136719
0 0.310547 0.757324 0.015625 0.0205078
0 0.380371 0.242188 0.0185547 0.0195312
0 0.617188 0.693359 0.0351562 0.0078125
0 0.528809 0.392578 0.0205078 0.0214844
0 0.235352 0.449219 0.0292969 0.0195312
0 0.174316 0.355957 0.0361328 0.0146484
0 0.806641 0.641602 0.0351562 0.00976562
0 0.838867 0.349121 0.0351562 0.0107422
0 0.568359 0.296875 0.0273438 0.015625
0 0.0585938 0.586914 0.0351562 0.00976562
0 0.0405273 0.639648 0.0224609 0.0175781
0 0.852539 0.42627 0.0292969 0.0107422
0 0.510254 0.723633 0.0224609 0.0253906
0 0.478027 0.272949 0.0263672 0.0166016
0 0.821289 0.599609 0.0214844 0.0234375
0 0.280273 0.306152 0.0214844 0.0185547
0 0.525391 0.251953 0.0351562 0.0117188
0 0.205566 0.733398 0.0302734 0.0136719
0 0.344727 0.227539 0.0253906 0.0195312
0 0.435547 0.601562 0.0234375 0.0273438
0 0.261719 0.409668 0.0351562 0.0166016
0 0.155273 0.3125 0.0390625 0.00976562
0 0.263672 0.305664 0.015625 0.0214844
0 0.870117 0.638672 0.0292969 0.0195312
0 0.507812 0.344238 0.03125 0.0126953
0 0.317871 0.733398 0.0439453 0.0117188
0 0.59082 0.248047 0.0175781 0.0214844
0 0.646484 0.554688 0.0351562 0.015625
0 0.133789 0.461426 0.0253906 0.0185547
0 0.624023 0.287109 0.0214844 0.0195312
0 0.131348 0.323242 0.0419922 0.00976562
0 0.757812 0.520508 0.0117188 0.0214844
0 0.47998 0.300781 0.0322266 0.0117188
0 0.725098 0.572266 0.0166016 0.0195312
0 0.256348 0.497559 0.0185547 0.0185547
0 0.589844 0.23291 0.03125 0.00878906
0 0.745605 0.321289 0.0185547 0.0214844
0 0.14502 0.414062 0.0380859 0.0117188
0 0.75 0.264648 0.015625 0.0175781
0 0.903809 0.412598 0.0361328 0.0126953
0 0.813477 0.287598 0.0253906 0.0166016
0 0.900391 0.432129 0.0371094 0.00878906
0 0.854492 0.65332 0.0234375 0.0195312
0 0.662598 0.269043 0.0126953 0.0205078
0 0.349609 0.759277 0.0292969 0.0205078
0 0.28418 0.771484 0.0351562 0.0195312
0 0.441895 0.383789 0.0341797 0.0175781
0 0.553223 0.321777 0.0283203 0.0166016
0 0.212891 0.418457 0.0273438 0.0205078
0 0.38623 0.26416 0.0322266 0.0146484
0 0.345703 0.546875 0.03125 0.015625
0 0.90918 0.389648 0.0292969 0.0195312
0 0.643555 0.300293 0.0214844 0.0166016
0 0.29541 0.329102 0.0283203 0.0214844
0 0.269043 0.79248 0.0244141 0.0146484
0 0.740234 0.525879 0.0234375 0.0224609
0 0.753418 0.291016 0.0205078 0.0234375
0 0.349121 0.245117 0.0322266 0.00976562
0 0.334473 0.345703 0.0361328 0.015625
0 0.446289 0.325684 0.0292969 0.0126953
0 0.731445 0.490234 0.0371094 0.0117188
0 0.527344 0.341797 0.03125 0.015625
0 0.723633 0.550781 0.0332031 0.0117188
0 0.602539 0.473633 0.0371094 0.00976562
0 0.913086 0.445801 0.0175781 0.0185547
0 0.608398 0.748047 0.0214844 0.0175781
0 0.158691 0.503906 0.0361328 0.0117188
0 0.259277 0.274414 0.0302734 0.0175781
0 0.730469 0.59082 0.0234375 0.0195312
0 0.189453 0.42627 0.0253906 0.0205078
0 0.681641 0.638672 0.0234375 0.0253906
0 0.0439453 0.604492 0.0429688 0.0136719
0 0.77832 0.571289 0.0410156 0.00976562
0 0.199219 0.317871 0.0390625 0.0107422
0 0.642578 0.274414 0.0351562 0.0136719
0 0.131836 0.354004 0.0214844 0.0166016
0 0.117676 0.608398 0.0224609 0.0175781
0 0.275391 0.442871 0.03125 0.0185547
0 0.147949 0.425781 0.0341797 0.0117188
0 0.318359 0.211914 0.0332031 0.0175781
0 0.418945 0.625488 0.0371094 0.0146484
0 0.432129 0.288086 0.0244141 0.0175781
0 0.386719 0.757812 0.015625 0.0234375
0 0.223633 0.309082 0.0390625 0.00878906
0 0.34668 0.459961 0.0214844 0.0214844
0 0.209473 0.788086 0.0419922 0.00976562
0 0.269043 0.26709 0.0185547 0.0205078
0 0.864258 0.414062 0.0371094 0.00976562
0 0.489258 0.32666 0.0351562 0.0107422
0 0.583008 0.636719 0.0449219 0.015625
0 0.317871 0.576172 0.0166016 0.0214844
0 0.25293 0.339355 0.0214844 0.0205078
0 0.931641 0.557617 0.03125 0.0136719
0 0.637695 0.326172 0.0253906 0.0195312
0 0.242676 0.774414 0.0185547 0.0214844
0 0.446289 0.765137 0.0292969 0.0185547
0 0.803711 0.27832 0.0136719 0.0195312
0 0.91748 0.502441 0.0400391 0.0107422
0 0.513184 0.390137 0.0224609 0.0185547
0 0.151367 0.371094 0.0332031 0.0117188
0 0.181641 0.618164 0.0429688 0.0175781
0 0.775879 0.27002 0.0361328 0.00878906
0 0.900391 0.371582 0.03125 0.0146484
0 0.17041 0.76416 0.0400391 0.0107422
0 0.542969 0.24707 0.0332031 0.0117188
0 0.916016 0.557617 0.03125 0.0136719
0 0.917969 0.544434 0.0371094 0.0146484
0 0.825195 0.681641 0.0371094 0.0117188
0 0.744141 0.572754 0.0234375 0.0205078
0 0.548828 0.741699 0.0195312 0.0224609
0 0.818359 0.42334 0.0195312 0.0224609
0 0.423828 0.544922 0.0273438 0.0253906
0 0.87207 0.397461 0.0351562 0.0136719
0 0.922852 0.366211 0.0371094 0.00976562
0 0.626465 0.229492 0.0302734 0.015625
0 0.638672 0.539062 0.0234375 0.0195312
0 0.826172 0.613281 0.015625 0.0234375
0 0.26709 0.459961 0.0361328 0.0175781
0 0.206543 0.59082 0.0400391 0.00976562
0 0.740723 0.478516 0.0341797 0.0117188
0 0.833984 0.434082 0.0136719 0.0224609
0 0.142578 0.519531 0.0195312 0.015625
0 0.300781 0.243652 0.015625 0.0205078
0 0.338867 0.577148 0.0175781 0.0214844
0 0.141602 0.775879 0.0253906 0.0205078
0 0.496582 0.415039 0.0302734 0.015625
0 0.691406 0.264648 0.015625 0.0214844
0 0.600586 0.712891 0.0253906 0.0175781
0 0.118164 0.514648 0.0292969 0.0175781
0 0.283691 0.737305 0.0244141 0.0253906
0 0.0776367 0.595703 0.0224609 0.0234375
0 0.375488 0.223633 0.0400391 0.0136719
0 0.786133 0.537109 0.0214844 0.0195312
0 0.849609 0.621094 0.0195312 0.0273438
0 0.928711 0.444824 0.0195312 0.0205078
0 0.240234 0.473145 0.0351562 0.0185547
0 0.313965 0.378418 0.0341797 0.0185547
0 0.289062 0.474609 0.0449219 0.0136719
0 0.416992 0.265625 0.0332031 0.0136719
0 0.712891 0.314941 0.0332031 0.0185547
0 0.771484 0.257812 0.0332031 0.0117188
0 0.239746 0.318848 0.0185547 0.0166016
0 0.693359 0.288086 0.0253906 0.0214844
0 0.322266 0.443848 0.03125 0.0185547
0 0.109375 0.410156 0.03125 0.0195312
0 0.453613 0.306152 0.0263672 0.0166016
0 0.387207 0.250977 0.0283203 0.0175781
0 0.364746 0.334473 0.0341797 0.0126953
0 0.668457 0.697266 0.0283203 0.0214844
0 0.220703 0.461914 0.0390625 0.0117188
0 0.504883 0.291992 0.0351562 0.015625
0 0.368164 0.272461 0.0253906 0.0175781
0 0.0869141 0.745117 0.0449219 0.0136719
0 0.438965 0.749023 0.0302734 0.0195312
0 0.807617 0.666016 0.0175781 0.0175781
0 0.86084 0.444824 0.0244141 0.0185547
0 0.40625 0.223145 0.0214844 0.0224609
0 0.822266 0.652832 0.0351562 0.0107422
0 0.362305 0.521484 0.0332031 0.0195312
0 0.692383 0.337402 0.0332031 0.0166016
0 0.278809 0.33252 0.0185547 0.0205078
0 0.931641 0.37793 0.0351562 0.00976562
0 0.450195 0.511719 0.0332031 0.0195312
0 0.186523 0.575684 0.0332031 0.0205078
0 0.776367 0.644043 0.0371094 0.00878906
0 0.912109 0.530273 0.0410156 0.0136719
0 0.946289 0.506836 0.0332031 0.0175781
0 0.375488 0.310547 0.0302734 0.0136719
0 0.370605 0.416016 0.0439453 0.0117188
0 0.251465 0.388672 0.0244141 0.0175781
0 0.728516 0.289062 0.0273438 0.015625
0 0.223145 0.762695 0.0166016 0.0214844
0 0.591797 0.649414 0.0351562 0.0136719
0 0.0761719 0.762695 0.0175781 0.0253906
0 0.415527 0.665039 0.0263672 0.0253906
0 0.319336 0.251953 0.0253906 0.0175781
0 0.111816 0.65625 0.0419922 0.0195312
0 0.134277 0.500488 0.0166016 0.0205078
0 0.738281 0.685059 0.03125 0.0205078
0 0.393555 0.272461 0.0175781 0.0195312
0 0.0991211 0.762695 0.0361328 0.0214844
0 0.19043 0.360352 0.0214844 0.0175781
0 0.731445 0.651367 0.0195312 0.0253906
0 0.607422 0.284668 0.0195312 0.0224609
0 0.463867 0.761719 0.0292969 0.0195312
0 0.0454102 0.612305 0.0439453 0.0175781
0 0.179199 0.275879 0.0185547 0.0166016
0 0.286133 0.607422 0.0292969 0.015625
0 0.791016 0.503418 0.0273438 0.0205078
0 0.318848 0.514648 0.0419922 0.0175781
0 0.548828 0.770996 0.0371094 0.0107422
0 0.162109 0.59668 0.0371094 0.0175781
0 0.518555 0.748047 0.0175781 0.0234375
0 0.10791 0.579102 0.0419922 0.0136719
0 0.283691 0.634277 0.0380859 0.0126953
0 0.763672 0.535645 0.0234375 0.0205078
0 0.286133 0.496582 0.0195312 0.0224609
0 0.387695 0.740234 0.0332031 0.0175781
0 0.532227 0.607422 0.0332031 0.015625
0 0.17041 0.423828 0.0283203 0.0195312
0 0.513672 0.369141 0.03125 0.015625
0 0.875977 0.61084 0.0351562 0.0126953
0 0.555664 0.730469 0.0253906 0.0234375
0 0.8125 0.626465 0.0195312 0.0205078
0 0.0859375 0.517578 0.0234375 0.0175781
0 0.908203 0.34668 0.0351562 0.0136719
0 0.334473 0.257324 0.0283203 0.0126953
0 0.813477 0.442383 0.0253906 0.015625
0 0.381348 0.620117 0.0283203 0.0214844
0 0.802734 0.512695 0.03125 0.0195312
0 0.44043 0.270508 0.0253906 0.0175781
0 0.50293 0.60498 0.0214844 0.0224609
0 0.791992 0.443359 0.0292969 0.015625
0 0.480469 0.758789 0.0273438 0.0214844
0 0.888184 0.600098 0.0361328 0.0166016
0 0.137695 0.437988 0.0429688 0.0107422
0 0.239746 0.344727 0.0224609 0.0195312
0 0.660156 0.654297 0.0195312 0.0234375
0 0.791016 0.285156 0.0234375 0.0195312
0 0.249023 0.252441 0.0253906 0.0205078
0 0.738281 0.663574 0.0332031 0.0185547
0 0.0961914 0.623535 0.0380859 0.0205078
0 0.856934 0.384766 0.0341797 0.0136719
0 0.191406 0.287109 0.0292969 0.015625
0 0.605469 0.226562 0.0195312 0.015625
0 0.361328 0.629883 0.0234375 0.0214844
0 0.309082 0.639648 0.0302734 0.0214844
0 0.074707 0.725098 0.0380859 0.0146484
0 0.659668 0.685547 0.0224609 0.0195312
0 0.764648 0.447266 0.0371094 0.015625
0 0.348633 0.310059 0.0273438 0.0185547
0 0.302246 0.789062 0.0302734 0.0195312
0 0.750488 0.646484 0.0263672 0.0214844
0 0.769531 0.54834 0.03125 0.0146484
0 0.229004 0.373535 0.0244141 0.0205078
0 0.081543 0.57666 0.0361328 0.0166016
0 0.177734 0.302734 0.0390625 0.0117188
0 0.167969 0.609863 0.0292969 0.0185547
0 0.771973 0.308105 0.0263672 0.0185547
0 0.188965 0.512695 0.0400391 0.0136719
0 0.228027 0.264648 0.0205078 0.0175781
0 0.0600586 0.624023 0.0419922 0.00976562
0 0.869141 0.560547 0.03125 0.0195312
0 0.175781 0.787109 0.03125 0.0195312
0 0.27002 0.357422 0.0302734 0.015625
0 0.910156 0.481445 0.0351562 0.015625
0 0.818359 0.5625 0.0390625 0.0117188
0 0.793945 0.65625 0.0253906 0.0195312
