0 0.533203 0.563477 0.0332031 0.0507812
0 0.54248 0.51123 0.0537109 0.0458984
0 0.812012 0.450684 0.0380859 0.0517578
0 0.802246 0.513672 0.0439453 0.0351562
0 0.681152 0.947266 0.0732422 0.0371094
0 0.375977 0.435547 0.0410156 0.0488281
0 0.362305 0.493164 0.03125 0.0488281
0 0.289551 0.445801 0.0439453 0.0419922
0 0.598633 0.383301 0.0566406 0.0263672
0 0.381836 0.524902 0.0761719 0.0302734
0 0.791504 0.603027 0.0478516 0.0439453
0 0.275879 0.492188 0.0380859 0.0507812
0 0.311035 0.681152 0.0673828 0.0302734
0 0.381348 0.658203 0.0400391 0.0488281
0 0.254395 0.520996 0.0478516 0.0341797
0 0.702637 0.484863 0.0517578 0.0322266
0 0.59668 0.35498 0.0390625 0.0458984
0 0.834961 0.535156 0.0390625 0.0371094
0 0.410645 0.82959 0.0458984 0.0517578
0 0.722168 0.51416 0.0400391 0.0458984
0 0.321777 0.459961 0.0419922 0.0429688
0 0.172852 0.577637 0.0703125 0.0458984
0 0.555176 0.462402 0.0478516 0.0576172
0 0.263672 0.668457 0.046875 0.0498047
0 0.717285 0.544434 0.0576172 0.0322266
0 0.567383 0.393555 0.0566406 0.0390625
0 0.764648 0.588867 0.0507812 0.0390625
0 0.805664 0.560059 0.0546875 0.0322266
0 0.348633 0.691895 0.0527344 0.0498047
