0 0.533691 0.631836 0.0673828 0.0214844
0 0.202637 0.290527 0.0419922 0.0244141
0 0.399902 0.461914 0.0283203 0.0273438
0 0.390625 0.338867 0.046875 0.0195312
0 0.555176 0.631348 0.0576172 0.0166016
0 0.393555 0.351074 0.0410156 0.0283203
0 0.430664 0.488281 0.0390625 0.0136719
0 0.547363 0.618164 0.0595703 0.0195312
0 0.424316 0.38916 0.0166016 0.0380859
0 0.697266 0.696289 0.0332031 0.0390625
0 0.492188 0.834961 0.03125 0.0390625
0 0.458496 0.327637 0.0458984 0.0185547
0 0.680176 0.658691 0.0205078 0.0419922
0 0.666016 0.66748 0.0195312 0.0380859
0 0.418945 0.335938 0.0410156 0.0214844
0 0.620605 0.752441 0.0458984 0.0224609
0 0.38916 0.47168 0.0419922 0.0253906
0 0.210449 0.29834 0.0419922 0.0205078
0 0.704102 0.566406 0.015625 0.0390625
0 0.648926 0.676758 0.0244141 0.0351562
0 0.577637 0.609863 0.0400391 0.0166016
0 0.655273 0.321777 0.0585938 0.0224609
0 0.187988 0.29834 0.0283203 0.0205078
0 0.23291 0.280273 0.0478516 0.0214844
0 0.203125 0.313477 0.0546875 0.0175781
0 0.519043 0.588867 0.0537109 0.0195312
0 0.528809 0.828125 0.0400391 0.0351562
0 0.736328 0.573242 0.0449219 0.0273438
0 0.513672 0.824707 0.0390625 0.0400391
0 0.537598 0.599609 0.0419922 0.0332031
0 0.661621 0.649414 0.0400391 0.0175781
0 0.494141 0.854004 0.0214844 0.0322266
0 0.425293 0.324219 0.0361328 0.0214844
0 0.438965 0.415527 0.0419922 0.0322266
0 0.355469 0.506836 0.03125 0.0292969
0 0.622559 0.714844 0.0498047 0.0175781
0 0.706543 0.527832 0.0478516 0.0224609
0 0.250488 0.294922 0.0498047 0.0175781
0 0.379395 0.357422 0.0439453 0.0332031
0 0.700195 0.489746 0.0234375 0.0341797
0 0.367188 0.468262 0.03125 0.0283203
0 0.691895 0.520508 0.0341797 0.0332031
0 0.586914 0.74707 0.0429688 0.0195312
0 0.723145 0.500977 0.0419922 0.0253906
0 0.716797 0.591309 0.0214844 0.0400391
0 0.685547 0.611328 0.0136719 0.0449219
0 0.541504 0.475586 0.0537109 0.0273438
0 0.451172 0.397461 0.0527344 0.0175781
0 0.646973 0.741211 0.0478516 0.0273438
0 0.544434 0.767578 0.0302734 0.046875
0 0.376953 0.719238 0.0410156 0.0185547
0 0.438477 0.440918 0.0546875 0.0166016
0 0.430176 0.359863 0.0205078 0.0361328
0 0.695312 0.417969 0.0527344 0.0234375
0 0.535645 0.653809 0.0576172 0.0205078
0 0.303711 0.34375 0.0234375 0.0429688
0 0.491699 0.572754 0.0537109 0.0166016
0 0.199707 0.269531 0.0595703 0.0214844
0 0.260254 0.315918 0.0205078 0.0322266
0 0.384277 0.441895 0.0478516 0.0166016
0 0.45459 0.317383 0.0458984 0.0214844
0 0.699707 0.597656 0.0205078 0.0390625
0 0.52002 0.76709 0.0380859 0.0458984
0 0.37207 0.598633 0.0371094 0.0429688
0 0.411133 0.802246 0.0585938 0.0185547
0 0.609375 0.727539 0.0273438 0.0390625
0 0.523438 0.563965 0.0292969 0.0361328
0 0.726562 0.615234 0.0488281 0.0195312
0 0.727051 0.661133 0.0341797 0.0390625
0 0.529297 0.493652 0.0488281 0.0283203
0 0.351562 0.481934 0.0488281 0.0185547
0 0.416992 0.820801 0.0488281 0.0224609
0 0.57373 0.29248 0.0498047 0.0205078
0 0.496582 0.547363 0.0205078 0.0341797
0 0.408203 0.270508 0.0390625 0.0195312
0 0.707031 0.461426 0.0292969 0.0400391
0 0.408691 0.384277 0.0361328 0.0302734
0 0.70752 0.660645 0.0341797 0.0439453
0 0.551758 0.585938 0.0292969 0.0351562
0 0.474121 0.359863 0.0478516 0.0224609
0 0.523438 0.671387 0.0390625 0.0263672
0 0.481934 0.422363 0.0478516 0.0244141
0 0.652344 0.346191 0.0253906 0.0361328
0 0.582031 0.791016 0.0488281 0.0195312
0 0.682129 0.336914 0.0263672 0.0332031
0 0.678711 0.720703 0.0351562 0.0351562
0 0.573242 0.432617 0.0390625 0.0253906
0 0.746094 0.591309 0.046875 0.0205078
0 0.37207 0.630859 0.0488281 0.0332031
0 0.351074 0.633789 0.0400391 0.0371094
0 0.640137 0.775391 0.0361328 0.0390625
0 0.15918 0.331055 0.0234375 0.0292969
0 0.4375 0.694824 0.0234375 0.0341797
0 0.311523 0.276367 0.0488281 0.0195312
0 0.545898 0.793945 0.0332031 0.0390625
0 0.380859 0.740234 0.0449219 0.0390625
0 0.673828 0.693359 0.0488281 0.0332031
0 0.708984 0.630859 0.0371094 0.0253906
0 0.638672 0.696289 0.0371094 0.0273438
0 0.242188 0.31543 0.0292969 0.0351562
0 0.335449 0.495605 0.0419922 0.0263672
0 0.535645 0.844238 0.0517578 0.0244141
0 0.907715 0.557617 0.0419922 0.0488281
0 0.671387 0.619629 0.0224609 0.0400391
0 0.424316 0.469727 0.0322266 0.03125
0 0.437012 0.867188 0.0419922 0.0527344
0 0.351562 0.560059 0.0214844 0.0419922
0 0.629395 0.652344 0.0263672 0.0410156
0 0.756348 0.566895 0.0302734 0.0380859
0 0.57959 0.765625 0.0498047 0.0273438
0 0.442871 0.825684 0.0439453 0.0419922
0 0.489746 0.795898 0.0517578 0.0195312
0 0.328613 0.348633 0.0283203 0.0390625
0 0.413086 0.687012 0.0332031 0.0341797
0 0.582031 0.665527 0.046875 0.0283203
0 0.302734 0.525879 0.0429688 0.0283203
0 0.560547 0.818359 0.0390625 0.0332031
0 0.408691 0.713867 0.0322266 0.0429688
0 0.480957 0.526855 0.0263672 0.0380859
0 0.427734 0.661621 0.0234375 0.0361328
0 0.367676 0.376953 0.0361328 0.0234375
0 0.324707 0.824219 0.0556641 0.0175781
0 0.419922 0.525391 0.0488281 0.0253906
0 0.774414 0.554688 0.0234375 0.0449219
0 0.496582 0.756348 0.0322266 0.0380859
0 0.554688 0.245117 0.046875 0.0371094
0 0.213379 0.342773 0.0341797 0.03125
0 0.788574 0.621582 0.0361328 0.0361328
0 0.320801 0.745117 0.0478516 0.0273438
0 0.759766 0.660645 0.0371094 0.0400391
0 0.481934 0.726562 0.0419922 0.0292969
