0 0.489258 0.794922 0.0332031 0.0332031
0 0.513184 0.669434 0.0185547 0.0615234
0 0.54834 0.616699 0.0283203 0.0400391
0 0.400879 0.370117 0.0283203 0.0371094
0 0.435547 0.525879 0.0332031 0.0361328
0 0.370117 0.647949 0.0273438 0.0498047
0 0.266113 0.575684 0.0283203 0.0439453
0 0.454102 0.286133 0.0234375 0.0488281
0 0.480469 0.362305 0.0273438 0.0332031
0 0.504395 0.845215 0.0341797 0.0361328
0 0.495605 0.805664 0.0322266 0.0351562
0 0.399902 0.713379 0.0263672 0.0615234
0 0.362305 0.378906 0.0332031 0.0410156
0 0.383789 0.654297 0.0253906 0.046875
0 0.462891 0.600098 0.0214844 0.0517578
0 0.449219 0.505371 0.0253906 0.0400391
0 0.443848 0.318359 0.0283203 0.0371094
0 0.477051 0.578125 0.0263672 0.0429688
0 0.439453 0.282227 0.0175781 0.0566406
0 0.437988 0.496094 0.0283203 0.0332031
0 0.401855 0.38916 0.0263672 0.0361328
0 0.517578 0.826172 0.0371094 0.0351562
0 0.499023 0.652832 0.0253906 0.0556641
0 0.433594 0.464355 0.03125 0.0302734
0 0.433105 0.574707 0.0263672 0.0537109
0 0.508789 0.444336 0.0292969 0.0351562
0 0.337402 0.407227 0.0341797 0.0273438
0 0.449219 0.726562 0.0195312 0.0566406
0 0.509766 0.624023 0.0292969 0.0410156
0 0.548828 0.856445 0.0292969 0.0507812
0 0.561523 0.478027 0.0214844 0.0693359
0 0.459961 0.526367 0.0214844 0.0507812
0 0.487305 0.518555 0.0234375 0.0527344
0 0.564453 0.546875 0.0234375 0.0371094
0 0.463379 0.764648 0.0263672 0.0546875
0 0.550781 0.407715 0.0234375 0.0576172
0 0.433105 0.486328 0.0263672 0.0390625
0 0.444336 0.647949 0.0351562 0.0498047
0 0.570312 0.608887 0.0253906 0.0478516
0 0.42627 0.905762 0.0185547 0.0517578
0 0.394531 0.544922 0.0214844 0.0605469
0 0.505371 0.562012 0.0244141 0.0556641
0 0.382812 0.358887 0.0253906 0.0439453
0 0.488281 0.32373 0.0273438 0.0634766
0 0.558594 0.757324 0.0234375 0.0556641
0 0.416992 0.371094 0.0253906 0.0410156
0 0.383301 0.328613 0.0283203 0.0537109
0 0.482422 0.474121 0.0273438 0.0498047
0 0.539062 0.549316 0.0273438 0.0595703
0 0.481445 0.631348 0.03125 0.0400391
0 0.414551 0.32666 0.0244141 0.0556641
0 0.402344 0.646973 0.0351562 0.0361328
0 0.461426 0.380859 0.0205078 0.0605469
0 0.54834 0.575195 0.0322266 0.0332031
0 0.476074 0.387695 0.0283203 0.0351562
0 0.415039 0.506348 0.03125 0.0419922
0 0.588867 0.561523 0.0195312 0.0566406
0 0.412109 0.711914 0.0253906 0.046875
0 0.529297 0.639648 0.0195312 0.0625
0 0.469727 0.319824 0.0195312 0.0654297
0 0.361816 0.708984 0.0283203 0.0664062
0 0.455566 0.254395 0.0341797 0.0322266
0 0.288086 0.564453 0.0253906 0.0429688
0 0.536133 0.752441 0.0273438 0.0322266
0 0.460449 0.811523 0.0205078 0.0546875
0 0.503906 0.473633 0.0253906 0.0507812
0 0.54834 0.589844 0.0302734 0.0371094
0 0.283691 0.589844 0.0341797 0.0410156
0 0.4375 0.910156 0.0234375 0.0566406
0 0.358398 0.407227 0.0390625 0.0332031
0 0.275391 0.532715 0.0234375 0.0517578
0 0.431152 0.755371 0.0205078 0.0537109
0 0.414062 0.538086 0.0195312 0.0546875
0 0.430176 0.351562 0.0283203 0.0371094
0 0.577637 0.537109 0.0205078 0.0625
0 0.435547 0.440918 0.0214844 0.0478516
0 0.439453 0.391113 0.0273438 0.0537109
0 0.525391 0.418945 0.0214844 0.0605469
0 0.361816 0.501953 0.0341797 0.0449219
0 0.433105 0.720703 0.0302734 0.0429688
0 0.597656 0.524414 0.0371094 0.0410156
0 0.464844 0.730957 0.0234375 0.0576172
0 0.38623 0.769531 0.0244141 0.0546875
0 0.402344 0.605957 0.03125 0.0322266
0 0.336914 0.521973 0.0195312 0.0615234
0 0.579102 0.845215 0.0273438 0.0634766
0 0.344727 0.474609 0.0214844 0.0566406
0 0.600586 0.581543 0.0234375 0.0478516
0 0.579102 0.799316 0.03125 0.0361328
0 0.381836 0.467773 0.03125 0.0332031
0 0.337402 0.633789 0.0263672 0.0449219
0 0.429199 0.254395 0.0224609 0.0634766
0 0.380859 0.68457 0.0332031 0.0351562
0 0.379395 0.431641 0.0244141 0.0585938
0 0.569824 0.374023 0.0263672 0.0625
0 0.335449 0.321777 0.0302734 0.0439453
0 0.405762 0.754883 0.0185547 0.0585938
0 0.538086 0.441895 0.0273438 0.0458984
0 0.481445 0.207031 0.0292969 0.0644531
0 0.350586 0.544922 0.0234375 0.0644531
0 0.553711 0.64209 0.0332031 0.0380859
0 0.601074 0.302734 0.0341797 0.0410156
0 0.52832 0.50293 0.0332031 0.0390625
0 0.358887 0.624023 0.0244141 0.0410156
0 0.361816 0.76709 0.0302734 0.0458984
0 0.464355 0.836914 0.0263672 0.0546875
0 0.296875 0.499023 0.03125 0.0429688
0 0.321777 0.651855 0.0224609 0.0419922
0 0.535156 0.47168 0.0351562 0.0332031
0 0.314941 0.252441 0.0302734 0.0439453
0 0.369629 0.825195 0.0322266 0.0390625
0 0.238281 0.504883 0.03125 0.046875
0 0.618652 0.774414 0.0244141 0.0664062
0 0.371094 0.556152 0.0234375 0.0595703
0 0.601074 0.714355 0.0283203 0.0556641
0 0.492676 0.764648 0.0263672 0.046875
0 0.442871 0.809082 0.0224609 0.0615234
0 0.399414 0.456543 0.03125 0.0400391
0 0.306152 0.328613 0.0322266 0.0400391
0 0.506348 0.282227 0.0283203 0.0566406
0 0.642578 0.704102 0.0292969 0.0546875
0 0.382812 0.150879 0.0292969 0.0634766
0 0.537109 0.70166 0.0351562 0.0478516
0 0.308594 0.54541 0.0292969 0.0537109
