0 0.639648 0.778809 0.0488281 0.0869141
0 0.341797 0.508789 0.0390625 0.0703125
0 0.685059 0.643555 0.0302734 0.101562
0 0.694336 0.560547 0.046875 0.0878906
0 0.45166 0.605957 0.0849609 0.0458984
0 0.410156 0.679688 0.0722656 0.0917969
0 0.378418 0.684082 0.0537109 0.0966797
0 0.394043 0.498047 0.0849609 0.0625
0 0.595703 0.25 0.0917969 0.0546875
0 0.30127 0.716797 0.0498047 0.115234
0 0.398438 0.54248 0.0898438 0.0615234
0 0.677734 0.523438 0.0371094 0.103516
0 0.390625 0.58252 0.0800781 0.0576172
0 0.712402 0.787109 0.0419922 0.0898438
0 0.683105 0.825684 0.0615234 0.0654297
0 0.662598 0.670898 0.0400391 0.113281
0 0.331055 0.646484 0.0371094 0.123047
0 0.306641 0.76709 0.0722656 0.0751953
0 0.475098 0.518066 0.0517578 0.0986328
0 0.608398 0.823242 0.046875 0.113281
0 0.649902 0.537598 0.0380859 0.0986328
0 0.602539 0.343262 0.0878906 0.0615234
0 0.3125 0.526855 0.0449219 0.0927734
0 0.491699 0.844727 0.0830078 0.0546875
0 0.74707 0.839844 0.046875 0.0976562
0 0.728027 0.907715 0.0673828 0.0986328
0 0.38623 0.62207 0.0869141 0.0566406
0 0.662109 0.851562 0.0683594 0.0800781
0 0.789062 0.128906 0.0449219 0.109375
0 0.525879 0.898438 0.0556641 0.0996094
0 0.533691 0.734375 0.0927734 0.0800781
0 0.714844 0.608398 0.0410156 0.0957031
0 0.518555 0.820312 0.0800781 0.0742188
0 0.617188 0.736328 0.046875 0.0996094
0 0.347168 0.743164 0.0712891 0.0820312
0 0.578125 0.783203 0.0390625 0.103516
0 0.276367 0.592285 0.0527344 0.114258
0 0.617188 0.300293 0.0839844 0.0791016
0 0.562012 0.391602 0.0615234 0.0839844
0 0.720215 0.457031 0.0810547 0.0625
0 0.610352 0.405273 0.0800781 0.078125
0 0.744629 0.509766 0.0654297 0.0878906
0 0.460938 0.929688 0.0527344 0.0996094
0 0.653809 0.364258 0.0830078 0.0566406
0 0.514648 0.368652 0.078125 0.112305
0 0.671875 0.436523 0.0664062 0.0976562
0 0.491699 0.460449 0.0595703 0.124023
0 0.539062 0.284668 0.0664062 0.129883
