0 0.626953 0.619141 0.0332031 0.0195312
0 0.501465 0.335449 0.0185547 0.0595703
0 0.469238 0.318359 0.0185547 0.0566406
0 0.486328 0.379883 0.015625 0.0507812
0 0.541016 0.303711 0.0234375 0.0332031
0 0.457031 0.314453 0.0195312 0.0566406
0 0.519043 0.251465 0.0185547 0.0458984
0 0.306152 0.519531 0.0439453 0.0859375
0 0.615234 0.50293 0.0292969 0.0683594
0 0.681152 0.545898 0.0439453 0.0273438
0 0.59082 0.304199 0.0332031 0.0419922
0 0.623535 0.282715 0.0205078 0.0458984
0 0.658691 0.511719 0.0322266 0.0351562
0 0.620605 0.305664 0.0322266 0.0390625
0 0.62207 0.326172 0.0351562 0.0332031
0 0.312012 0.396484 0.0361328 0.0449219
0 0.693359 0.395508 0.03125 0.0390625
0 0.607422 0.431641 0.0175781 0.0507812
0 0.650879 0.229492 0.0400391 0.0214844
0 0.572266 0.271484 0.0234375 0.0527344
0 0.544922 0.34668 0.0234375 0.0546875
0 0.595215 0.45166 0.0166016 0.0537109
0 0.500488 0.528809 0.0283203 0.0380859
0 0.560059 0.400391 0.0302734 0.0371094
0 0.683594 0.664551 0.015625 0.0478516
0 0.577148 0.245605 0.0253906 0.0517578
0 0.540527 0.385742 0.0380859 0.0371094
0 0.624023 0.380371 0.03125 0.0244141
0 0.560547 0.322754 0.0371094 0.0322266
0 0.63916 0.250488 0.0439453 0.0341797
0 0.696777 0.629883 0.0302734 0.0410156
0 0.474609 0.381836 0.015625 0.0488281
0 0.513672 0.319336 0.0234375 0.046875
0 0.530273 0.585938 0.0390625 0.0234375
0 0.648438 0.481445 0.0371094 0.0371094
0 0.463867 0.513184 0.0175781 0.0517578
0 0.365234 0.425781 0.0195312 0.0488281
0 0.521973 0.289551 0.0380859 0.0283203
0 0.519531 0.401367 0.0214844 0.0527344
0 0.544922 0.419922 0.0175781 0.0527344
0 0.639648 0.5 0.0253906 0.0449219
0 0.640137 0.533691 0.0185547 0.0478516
0 0.65918 0.359863 0.0351562 0.0322266
0 0.396973 0.436523 0.0361328 0.0488281
0 0.605469 0.606934 0.0429688 0.0263672
0 0.625488 0.348145 0.0380859 0.0263672
0 0.54248 0.600098 0.0400391 0.0263672
0 0.578125 0.568359 0.0351562 0.046875
0 0.644043 0.384766 0.0263672 0.0429688
0 0.601562 0.34375 0.03125 0.0429688
0 0.557617 0.345703 0.0253906 0.0507812
0 0.492676 0.283691 0.0400391 0.0263672
0 0.53418 0.243652 0.0273438 0.0751953
0 0.56543 0.300781 0.0273438 0.0527344
0 0.584473 0.432129 0.0244141 0.0458984
0 0.598633 0.275879 0.0410156 0.0302734
0 0.523926 0.362305 0.0263672 0.0449219
0 0.574219 0.608398 0.0195312 0.046875
0 0.740234 0.379395 0.0371094 0.0244141
0 0.467773 0.478516 0.0332031 0.0253906
0 0.580566 0.401367 0.0224609 0.0546875
0 0.387695 0.291992 0.0449219 0.0390625
0 0.625488 0.440918 0.0283203 0.0419922
0 0.519531 0.627441 0.015625 0.0556641
0 0.499512 0.390625 0.0205078 0.0507812
0 0.703125 0.351562 0.0429688 0.0195312
0 0.592285 0.729004 0.0322266 0.0537109
0 0.662109 0.327148 0.0390625 0.0292969
0 0.635742 0.412109 0.0273438 0.0390625
0 0.421875 0.398438 0.0351562 0.0429688
0 0.581055 0.677246 0.0332031 0.0478516
0 0.695801 0.61084 0.0361328 0.0380859
0 0.307617 0.55957 0.03125 0.0507812
0 0.532227 0.567383 0.0390625 0.0273438
0 0.671387 0.408691 0.0322266 0.0283203
0 0.549316 0.627441 0.0439453 0.0322266
0 0.600098 0.394531 0.0302734 0.0390625
0 0.392578 0.397461 0.0449219 0.0351562
0 0.484375 0.34082 0.0253906 0.0527344
0 0.507812 0.567871 0.0253906 0.0478516
0 0.665527 0.425781 0.0380859 0.03125
0 0.479004 0.50293 0.0185547 0.046875
0 0.332031 0.518066 0.0351562 0.0400391
0 0.479004 0.211914 0.0419922 0.0332031
0 0.69043 0.487305 0.0351562 0.0273438
0 0.480957 0.425781 0.0224609 0.0371094
0 0.62793 0.216309 0.0410156 0.0263672
0 0.716797 0.499023 0.0136719 0.0429688
0 0.693359 0.432617 0.0234375 0.0566406
0 0.681641 0.212402 0.0214844 0.0517578
0 0.424316 0.575195 0.0439453 0.03125
0 0.621582 0.695801 0.0341797 0.0458984
0 0.490723 0.265625 0.0361328 0.0273438
0 0.443359 0.322754 0.0273438 0.0439453
0 0.453613 0.358887 0.0361328 0.0341797
0 0.659668 0.306641 0.0380859 0.0273438
0 0.720703 0.336426 0.0410156 0.0283203
0 0.480469 0.536133 0.0195312 0.046875
0 0.347168 0.294434 0.0361328 0.0478516
0 0.713867 0.420898 0.0234375 0.0371094
0 0.316895 0.334961 0.0224609 0.0488281
0 0.494629 0.551758 0.0361328 0.0371094
0 0.659668 0.672363 0.0361328 0.0322266
0 0.575195 0.214844 0.0351562 0.0351562
0 0.654297 0.210449 0.0410156 0.0341797
0 0.664062 0.689941 0.0273438 0.0419922
0 0.493164 0.632324 0.0390625 0.0478516
0 0.321777 0.233887 0.0283203 0.0439453
0 0.737305 0.30957 0.015625 0.0449219
0 0.703125 0.648438 0.03125 0.046875
0 0.494629 0.603516 0.0244141 0.0507812
0 0.472168 0.569824 0.0263672 0.0458984
0 0.766113 0.313477 0.0380859 0.0253906
0 0.304688 0.375977 0.0371094 0.0410156
0 0.790039 0.196289 0.0390625 0.0292969
0 0.732422 0.467285 0.0234375 0.0419922
0 0.652344 0.458008 0.0371094 0.0332031
0 0.476562 0.849609 0.0273438 0.0644531
0 0.335449 0.710938 0.0224609 0.0585938
0 0.671387 0.384277 0.0361328 0.0361328
0 0.430664 0.383301 0.03125 0.0400391
0 0.141113 0.367676 0.0419922 0.0361328
0 0.464355 0.599121 0.0400391 0.0224609
0 0.502441 0.496582 0.0380859 0.0341797
0 0.523438 0.515625 0.0332031 0.0351562
0 0.817871 0.269043 0.0224609 0.0380859
0 0.943359 0.462891 0.0371094 0.0332031
0 0.662598 0.443359 0.0380859 0.0273438
0 0.306641 0.584961 0.03125 0.03125
0 0.755859 0.449707 0.0332031 0.0244141
0 0.601074 0.711426 0.0283203 0.0458984
0 0.334473 0.399414 0.0224609 0.046875
0 0.808594 0.185547 0.0371094 0.0214844
0 0.725098 0.442383 0.0302734 0.0371094
0 0.22168 0.665527 0.0292969 0.0400391
0 0.216309 0.55957 0.0419922 0.0488281
0 0.376953 0.78125 0.0371094 0.0332031
0 0.471191 0.645508 0.0400391 0.0234375
0 0.131348 0.336914 0.0341797 0.0449219
0 0.481445 0.675781 0.0410156 0.0234375
0 0.466797 0.459961 0.0371094 0.0332031
0 0.150879 0.506836 0.0380859 0.0351562
