0 0.520508 0.53418 0.0332031 0.0214844
0 0.441895 0.51416 0.0419922 0.0146484
0 0.369629 0.529297 0.0380859 0.0195312
0 0.53418 0.494141 0.0371094 0.015625
1 0.396973 0.59668 0.0615234 0.0683594
0 0.406738 0.526855 0.0361328 0.0205078
0 0.524414 0.622559 0.0371094 0.0263672
0 0.464844 0.509766 0.0390625 0.015625
0 0.570312 0.648926 0.0488281 0.0283203
0 0.484863 0.803223 0.0341797 0.0302734
1 0.349121 0.551758 0.0654297 0.0605469
0 0.274902 0.512695 0.0498047 0.015625
0 0.424316 0.654297 0.0224609 0.0273438
0 0.406738 0.501953 0.0400391 0.0234375
0 0.438477 0.501953 0.0390625 0.0195312
0 0.478027 0.778809 0.0419922 0.0322266
0 0.338867 0.506836 0.0253906 0.0253906
0 0.561523 0.519531 0.0214844 0.0234375
0 0.543945 0.332031 0.0332031 0.0195312
0 0.476074 0.727539 0.0302734 0.0371094
0 0.530273 0.607422 0.03125 0.0234375
0 0.399414 0.673828 0.0722656 0.0390625
0 0.462891 0.557617 0.03125 0.0292969
0 0.512695 0.582031 0.0253906 0.0234375
0 0.523926 0.780762 0.0615234 0.0322266
0 0.394531 0.55127 0.0507812 0.0126953
0 0.483398 0.392578 0.0371094 0.0234375
0 0.499512 0.532227 0.0244141 0.0292969
0 0.506348 0.320312 0.0400391 0.0195312
0 0.459961 0.339355 0.0410156 0.0244141
0 0.406738 0.651367 0.0283203 0.0332031
0 0.567383 0.54834 0.0449219 0.0146484
0 0.474121 0.582031 0.0322266 0.0234375
0 0.418457 0.75293 0.0517578 0.0410156
0 0.498047 0.611816 0.03125 0.0302734
0 0.349121 0.500488 0.0361328 0.0302734
0 0.474121 0.487305 0.0498047 0.0175781
