0 0.294434 0.416992 0.0224609 0.0195312
0 0.30957 0.453613 0.0175781 0.0302734
0 0.469727 0.476562 0.00976562 0.0390625
0 0.306641 0.507812 0.0214844 0.0253906
0 0.680176 0.417969 0.0263672 0.0292969
0 0.585938 0.43457 0.0136719 0.0195312
0 0.515625 0.439941 0.0195312 0.0205078
0 0.585449 0.553711 0.0205078 0.0175781
0 0.688965 0.430664 0.0146484 0.03125
0 0.601074 0.588867 0.0341797 0.0195312
0 0.574707 0.615723 0.0224609 0.0205078
0 0.261719 0.54834 0.0214844 0.0263672
0 0.253418 0.558594 0.0263672 0.0195312
0 0.340332 0.510742 0.0166016 0.0195312
0 0.356934 0.378418 0.0107422 0.0341797
0 0.580566 0.418945 0.0283203 0.0136719
0 0.571289 0.469238 0.0234375 0.0185547
0 0.540039 0.503906 0.0117188 0.03125
0 0.467773 0.622559 0.0214844 0.0302734
0 0.592285 0.54248 0.0224609 0.0224609
0 0.55957 0.633789 0.0136719 0.015625
0 0.294434 0.51709 0.0244141 0.0205078
0 0.594238 0.424316 0.0166016 0.0146484
0 0.289551 0.540039 0.0224609 0.0234375
0 0.535645 0.774902 0.0166016 0.0166016
0 0.320312 0.508789 0.0136719 0.0332031
0 0.322754 0.547852 0.0263672 0.0273438
0 0.256348 0.507812 0.0185547 0.0351562
0 0.572266 0.625977 0.0214844 0.0253906
0 0.536133 0.400391 0.0195312 0.015625
0 0.586914 0.476562 0.015625 0.0175781
0 0.214355 0.538574 0.0126953 0.0341797
0 0.493652 0.396484 0.0146484 0.0253906
0 0.258301 0.460938 0.0205078 0.0175781
0 0.425293 0.601074 0.0185547 0.0244141
0 0.240723 0.417969 0.0244141 0.0136719
0 0.211914 0.492676 0.0214844 0.0224609
0 0.434082 0.497559 0.0166016 0.0283203
0 0.569336 0.448242 0.0117188 0.03125
0 0.355469 0.448242 0.0273438 0.0292969
0 0.407227 0.977051 0.015625 0.0283203
0 0.503906 0.377441 0.015625 0.0341797
0 0.545898 0.720215 0.0234375 0.0126953
0 0.532715 0.602539 0.0185547 0.0410156
0 0.466309 0.152344 0.0107422 0.0292969
0 0.628906 0.506348 0.0136719 0.0302734
0 0.302734 0.558594 0.0234375 0.0136719
0 0.522461 0.611816 0.0214844 0.0185547
0 0.390137 0.86377 0.0244141 0.0224609
0 0.547363 0.731934 0.0244141 0.0185547
0 0.625488 0.429199 0.0224609 0.0224609
0 0.282227 0.524902 0.0253906 0.0185547
0 0.500977 0.410645 0.0078125 0.0263672
0 0.431641 0.980957 0.0292969 0.0341797
0 0.357422 0.526855 0.0253906 0.0224609
0 0.334961 0.537598 0.0234375 0.0244141
0 0.496094 0.470703 0.0136719 0.0292969
0 0.547852 0.652832 0.015625 0.0283203
0 0.588379 0.514648 0.0224609 0.0234375
0 0.543457 0.749512 0.0224609 0.0126953
0 0.341309 0.401855 0.0244141 0.0302734
0 0.523438 0.432617 0.0136719 0.0175781
0 0.517578 0.396484 0.0273438 0.015625
0 0.314941 0.579102 0.0126953 0.0292969
0 0.374023 0.253906 0.0234375 0.015625
0 0.511719 0.73291 0.0175781 0.0166016
0 0.644043 0.474609 0.0107422 0.0273438
0 0.646973 0.455078 0.0185547 0.0214844
0 0.227051 0.558594 0.0263672 0.0234375
0 0.230469 0.517578 0.0136719 0.0351562
0 0.445312 0.475586 0.0136719 0.0371094
0 0.445312 0.580078 0.0234375 0.0234375
0 0.54541 0.571289 0.0185547 0.0273438
0 0.543945 0.793945 0.03125 0.0195312
0 0.651855 0.431641 0.0185547 0.0195312
0 0.464355 0.581543 0.0283203 0.0263672
0 0.385742 0.949707 0.00976562 0.0400391
0 0.566406 0.556152 0.00976562 0.0361328
0 0.547852 0.426758 0.0214844 0.0253906
0 0.410645 0.430176 0.0146484 0.0439453
0 0.538086 0.810059 0.0234375 0.0126953
0 0.307129 0.479492 0.0205078 0.0292969
0 0.434082 0.60791 0.0244141 0.0322266
0 0.419434 0.626465 0.0146484 0.0380859
0 0.459961 0.526367 0.0234375 0.0253906
0 0.440918 0.95166 0.0224609 0.0146484
0 0.445801 0.512207 0.0166016 0.0361328
0 0.246094 0.52002 0.0253906 0.0224609
0 0.351562 0.238281 0.0195312 0.0351562
0 0.211914 0.517578 0.0214844 0.0136719
0 0.512207 0.751953 0.0283203 0.015625
0 0.665527 0.442383 0.0283203 0.0195312
0 0.525391 0.313965 0.0253906 0.0361328
0 0.432617 0.55957 0.0234375 0.0332031
0 0.35791 0.249512 0.0224609 0.0185547
0 0.469727 0.134766 0.0351562 0.0234375
0 0.450684 0.616699 0.0224609 0.0244141
0 0.45752 0.921875 0.0302734 0.0253906
0 0.242188 0.577148 0.0273438 0.0175781
0 0.528809 0.865723 0.0263672 0.0283203
0 0.554688 0.513672 0.015625 0.0351562
0 0.669434 0.490234 0.0302734 0.0175781
0 0.539062 0.832031 0.0136719 0.0332031
0 0.399902 0.837891 0.0302734 0.0253906
0 0.554199 0.57959 0.0205078 0.0263672
0 0.606934 0.484375 0.0224609 0.0175781
0 0.564941 0.595703 0.0146484 0.0292969
0 0.242676 0.450684 0.0107422 0.0263672
0 0.202637 0.583008 0.0283203 0.0292969
0 0.375977 0.946289 0.0117188 0.0390625
0 0.486816 0.166504 0.0322266 0.0263672
0 0.419922 0.499023 0.0117188 0.0429688
0 0.675293 0.561035 0.0302734 0.0244141
0 0.492188 0.415527 0.0195312 0.0224609
0 0.589355 0.566406 0.0263672 0.015625
0 0.502441 0.480957 0.00878906 0.0341797
0 0.348145 0.622559 0.0224609 0.0224609
0 0.677246 0.459473 0.0244141 0.0185547
0 0.398926 0.968262 0.0205078 0.0283203
0 0.518555 0.122559 0.0117188 0.0380859
0 0.579102 0.445312 0.0117188 0.0390625
0 0.576172 0.482422 0.0234375 0.0136719
0 0.236816 0.587891 0.0263672 0.015625
0 0.414062 0.940918 0.0253906 0.0146484
0 0.675293 0.478516 0.0283203 0.0234375
0 0.448242 0.540039 0.0234375 0.0136719
0 0.623535 0.461426 0.0302734 0.0126953
0 0.222168 0.450684 0.0224609 0.0205078
0 0.562012 0.811035 0.0166016 0.0341797
0 0.243164 0.429199 0.0253906 0.0185547
0 0.413574 0.797363 0.0380859 0.0263672
0 0.270996 0.583008 0.0205078 0.0292969
0 0.566406 0.518555 0.0136719 0.0273438
0 0.532227 0.558105 0.015625 0.0341797
0 0.335449 0.422852 0.0263672 0.015625
0 0.393555 0.91748 0.0175781 0.0439453
0 0.352539 0.577637 0.0175781 0.0302734
0 0.611816 0.505371 0.0146484 0.0263672
0 0.630859 0.47998 0.0234375 0.0244141
0 0.628906 0.44043 0.0253906 0.0195312
0 0.59375 0.460449 0.015625 0.0322266
0 0.522949 0.723145 0.0107422 0.0400391
0 0.363281 0.272461 0.0117188 0.0292969
0 0.418457 0.345703 0.0224609 0.0429688
0 0.562012 0.709473 0.0205078 0.0322266
0 0.463379 0.642578 0.0244141 0.015625
0 0.620605 0.415527 0.0361328 0.0361328
0 0.293457 0.399414 0.0166016 0.0351562
0 0.549316 0.768066 0.0166016 0.0283203
0 0.702637 0.515625 0.0107422 0.0332031
0 0.498535 0.115234 0.0283203 0.015625
0 0.302734 0.539062 0.015625 0.0332031
0 0.337891 0.435059 0.0292969 0.0126953
0 0.268555 0.543945 0.0175781 0.0351562
0 0.569824 0.405762 0.0341797 0.0185547
0 0.289551 0.612793 0.0283203 0.0205078
0 0.386719 0.237793 0.0175781 0.0341797
0 0.432617 0.317871 0.0195312 0.0322266
0 0.408691 0.25 0.0224609 0.0371094
0 0.540527 0.191406 0.0146484 0.0488281
0 0.544434 0.539062 0.0146484 0.0371094
0 0.586426 0.705078 0.0224609 0.0351562
0 0.603516 0.441406 0.0273438 0.0195312
0 0.394531 0.515137 0.0195312 0.0302734
0 0.499512 0.692383 0.0302734 0.0195312
0 0.428223 0.302734 0.0244141 0.0292969
0 0.350098 0.323242 0.0283203 0.0253906
0 0.611328 0.564453 0.015625 0.0234375
0 0.473633 0.930176 0.0214844 0.0302734
0 0.516602 0.417969 0.0214844 0.0273438
0 0.410156 0.492188 0.00976562 0.0390625
0 0.467285 0.897949 0.0322266 0.0205078
0 0.547852 0.125488 0.0292969 0.0361328
0 0.471191 0.849609 0.0263672 0.0253906
0 0.28418 0.436523 0.0234375 0.0195312
0 0.695801 0.452637 0.0107422 0.0361328
0 0.490723 0.916504 0.0185547 0.0400391
0 0.328125 0.453613 0.0234375 0.0244141
0 0.452637 0.354492 0.0244141 0.0195312
0 0.555664 0.610352 0.0136719 0.0332031
0 0.645508 0.535156 0.0273438 0.0253906
0 0.506836 0.13623 0.0253906 0.0244141
0 0.411621 0.87207 0.0205078 0.0351562
0 0.473633 0.982422 0.0273438 0.0292969
0 0.436035 0.869141 0.0263672 0.0351562
0 0.456055 0.945801 0.0234375 0.0244141
0 0.503906 0.0957031 0.0332031 0.0253906
0 0.556152 0.548828 0.0126953 0.0332031
0 0.503418 0.983398 0.0224609 0.03125
