0 0.447266 0.571289 0.0449219 0.0507812
0 0.611816 0.437012 0.0615234 0.0322266
0 0.270508 0.41748 0.0390625 0.0556641
0 0.44043 0.612793 0.0761719 0.0302734
0 0.65625 0.487793 0.0839844 0.0419922
0 0.433105 0.589844 0.0556641 0.03125
0 0.354004 0.456055 0.0517578 0.0644531
0 0.426758 0.538574 0.0742188 0.0380859
0 0.55127 0.518555 0.0595703 0.0449219
0 0.296875 0.536621 0.0390625 0.0576172
0 0.486816 0.479492 0.0654297 0.0449219
0 0.611816 0.413086 0.0634766 0.0507812
0 0.321777 0.430176 0.0361328 0.0498047
0 0.573242 0.400391 0.0546875 0.0546875
0 0.242188 0.397949 0.046875 0.0595703
0 0.630859 0.537109 0.0839844 0.0488281
0 0.540527 0.481934 0.0673828 0.0361328
0 0.285645 0.513672 0.0458984 0.0605469
0 0.613281 0.504883 0.0742188 0.0410156
0 0.352051 0.669922 0.0498047 0.0664062
0 0.234863 0.464355 0.0712891 0.0439453
0 0.505859 0.618652 0.0664062 0.0361328
0 0.354004 0.579102 0.0615234 0.0644531
