0 0.604492 0.711426 0.0234375 0.0224609
0 0.476074 0.486328 0.0126953 0.0234375
0 0.40918 0.489746 0.0214844 0.0126953
0 0.400879 0.564453 0.0224609 0.0117188
0 0.580566 0.506836 0.0244141 0.015625
0 0.391602 0.637695 0.0175781 0.0195312
0 0.473145 0.456543 0.0146484 0.0263672
0 0.444336 0.578125 0.0214844 0.0136719
0 0.635742 0.450195 0.0253906 0.0195312
0 0.456055 0.403809 0.0136719 0.0146484
0 0.670898 0.426758 0.0136719 0.0253906
0 0.487793 0.625 0.0185547 0.0234375
0 0.615234 0.420898 0.0117188 0.0234375
0 0.525879 0.519043 0.0185547 0.0107422
0 0.611328 0.693848 0.0175781 0.0302734
0 0.515137 0.720703 0.0224609 0.0292969
0 0.400391 0.655273 0.015625 0.0175781
0 0.578125 0.602539 0.0195312 0.0136719
0 0.59082 0.654785 0.015625 0.0185547
0 0.413574 0.503418 0.0126953 0.0224609
0 0.629395 0.432617 0.0244141 0.0175781
0 0.60791 0.462891 0.0107422 0.0332031
0 0.631348 0.392578 0.0166016 0.0117188
0 0.561523 0.635742 0.0214844 0.0175781
0 0.629395 0.554199 0.0224609 0.0166016
0 0.587402 0.674316 0.00878906 0.0263672
0 0.633301 0.384277 0.0244141 0.0146484
0 0.394531 0.398438 0.0234375 0.015625
0 0.477051 0.50293 0.0263672 0.0214844
0 0.370117 0.494141 0.015625 0.0175781
0 0.665527 0.679688 0.0244141 0.0292969
0 0.365723 0.535156 0.0185547 0.0136719
0 0.383789 0.394043 0.0273438 0.0126953
0 0.476074 0.521973 0.0205078 0.0244141
0 0.599609 0.56543 0.00976562 0.0332031
0 0.625 0.470215 0.0214844 0.0205078
0 0.671875 0.37207 0.0292969 0.03125
0 0.422852 0.681641 0.0117188 0.0292969
0 0.592773 0.446289 0.00976562 0.0371094
0 0.386719 0.374512 0.0175781 0.0263672
0 0.500488 0.709473 0.0146484 0.0380859
0 0.446777 0.554688 0.0146484 0.03125
0 0.625 0.419922 0.0234375 0.0332031
0 0.458984 0.665527 0.0136719 0.0283203
0 0.4375 0.392578 0.0195312 0.0234375
0 0.443359 0.700684 0.0214844 0.0205078
0 0.416016 0.443359 0.0214844 0.0136719
0 0.65332 0.46875 0.0195312 0.0253906
0 0.383789 0.516113 0.0195312 0.0205078
0 0.633789 0.625488 0.0117188 0.0283203
0 0.411133 0.674805 0.0136719 0.0351562
0 0.436523 0.588867 0.0214844 0.0136719
0 0.683594 0.552246 0.0214844 0.0244141
0 0.51123 0.507812 0.0126953 0.0351562
0 0.352539 0.541016 0.0078125 0.03125
0 0.632812 0.577637 0.0136719 0.0380859
0 0.611328 0.38623 0.0195312 0.0224609
0 0.630859 0.65918 0.0332031 0.0253906
0 0.416992 0.633789 0.00976562 0.0253906
0 0.544922 0.638184 0.0136719 0.0341797
0 0.382812 0.385742 0.0253906 0.0136719
0 0.474609 0.551758 0.0136719 0.0234375
0 0.547852 0.5 0.0195312 0.0292969
0 0.545898 0.523438 0.0136719 0.0351562
0 0.396484 0.378418 0.0214844 0.0302734
0 0.51709 0.578613 0.0126953 0.0400391
0 0.486816 0.723145 0.0107422 0.0380859
0 0.360352 0.493164 0.0117188 0.0273438
0 0.535156 0.535645 0.0117188 0.0380859
0 0.525391 0.668945 0.0175781 0.0253906
0 0.498535 0.433594 0.0146484 0.0410156
0 0.467285 0.633789 0.0205078 0.0214844
0 0.620117 0.375488 0.0214844 0.0185547
0 0.439453 0.446777 0.015625 0.0244141
0 0.588867 0.719238 0.0214844 0.0263672
0 0.414551 0.39209 0.0166016 0.0283203
0 0.440918 0.625977 0.0205078 0.0195312
0 0.467773 0.685059 0.0175781 0.0205078
0 0.668945 0.662109 0.0273438 0.0136719
0 0.68457 0.576172 0.015625 0.0292969
0 0.551758 0.457031 0.0234375 0.0195312
0 0.671387 0.562012 0.00878906 0.0283203
0 0.466797 0.656738 0.0078125 0.0322266
0 0.383789 0.529785 0.015625 0.0224609
0 0.377441 0.49707 0.00878906 0.0234375
0 0.586426 0.574707 0.0107422 0.0283203
0 0.700195 0.5 0.0273438 0.015625
0 0.663574 0.650391 0.0185547 0.0234375
0 0.335449 0.513672 0.0126953 0.03125
0 0.62207 0.63623 0.0253906 0.0302734
0 0.350586 0.494141 0.0117188 0.0292969
0 0.429199 0.42041 0.0205078 0.0244141
0 0.486328 0.443848 0.0253906 0.0224609
0 0.490234 0.517578 0.00976562 0.03125
0 0.464844 0.712891 0.0117188 0.0351562
0 0.666992 0.592773 0.0234375 0.0273438
0 0.423828 0.430664 0.0195312 0.0234375
0 0.379395 0.410156 0.0244141 0.0234375
0 0.583008 0.694824 0.0195312 0.0283203
0 0.644043 0.611328 0.0224609 0.03125
0 0.613281 0.568848 0.0195312 0.0283203
0 0.665527 0.40625 0.0322266 0.015625
0 0.461914 0.559082 0.0136719 0.0341797
0 0.662109 0.614746 0.0253906 0.0185547
0 0.596191 0.521973 0.0146484 0.0283203
0 0.53125 0.577148 0.0117188 0.0273438
0 0.576172 0.53125 0.0234375 0.015625
0 0.395508 0.496094 0.0253906 0.0136719
0 0.49707 0.569336 0.0175781 0.0253906
0 0.503418 0.557129 0.0126953 0.0283203
0 0.343262 0.532715 0.0166016 0.0302734
0 0.67041 0.478027 0.0126953 0.0283203
0 0.412598 0.546875 0.0166016 0.0351562
0 0.617188 0.403809 0.0214844 0.0126953
0 0.698242 0.48584 0.0273438 0.0146484
0 0.620117 0.352051 0.0195312 0.0439453
0 0.689453 0.44873 0.0175781 0.0283203
0 0.572266 0.566895 0.0214844 0.0341797
0 0.555664 0.474609 0.0273438 0.0175781
0 0.600098 0.649902 0.0126953 0.0361328
0 0.652344 0.43457 0.015625 0.0253906
0 0.505371 0.595703 0.0166016 0.0253906
0 0.590332 0.621582 0.0107422 0.0439453
0 0.678223 0.602539 0.0166016 0.0253906
0 0.352539 0.583008 0.0195312 0.0175781
0 0.527344 0.498535 0.0175781 0.0322266
0 0.491211 0.467773 0.0175781 0.0273438
0 0.681152 0.517578 0.0205078 0.0253906
0 0.558594 0.598145 0.0175781 0.0244141
0 0.363281 0.38623 0.0117188 0.0341797
0 0.447266 0.413086 0.0136719 0.0273438
0 0.69873 0.42041 0.0263672 0.0263672
0 0.598145 0.775879 0.0322266 0.0166016
0 0.606445 0.599609 0.0175781 0.03125
0 0.683594 0.645508 0.0253906 0.0214844
0 0.436035 0.550781 0.0224609 0.0195312
0 0.480957 0.255859 0.0263672 0.0332031
0 0.611816 0.179199 0.0146484 0.0361328
0 0.586426 0.483398 0.0166016 0.0253906
0 0.569336 0.658691 0.0214844 0.0322266
0 0.708008 0.401855 0.0273438 0.0205078
