0 0.599121 0.647461 0.0419922 0.0625
0 0.0908203 0.0634766 0.0429688 0.123047
0 0.333984 0.403809 0.0195312 0.0556641
0 0.39209 0.490723 0.0673828 0.0556641
0 0.453613 0.322266 0.0341797 0.0351562
0 0.422363 0.409668 0.0224609 0.102539
0 0.419922 0.356934 0.0332031 0.0830078
0 0.539062 0.356445 0.0507812 0.0683594
0 0.362793 0.419434 0.0283203 0.114258
0 0.393066 0.448242 0.0419922 0.0585938
0 0.414062 0.288086 0.0488281 0.0605469
0 0.39502 0.239746 0.0478516 0.0986328
0 0.345703 0.296387 0.0683594 0.0576172
0 0.513672 0.464355 0.0703125 0.0615234
0 0.726562 0.455078 0.0429688 0.0996094
0 0.635742 0.206055 0.0507812 0.107422
0 0.700195 0.822266 0.046875 0.105469
0 0.445801 0.21582 0.0419922 0.0839844
