1 0.349121 0.904785 0.143555 0.108398
1 0.312988 0.441406 0.0751953 0.103516
1 0.555664 0.718262 0.0761719 0.0693359
1 0.344238 0.357422 0.118164 0.0820312
1 0.260254 0.473145 0.12207 0.0966797
1 0.433105 0.732422 0.114258 0.0976562
1 0.398926 0.564453 0.139648 0.107422
1 0.405762 0.647461 0.170898 0.0976562
1 0.775391 0.719238 0.150391 0.0908203
1 0.533203 0.431152 0.160156 0.120117
1 0.550781 0.788086 0.126953 0.128906
1 0.312012 0.233398 0.188477 0.113281
1 0.197266 0.844238 0.230469 0.137695
