0 0.419434 0.921875 0.100586 0.111328
0 0.576172 0.427246 0.0820312 0.0439453
0 0.560547 0.588379 0.0332031 0.104492
0 0.578125 0.629395 0.0507812 0.110352
0 0.565918 0.709473 0.0556641 0.0751953
0 0.559082 0.389648 0.0869141 0.046875
0 0.615723 0.595215 0.0498047 0.106445
0 0.547363 0.472656 0.0439453 0.119141
0 0.502441 0.217285 0.0849609 0.149414
0 0.553223 0.346191 0.0869141 0.0478516
0 0.600586 0.512695 0.0625 0.101562
0 0.622559 0.69873 0.0654297 0.135742
0 0.608887 0.45166 0.0830078 0.0517578
