0 0.345215 0.666504 0.0166016 0.0380859
0 0.436523 0.597168 0.0195312 0.0517578
0 0.664062 0.848633 0.0175781 0.0253906
0 0.169434 0.794434 0.0224609 0.0185547
0 0.487793 0.782715 0.0185547 0.0244141
0 0.52832 0.536133 0.0175781 0.0527344
0 0.45459 0.796875 0.0126953 0.0371094
0 0.455078 0.529297 0.0253906 0.015625
0 0.606934 0.591797 0.0107422 0.0273438
1 0.481445 0.490723 0.0683594 0.0615234
0 0.902344 0.558594 0.0351562 0.015625
0 0.472656 0.531738 0.0195312 0.0478516
0 0.630859 0.612305 0.0234375 0.0253906
0 0.439453 0.8125 0.015625 0.0273438
0 0.553711 0.457031 0.0214844 0.0410156
0 0.604492 0.555664 0.0214844 0.00976562
0 0.463379 0.800293 0.0146484 0.0380859
0 0.634766 0.646484 0.0253906 0.0195312
1 0.615234 0.362305 0.0664062 0.117188
0 0.615234 0.474121 0.0351562 0.0751953
0 0.587402 0.574219 0.0224609 0.0351562
0 0.474609 0.79541 0.0117188 0.0302734
0 0.837402 0.794922 0.0322266 0.0117188
0 0.512695 0.762695 0.015625 0.0410156
0 0.63916 0.663086 0.0224609 0.0214844
0 0.529297 0.48877 0.0253906 0.0166016
0 0.536133 0.503418 0.0292969 0.0146484
0 0.594727 0.587402 0.0175781 0.0283203
0 0.541016 0.641602 0.0117188 0.0488281
0 0.613281 0.508789 0.03125 0.0410156
0 0.621094 0.816406 0.0273438 0.0195312
0 0.524414 0.725586 0.0253906 0.0273438
0 0.527344 0.600586 0.0195312 0.0449219
0 0.505859 0.698242 0.015625 0.0410156
0 0.749512 0.618652 0.0380859 0.0263672
0 0.645996 0.63916 0.0322266 0.0244141
0 0.467285 0.444336 0.0205078 0.0253906
0 0.618164 0.668945 0.0214844 0.0371094
