0 0.597168 0.792969 0.0244141 0.0410156
0 0.467285 0.348145 0.0244141 0.0654297
0 0.637207 0.730957 0.0263672 0.0615234
0 0.520996 0.78418 0.0205078 0.0585938
0 0.486816 0.549805 0.0283203 0.0625
0 0.742188 0.211426 0.0292969 0.0576172
0 0.603516 0.304688 0.0253906 0.0625
0 0.22998 0.503906 0.0322266 0.0449219
0 0.405762 0.724609 0.0224609 0.0585938
0 0.287109 0.348145 0.0390625 0.0595703
0 0.587891 0.676758 0.0234375 0.0625
0 0.290527 0.718262 0.0263672 0.0576172
0 0.604004 0.733398 0.0302734 0.0507812
0 0.219727 0.636719 0.0292969 0.0546875
0 0.632324 0.339844 0.0205078 0.0742188
0 0.363281 0.157715 0.0332031 0.0458984
0 0.243652 0.509277 0.0263672 0.0595703
0 0.273926 0.395996 0.0361328 0.0478516
0 0.395996 0.976074 0.0283203 0.0478516
0 0.566406 0.514648 0.0332031 0.0371094
0 0.620605 0.296875 0.0224609 0.0703125
0 0.461426 0.584473 0.0283203 0.0595703
0 0.288574 0.800293 0.0244141 0.0732422
0 0.48584 0.383789 0.0302734 0.0429688
0 0.689453 0.602539 0.0332031 0.0703125
0 0.605957 0.831055 0.0302734 0.0742188
0 0.425781 0.233887 0.0234375 0.0615234
0 0.661621 0.488281 0.0341797 0.0585938
0 0.537109 0.682129 0.0273438 0.0751953
0 0.484375 0.42627 0.0273438 0.0595703
0 0.414062 0.679688 0.0351562 0.0429688
0 0.627441 0.416016 0.0322266 0.0488281
0 0.494141 0.149902 0.0410156 0.0439453
0 0.57666 0.543457 0.0322266 0.0673828
0 0.530273 0.475586 0.0253906 0.0722656
0 0.574219 0.42334 0.0292969 0.0478516
0 0.355469 0.664062 0.0351562 0.0410156
0 0.381836 0.52832 0.0332031 0.0507812
0 0.523438 0.74707 0.0351562 0.0429688
0 0.333984 0.600586 0.0253906 0.0507812
0 0.564453 0.193359 0.0253906 0.0703125
0 0.26416 0.516602 0.0302734 0.0605469
0 0.370117 0.0878906 0.0332031 0.0703125
0 0.268555 0.669922 0.03125 0.0410156
0 0.56543 0.732422 0.0351562 0.0488281
0 0.492676 0.663086 0.0361328 0.0527344
0 0.526367 0.235352 0.0292969 0.0722656
0 0.588867 0.379883 0.0292969 0.0605469
