0 0.568359 0.672852 0.0410156 0.0273438
0 0.460938 0.195312 0.0351562 0.0507812
0 0.467285 0.83252 0.0478516 0.0380859
0 0.433105 0.740723 0.0478516 0.0380859
0 0.229492 0.702148 0.03125 0.0625
0 0.597168 0.535156 0.0341797 0.0371094
0 0.561523 0.521484 0.0351562 0.0429688
0 0.647461 0.552734 0.0253906 0.0527344
0 0.576172 0.416504 0.046875 0.0322266
0 0.63623 0.608398 0.0263672 0.0527344
0 0.599121 0.677734 0.0400391 0.0410156
0 0.438477 0.606934 0.0332031 0.0634766
0 0.754883 0.552246 0.0273438 0.0478516
0 0.515625 0.0830078 0.0429688 0.046875
0 0.306152 0.0810547 0.0537109 0.0410156
0 0.592285 0.10498 0.0419922 0.0517578
0 0.642578 0.51709 0.0488281 0.0322266
0 0.579102 0.280762 0.03125 0.0634766
0 0.750977 0.455566 0.0390625 0.0498047
0 0.656738 0.296875 0.0478516 0.0507812
0 0.703125 0.586914 0.0449219 0.0390625
0 0.419922 0.367188 0.0410156 0.046875
0 0.173828 0.418945 0.0332031 0.0585938
0 0.511719 0.89502 0.0371094 0.0615234
0 0.352539 0.571289 0.0390625 0.0585938
0 0.57666 0.603516 0.0283203 0.0566406
0 0.600098 0.463379 0.0458984 0.0322266
0 0.763672 0.620605 0.0449219 0.0380859
