0 0.433594 0.436035 0.0683594 0.131836
0 0.981445 0.51123 0.0351562 0.0830078
0 0.220215 0.810547 0.0986328 0.158203
0 0.576172 0.176758 0.0742188 0.0859375
0 0.192871 0.394531 0.0517578 0.0839844
0 0.57666 0.226074 0.0498047 0.100586
0 0.587402 0.445312 0.0810547 0.0527344
0 0.251953 0.605469 0.0917969 0.078125
0 0.49707 0.4375 0.046875 0.109375
0 0.630371 0.348145 0.0810547 0.0615234
0 0.0737305 0.354004 0.0751953 0.108398
0 0.315918 0.430176 0.0751953 0.0517578
0 0.600586 0.410645 0.0917969 0.0673828
0 0.184082 0.29248 0.0634766 0.0869141
0 0.436035 0.713379 0.0576172 0.0966797
0 0.271484 0.556152 0.0644531 0.0888672
0 0.469238 0.494629 0.0419922 0.104492
0 0.0878906 0.427734 0.0742188 0.0800781
0 0.257812 0.394531 0.0488281 0.0898438
0 0.388184 0.392578 0.0693359 0.09375
0 0.751953 0.637207 0.0722656 0.106445
0 0.175781 0.621094 0.0742188 0.0800781
0 0.706543 0.757324 0.0712891 0.0673828
0 0.753906 0.248535 0.0917969 0.133789
