0 0.216309 0.500977 0.0322266 0.0214844
0 0.255371 0.498535 0.0498047 0.0361328
0 0.493164 0.263184 0.0644531 0.0244141
0 0.309082 0.163086 0.0654297 0.0292969
0 0.907227 0.521484 0.0410156 0.0429688
0 0.553711 0.415527 0.0683594 0.0322266
0 0.731934 0.469727 0.0458984 0.0449219
0 0.436035 0.392578 0.0419922 0.0488281
0 0.609375 0.711914 0.0507812 0.046875
0 0.621094 0.530273 0.0429688 0.0488281
0 0.344727 0.70166 0.0566406 0.0361328
0 0.739258 0.294922 0.0449219 0.046875
0 0.693359 0.671875 0.0585938 0.03125
0 0.278809 0.609375 0.0556641 0.0273438
0 0.53418 0.505859 0.0488281 0.0429688
0 0.138184 0.384766 0.0712891 0.0351562
0 0.536133 0.369141 0.0410156 0.0429688
0 0.320801 0.526367 0.0517578 0.046875
0 0.229492 0.294922 0.0546875 0.0546875
0 0.215332 0.46582 0.0576172 0.0371094
