0 0.235352 0.444336 0.0410156 0.0253906
0 0.237305 0.00537109 0.0429688 0.0107422
0 0.527344 0.659668 0.0332031 0.0498047
0 0.544922 0.67041 0.0351562 0.0498047
0 0.634277 0.257812 0.0498047 0.0507812
0 0.540039 0.416016 0.0292969 0.0410156
0 0.570801 0.342285 0.0185547 0.0478516
0 0.586914 0.303223 0.0292969 0.0556641
0 0.453613 0.56543 0.0498047 0.0488281
0 0.12793 0.17041 0.0214844 0.0556641
0 0.537598 0.369629 0.0439453 0.0302734
0 0.438477 0.28125 0.0546875 0.046875
0 0.51709 0.607422 0.0244141 0.0292969
0 0.573242 0.485352 0.0351562 0.0234375
0 0.604004 0.384766 0.0361328 0.046875
0 0.550781 0.502441 0.0195312 0.0595703
0 0.575195 0.413086 0.0390625 0.0585938
0 0.460938 0.193359 0.0175781 0.0566406
0 0.558594 0.405273 0.0253906 0.0546875
0 0.778809 0.482422 0.0205078 0.0761719
0 0.237305 0.29541 0.0214844 0.0615234
0 0.409668 0.764648 0.0419922 0.0351562
0 0.241211 0.61084 0.0410156 0.0498047
0 0.21582 0.568359 0.0351562 0.0351562
0 0.232422 0.559082 0.0273438 0.0478516
0 0.466797 0.8125 0.0332031 0.0507812
0 0.687012 0.335938 0.0185547 0.0625
0 0.140625 0.572266 0.03125 0.0410156
0 0.652344 0.612305 0.0429688 0.0273438
0 0.0917969 0.582031 0.0410156 0.0410156
0 0.660156 0.589355 0.0410156 0.0322266
0 0.621582 0.331055 0.0458984 0.0566406
0 0.523926 0.331543 0.0439453 0.0283203
0 0.187988 0.643066 0.0302734 0.0478516
0 0.610352 0.415039 0.0332031 0.0527344
0 0.588379 0.755371 0.0478516 0.0498047
0 0.568359 0.553223 0.0351562 0.0576172
0 0.421875 0.666016 0.0332031 0.0488281
