0 0.557617 0.5625 0.0214844 0.0332031
0 0.383301 0.726562 0.0244141 0.0234375
0 0.548828 0.560547 0.0234375 0.03125
0 0.422852 0.460938 0.0253906 0.0234375
0 0.290527 0.435059 0.0185547 0.0302734
0 0.438477 0.428711 0.0253906 0.0292969
0 0.437012 0.459961 0.0166016 0.0273438
0 0.654297 0.543945 0.0234375 0.0292969
0 0.900879 0.772461 0.0263672 0.0214844
0 0.609375 0.533203 0.0351562 0.0195312
0 0.506348 0.758789 0.0302734 0.0214844
0 0.485352 0.686035 0.0253906 0.0205078
0 0.672363 0.662598 0.0244141 0.0322266
0 0.606445 0.546875 0.0292969 0.0234375
0 0.600586 0.313965 0.0214844 0.0419922
0 0.484375 0.774902 0.0332031 0.0224609
0 0.563477 0.678223 0.0292969 0.0224609
0 0.714844 0.432129 0.0195312 0.0283203
0 0.405762 0.71582 0.0302734 0.0214844
0 0.292969 0.458984 0.0292969 0.0273438
0 0.571289 0.526367 0.0214844 0.0410156
0 0.366211 0.77832 0.0273438 0.0273438
0 0.544434 0.509766 0.0302734 0.0195312
0 0.587891 0.180664 0.0214844 0.0371094
0 0.299805 0.391602 0.03125 0.0332031
0 0.432617 0.712402 0.0332031 0.0244141
0 0.840332 0.583984 0.0263672 0.0234375
0 0.551758 0.276367 0.0332031 0.0175781
0 0.70459 0.401367 0.0205078 0.0332031
0 0.521484 0.639648 0.0351562 0.0253906
0 0.660645 0.758301 0.0302734 0.0263672
0 0.326172 0.506836 0.0273438 0.0332031
0 0.498535 0.666992 0.0302734 0.0214844
0 0.551758 0.292969 0.0253906 0.0195312
0 0.53418 0.536133 0.0292969 0.0214844
0 0.769043 0.606934 0.0283203 0.0224609
0 0.730957 0.664062 0.0302734 0.0234375
0 0.741699 0.62793 0.0263672 0.0292969
0 0.302734 0.509277 0.03125 0.0283203
0 0.691406 0.749512 0.0292969 0.0224609
0 0.760742 0.580078 0.0253906 0.0273438
0 0.364258 0.708984 0.0175781 0.0390625
0 0.387207 0.707031 0.0244141 0.0273438
0 0.716309 0.725098 0.0322266 0.0302734
0 0.557617 0.732422 0.0292969 0.0273438
0 0.299805 0.429688 0.0214844 0.0351562
0 0.455078 0.525879 0.0292969 0.0244141
0 0.683105 0.463867 0.0244141 0.0292969
0 0.317871 0.44873 0.0205078 0.0322266
0 0.481934 0.504883 0.0244141 0.0292969
0 0.275391 0.550781 0.0175781 0.0351562
0 0.308594 0.580566 0.0273438 0.0380859
