0 0.669434 0.67334 0.0126953 0.0283203
0 0.671875 0.498047 0.0214844 0.0273438
0 0.612793 0.403809 0.0244141 0.0244141
0 0.62207 0.367676 0.015625 0.0205078
0 0.40332 0.313965 0.0214844 0.0224609
0 0.443359 0.67627 0.0136719 0.0361328
0 0.401367 0.634766 0.0234375 0.0214844
0 0.751953 0.52832 0.0253906 0.0234375
0 0.714844 0.514648 0.0253906 0.0273438
0 0.705566 0.538086 0.0166016 0.0195312
0 0.475586 0.740723 0.0175781 0.0380859
0 0.461914 0.461426 0.0136719 0.0341797
0 0.46582 0.556641 0.0195312 0.0175781
0 0.54541 0.510254 0.0283203 0.0263672
0 0.582031 0.507324 0.015625 0.0419922
0 0.57373 0.736328 0.0283203 0.0175781
0 0.484863 0.525879 0.0224609 0.0166016
0 0.511719 0.491699 0.015625 0.0322266
0 0.577637 0.643555 0.0205078 0.0253906
0 0.39209 0.498535 0.0224609 0.0361328
0 0.738281 0.543457 0.015625 0.0400391
0 0.700684 0.650391 0.0341797 0.0195312
0 0.659668 0.476074 0.0126953 0.0361328
0 0.561523 0.363281 0.0175781 0.0175781
0 0.665039 0.355957 0.0214844 0.0205078
0 0.499512 0.783691 0.0302734 0.0205078
0 0.646484 0.455078 0.0175781 0.03125
0 0.609863 0.453125 0.0185547 0.0273438
0 0.597168 0.356445 0.0341797 0.0117188
0 0.544922 0.486816 0.0214844 0.0263672
0 0.416016 0.534668 0.0136719 0.0361328
0 0.480957 0.684082 0.0283203 0.0146484
0 0.561035 0.606445 0.0263672 0.0332031
0 0.490234 0.504883 0.00976562 0.0332031
0 0.463379 0.679199 0.0185547 0.0380859
0 0.574219 0.702148 0.015625 0.03125
0 0.578613 0.346191 0.0302734 0.0244141
0 0.424316 0.431152 0.0205078 0.0322266
0 0.440918 0.628418 0.0166016 0.0361328
0 0.692383 0.67041 0.0351562 0.0244141
0 0.441406 0.381836 0.0214844 0.0371094
0 0.535156 0.629883 0.015625 0.0253906
0 0.447266 0.416992 0.0214844 0.0292969
0 0.226074 0.577148 0.0205078 0.0292969
0 0.658691 0.637207 0.0107422 0.0439453
0 0.601562 0.693359 0.0195312 0.015625
0 0.438965 0.452148 0.0126953 0.0332031
0 0.584473 0.459961 0.0205078 0.03125
0 0.570801 0.384766 0.0185547 0.0371094
0 0.743164 0.488281 0.015625 0.0449219
0 0.501953 0.621582 0.0253906 0.0205078
0 0.683105 0.550293 0.0146484 0.0322266
0 0.462402 0.580078 0.0166016 0.0292969
0 0.6875 0.383789 0.03125 0.0214844
0 0.513184 0.37207 0.0224609 0.03125
0 0.696777 0.372559 0.0419922 0.0263672
0 0.724609 0.536133 0.0195312 0.0175781
0 0.712891 0.449219 0.015625 0.03125
0 0.410156 0.59668 0.0253906 0.0273438
0 0.499023 0.447266 0.0214844 0.0214844
0 0.432129 0.671875 0.0263672 0.0253906
0 0.478027 0.408203 0.0244141 0.0175781
0 0.501465 0.665039 0.0205078 0.03125
0 0.561523 0.746582 0.0292969 0.0166016
0 0.595215 0.640137 0.0224609 0.0107422
0 0.53418 0.450195 0.0175781 0.0273438
0 0.57373 0.598633 0.0263672 0.0195312
0 0.492188 0.381836 0.0117188 0.0410156
0 0.613281 0.422852 0.0214844 0.0175781
0 0.417969 0.461426 0.0214844 0.0419922
0 0.628906 0.546387 0.0214844 0.0439453
0 0.725586 0.598145 0.0273438 0.0166016
0 0.601074 0.379883 0.0185547 0.0332031
0 0.527344 0.484375 0.015625 0.0332031
0 0.629883 0.423828 0.015625 0.0410156
0 0.691406 0.575684 0.0214844 0.0341797
0 0.39502 0.563965 0.0166016 0.0361328
0 0.57959 0.721191 0.0380859 0.0244141
0 0.553223 0.387695 0.0244141 0.0332031
0 0.493164 0.746582 0.015625 0.0224609
0 0.568848 0.546875 0.0224609 0.0214844
0 0.636719 0.455078 0.0117188 0.0332031
0 0.428711 0.553711 0.0117188 0.0273438
0 0.56543 0.483398 0.0273438 0.0253906
0 0.398438 0.433594 0.03125 0.03125
0 0.546387 0.706543 0.0302734 0.0205078
0 0.511719 0.599121 0.0253906 0.0205078
0 0.504883 0.536621 0.0195312 0.0205078
0 0.412109 0.331055 0.03125 0.0488281
0 0.507812 0.563965 0.0214844 0.0185547
0 0.693848 0.541016 0.0166016 0.0351562
0 0.6875 0.487793 0.0136719 0.0322266
0 0.679688 0.469238 0.0253906 0.0322266
0 0.499512 0.596191 0.0166016 0.0302734
0 0.719727 0.554688 0.015625 0.03125
0 0.433594 0.520996 0.0195312 0.0302734
0 0.55127 0.544434 0.0244141 0.0224609
0 0.659668 0.429199 0.0126953 0.0400391
0 0.544922 0.614746 0.0253906 0.0146484
0 0.522461 0.555176 0.0195312 0.0361328
0 0.465332 0.737305 0.0146484 0.0351562
0 0.543457 0.328125 0.0341797 0.0234375
0 0.637207 0.351562 0.0380859 0.015625
0 0.484863 0.707031 0.0224609 0.0195312
0 0.47168 0.644531 0.0292969 0.0195312
0 0.419434 0.493164 0.0244141 0.0273438
0 0.586914 0.680176 0.0214844 0.0322266
0 0.500977 0.701172 0.0136719 0.0332031
0 0.632324 0.474121 0.0224609 0.0361328
0 0.525879 0.439941 0.0263672 0.0263672
0 0.612793 0.381348 0.0205078 0.0380859
0 0.70166 0.520508 0.0263672 0.0292969
0 0.599609 0.498535 0.0273438 0.0263672
0 0.536621 0.77832 0.0322266 0.0195312
0 0.490234 0.417969 0.0253906 0.0292969
0 0.461426 0.362305 0.0263672 0.0332031
0 0.427734 0.386719 0.0253906 0.0234375
0 0.393555 0.467285 0.0195312 0.0322266
0 0.59668 0.345215 0.0332031 0.0146484
0 0.580078 0.362793 0.0253906 0.0224609
0 0.647461 0.418457 0.0253906 0.0439453
0 0.677734 0.58252 0.0117188 0.0341797
0 0.588379 0.627441 0.0283203 0.0146484
0 0.728516 0.484375 0.0234375 0.0410156
0 0.561523 0.446289 0.0195312 0.0292969
0 0.51709 0.699707 0.0244141 0.0302734
0 0.651367 0.669922 0.015625 0.0253906
0 0.513184 0.730469 0.0302734 0.0214844
0 0.592773 0.592773 0.0253906 0.0292969
0 0.407227 0.552246 0.0253906 0.0283203
0 0.475586 0.662109 0.0273438 0.0273438
0 0.436523 0.759766 0.03125 0.0214844
0 0.592285 0.429688 0.0205078 0.03125
0 0.644531 0.622559 0.00976562 0.0380859
0 0.618164 0.487793 0.015625 0.0458984
0 0.550293 0.345703 0.0322266 0.0195312
0 0.675293 0.648438 0.0126953 0.0390625
0 0.524902 0.339844 0.0302734 0.0195312
0 0.484375 0.574219 0.0214844 0.0410156
0 0.534668 0.589844 0.0244141 0.0136719
0 0.625977 0.614258 0.0273438 0.0234375
0 0.558594 0.646973 0.0292969 0.0263672
0 0.694336 0.642578 0.0273438 0.03125
0 0.460938 0.503906 0.0292969 0.0292969
0 0.438965 0.496094 0.0283203 0.0195312
0 0.495605 0.765625 0.0322266 0.015625
0 0.59668 0.617188 0.0175781 0.03125
0 0.530273 0.759277 0.0273438 0.0302734
0 0.697754 0.620605 0.0263672 0.0302734
0 0.583984 0.291016 0.0234375 0.0507812
0 0.473633 0.791016 0.0195312 0.0410156
0 0.462402 0.526855 0.0302734 0.0185547
0 0.416504 0.365723 0.0341797 0.0244141
0 0.522949 0.615234 0.0205078 0.0214844
0 0.712891 0.734863 0.0371094 0.0263672
0 0.62207 0.635742 0.03125 0.0175781
0 0.650879 0.484375 0.0205078 0.0332031
0 0.674805 0.411133 0.015625 0.0390625
0 0.495605 0.548828 0.0205078 0.0253906
0 0.527832 0.51416 0.0205078 0.0302734
0 0.405273 0.652344 0.0214844 0.0253906
0 0.754395 0.558594 0.0283203 0.0292969
0 0.773926 0.541016 0.0166016 0.03125
0 0.492676 0.63916 0.0283203 0.0244141
0 0.570312 0.459473 0.0253906 0.0341797
0 0.540039 0.533203 0.0292969 0.0195312
0 0.608398 0.671875 0.0292969 0.03125
0 0.779785 0.503418 0.0263672 0.0322266
0 0.537598 0.730957 0.0205078 0.0283203
0 0.522949 0.744629 0.0263672 0.0283203
0 0.626953 0.592285 0.0195312 0.0283203
0 0.541504 0.79541 0.0341797 0.0224609
0 0.504395 0.47168 0.0244141 0.0292969
0 0.757812 0.495117 0.0214844 0.0449219
0 0.614258 0.577148 0.0273438 0.0292969
0 0.578125 0.396973 0.0234375 0.0380859
0 0.550781 0.683105 0.03125 0.0283203
0 0.419922 0.664062 0.015625 0.0410156
0 0.686523 0.60791 0.0195312 0.0361328
0 0.61084 0.538086 0.0185547 0.0390625
0 0.706055 0.481445 0.0273438 0.0292969
0 0.525391 0.419922 0.0253906 0.0292969
0 0.644043 0.702148 0.0205078 0.0390625
0 0.470215 0.602539 0.0263672 0.0273438
