0 0.455078 0.44043 0.0195312 0.0410156
0 0.421875 0.643555 0.015625 0.0546875
0 0.799805 0.438477 0.0292969 0.0527344
0 0.404297 0.727539 0.0488281 0.0449219
0 0.606445 0.293457 0.0175781 0.0380859
0 0.552246 0.689453 0.0185547 0.0683594
0 0.771484 0.321289 0.0429688 0.0664062
0 0.55127 0.30957 0.0205078 0.0644531
0 0.619141 0.505859 0.03125 0.0234375
0 0.780273 0.850586 0.0332031 0.0605469
0 0.607422 0.254395 0.0390625 0.0244141
0 0.44873 0.505859 0.0205078 0.0527344
0 0.587891 0.515625 0.03125 0.0234375
0 0.384277 0.769043 0.0458984 0.0263672
0 0.59375 0.476562 0.0273438 0.0507812
0 0.639648 0.375 0.0253906 0.0449219
0 0.52832 0.431641 0.0214844 0.0429688
0 0.431641 0.785156 0.0234375 0.0507812
0 0.737305 0.714844 0.0292969 0.0234375
0 0.749023 0.354492 0.0175781 0.0566406
0 0.53418 0.475098 0.0175781 0.0517578
0 0.560059 0.378418 0.0224609 0.0615234
0 0.513672 0.380859 0.0117188 0.0488281
0 0.449219 0.470215 0.03125 0.0302734
0 0.564453 0.601074 0.0273438 0.0224609
0 0.670898 0.549316 0.0253906 0.0302734
0 0.470215 0.490723 0.0166016 0.0634766
0 0.622559 0.410645 0.0224609 0.0537109
0 0.679199 0.574219 0.0361328 0.0292969
0 0.580078 0.568848 0.0273438 0.0439453
0 0.586914 0.759277 0.0234375 0.0400391
0 0.48291 0.708984 0.0478516 0.0351562
0 0.526855 0.688477 0.0283203 0.0195312
0 0.592285 0.555664 0.0263672 0.0449219
0 0.737305 0.803711 0.0488281 0.0644531
0 0.568848 0.714844 0.0146484 0.0625
0 0.495605 0.349609 0.0166016 0.0585938
0 0.313477 0.817383 0.015625 0.0566406
0 0.462891 0.763672 0.0351562 0.0195312
0 0.492676 0.442871 0.0244141 0.0615234
0 0.489746 0.402344 0.0224609 0.0429688
0 0.657227 0.658203 0.0332031 0.0390625
0 0.844238 0.588867 0.0302734 0.0644531
0 0.573242 0.485352 0.0136719 0.0449219
0 0.757324 0.62793 0.0185547 0.0683594
0 0.516602 0.540527 0.0371094 0.0341797
0 0.463867 0.726562 0.0410156 0.0273438
0 0.549805 0.358887 0.0136719 0.0478516
0 0.651367 0.291992 0.0253906 0.0488281
0 0.597656 0.692871 0.015625 0.0498047
0 0.558105 0.769531 0.0380859 0.0507812
0 0.633789 0.31543 0.0175781 0.0585938
0 0.44873 0.647461 0.0380859 0.0410156
0 0.613281 0.325195 0.0273438 0.0332031
0 0.395996 0.802734 0.0498047 0.0449219
0 0.710449 0.826172 0.0439453 0.0625
0 0.678711 0.900391 0.0273438 0.0664062
