0 0.49707 0.323242 0.0292969 0.03125
0 0.401855 0.811523 0.0185547 0.0566406
0 0.396484 0.310547 0.0195312 0.0390625
0 0.523926 0.714844 0.0322266 0.0273438
0 0.407715 0.705566 0.0166016 0.0576172
0 0.320312 0.391602 0.0273438 0.0332031
0 0.30957 0.62793 0.0253906 0.0527344
0 0.370117 0.742188 0.0292969 0.0429688
0 0.442871 0.72168 0.0244141 0.0410156
0 0.53125 0.374023 0.03125 0.0292969
0 0.324219 0.362305 0.03125 0.03125
0 0.479004 0.437012 0.0224609 0.0361328
0 0.306641 0.364258 0.03125 0.0332031
0 0.51123 0.32373 0.0224609 0.0458984
0 0.368164 0.768555 0.0234375 0.0332031
0 0.289551 0.521973 0.0283203 0.0458984
0 0.438477 0.337891 0.0214844 0.046875
0 0.38916 0.722656 0.0224609 0.0429688
0 0.337891 0.455566 0.0195312 0.0517578
0 0.438965 0.414551 0.0244141 0.0478516
0 0.305664 0.532715 0.0195312 0.0556641
0 0.332031 0.53125 0.0234375 0.0429688
0 0.274414 0.446289 0.0234375 0.0488281
0 0.469238 0.458008 0.0185547 0.0507812
0 0.464355 0.753418 0.0166016 0.0556641
0 0.52832 0.44873 0.0253906 0.0673828
0 0.401855 0.756836 0.0224609 0.0449219
0 0.49707 0.424805 0.0253906 0.0410156
0 0.463867 0.3125 0.0273438 0.0429688
0 0.416992 0.694336 0.015625 0.0527344
0 0.413086 0.363281 0.0273438 0.03125
0 0.37207 0.212891 0.0214844 0.0527344
0 0.402832 0.294434 0.0205078 0.0458984
0 0.42627 0.336426 0.0205078 0.0419922
0 0.441895 0.752441 0.0302734 0.0380859
0 0.289062 0.577637 0.0273438 0.0517578
0 0.402344 0.55957 0.0175781 0.0527344
0 0.459473 0.433105 0.0146484 0.0517578
0 0.338379 0.585938 0.0302734 0.0351562
0 0.247559 0.65918 0.0185547 0.0644531
0 0.295898 0.661133 0.0292969 0.0292969
0 0.419922 0.586914 0.0234375 0.0449219
0 0.194824 0.662598 0.0322266 0.0576172
0 0.32373 0.516602 0.0185547 0.0566406
0 0.331543 0.628418 0.0205078 0.0576172
0 0.405762 0.34668 0.0302734 0.0371094
0 0.40918 0.800781 0.0292969 0.0429688
0 0.726562 0.706055 0.03125 0.0292969
0 0.346191 0.500977 0.0283203 0.0449219
0 0.510254 0.396484 0.0283203 0.0351562
0 0.378418 0.705566 0.0263672 0.0478516
0 0.479004 0.365723 0.0205078 0.0537109
0 0.38916 0.345215 0.0283203 0.0361328
0 0.440918 0.691406 0.0263672 0.0449219
0 0.480469 0.410645 0.0175781 0.0537109
0 0.425293 0.757812 0.0244141 0.0507812
0 0.419922 0.394043 0.03125 0.0400391
0 0.319336 0.410156 0.0273438 0.0292969
0 0.308594 0.600586 0.0273438 0.046875
0 0.556641 0.376465 0.0195312 0.0615234
0 0.354492 0.630859 0.0214844 0.0488281
0 0.432129 0.378906 0.0302734 0.03125
0 0.324707 0.444336 0.0283203 0.0527344
0 0.381348 0.533691 0.0283203 0.0380859
0 0.473633 0.324219 0.0234375 0.046875
0 0.486328 0.726562 0.0214844 0.0507812
0 0.409668 0.534668 0.0244141 0.0380859
0 0.524414 0.250488 0.0253906 0.0302734
0 0.366699 0.307129 0.0224609 0.0576172
0 0.501953 0.795898 0.0351562 0.0410156
0 0.379395 0.554199 0.0302734 0.0263672
0 0.533203 0.338379 0.0253906 0.0517578
0 0.256348 0.644531 0.0224609 0.0585938
0 0.501953 0.379395 0.0273438 0.0400391
0 0.404785 0.188477 0.0224609 0.0332031
0 0.366211 0.455566 0.0214844 0.0537109
0 0.536133 0.743164 0.0292969 0.0332031
0 0.424805 0.793457 0.03125 0.0302734
0 0.407715 0.258301 0.0224609 0.0498047
0 0.541016 0.500488 0.0234375 0.0595703
0 0.370605 0.648438 0.0283203 0.0390625
0 0.449219 0.258301 0.03125 0.0400391
0 0.378418 0.280273 0.0166016 0.0527344
0 0.386719 0.50293 0.0214844 0.0488281
0 0.564941 0.166016 0.0263672 0.0332031
0 0.336426 0.323242 0.0244141 0.0527344
0 0.470703 0.788086 0.0234375 0.0605469
0 0.463867 0.241699 0.0234375 0.0380859
0 0.319336 0.818359 0.0253906 0.0488281
0 0.32373 0.297852 0.0263672 0.0371094
0 0.393555 0.669922 0.03125 0.0351562
0 0.310059 0.305664 0.0263672 0.0527344
0 0.48584 0.499023 0.0224609 0.0488281
0 0.420898 0.658203 0.0332031 0.0429688
0 0.602539 0.743164 0.0292969 0.0410156
0 0.42041 0.518066 0.0322266 0.0322266
0 0.436035 0.543945 0.0283203 0.0332031
0 0.282715 0.629883 0.0244141 0.0527344
0 0.430664 0.295898 0.03125 0.0292969
0 0.378906 0.584961 0.0234375 0.046875
0 0.506836 0.472656 0.0214844 0.0585938
0 0.396973 0.388672 0.0302734 0.0371094
0 0.233398 0.446777 0.0273438 0.0458984
0 0.580078 0.51123 0.0273438 0.0537109
0 0.521484 0.682617 0.0253906 0.0488281
0 0.332031 0.557617 0.0292969 0.0410156
0 0.440918 0.835938 0.0341797 0.03125
0 0.751953 0.550293 0.0273438 0.0380859
0 0.248535 0.496094 0.0341797 0.0351562
0 0.503418 0.839844 0.0205078 0.0546875
0 0.386719 0.436035 0.0234375 0.0458984
0 0.394531 0.486328 0.0195312 0.046875
0 0.462891 0.607422 0.0273438 0.046875
0 0.255859 0.53125 0.03125 0.0351562
0 0.541992 0.669922 0.0253906 0.0546875
