0 0.417969 0.996582 0.03125 0.00683594
0 0.495605 0.616699 0.0205078 0.0107422
0 0.619141 0.358887 0.00976562 0.0263672
0 0.43457 0.974609 0.03125 0.0214844
0 0.365234 0.446777 0.0175781 0.0224609
0 0.613281 0.330078 0.0195312 0.0410156
0 0.507324 0.979492 0.0263672 0.0351562
0 0.22998 0.783203 0.0283203 0.0214844
0 0.455078 0.380371 0.0234375 0.0185547
0 0.432129 0.57666 0.0263672 0.0244141
0 0.398926 0.582031 0.0263672 0.0253906
0 0.28418 0.32373 0.0234375 0.0205078
0 0.38623 0.623047 0.0166016 0.0351562
0 0.552734 0.487305 0.0195312 0.0351562
