0 0.699219 0.509766 0.0488281 0.0175781
0 0.654297 0.416992 0.0566406 0.0117188
0 0.682617 0.251465 0.0898438 0.0458984
0 0.400879 0.344727 0.0810547 0.015625
0 0.591797 0.567871 0.03125 0.0322266
0 0.532227 0.607422 0.0546875 0.0371094
0 0.447266 0.435547 0.0527344 0.0410156
0 0.487305 0.260254 0.0488281 0.0322266
0 0.428711 0.394531 0.0644531 0.0292969
0 0.569824 0.384766 0.0576172 0.015625
0 0.556152 0.371582 0.0537109 0.0166016
0 0.646484 0.468262 0.03125 0.0400391
0 0.604004 0.489258 0.0439453 0.0214844
0 0.550781 0.566895 0.0625 0.0205078
0 0.602051 0.364746 0.0615234 0.0263672
0 0.704102 0.539551 0.0703125 0.0185547
0 0.532715 0.484375 0.0556641 0.015625
0 0.540039 0.322754 0.0214844 0.0498047
0 0.394043 0.490234 0.0400391 0.0566406
0 0.493164 0.482422 0.0351562 0.0390625
0 0.634766 0.45459 0.0332031 0.0400391
0 0.673828 0.433105 0.0488281 0.0244141
0 0.518066 0.634766 0.0205078 0.0410156
0 0.619629 0.442383 0.0302734 0.046875
0 0.472168 0.40625 0.0595703 0.0253906
0 0.741699 0.517578 0.0322266 0.0507812
0 0.423828 0.364258 0.0527344 0.015625
0 0.56543 0.554688 0.0507812 0.0195312
0 0.591309 0.544434 0.0634766 0.0166016
0 0.465332 0.47168 0.0283203 0.0449219
0 0.731934 0.443848 0.0380859 0.0439453
0 0.446289 0.28418 0.0449219 0.0371094
0 0.555664 0.59082 0.0507812 0.0253906
0 0.696777 0.436523 0.0439453 0.0371094
0 0.345215 0.601074 0.0419922 0.0361328
0 0.584473 0.519531 0.0439453 0.0351562
0 0.434082 0.555176 0.0498047 0.0478516
0 0.615723 0.588379 0.0283203 0.0419922
0 0.523438 0.401367 0.0546875 0.0351562
0 0.559082 0.328125 0.0263672 0.0390625
0 0.688965 0.460449 0.0576172 0.0146484
0 0.505371 0.32373 0.0556641 0.0380859
0 0.534668 0.420898 0.0478516 0.0273438
0 0.503906 0.550781 0.0292969 0.0371094
0 0.538086 0.356445 0.0546875 0.0214844
0 0.487793 0.585938 0.0341797 0.0410156
0 0.361328 0.550781 0.0566406 0.0507812
0 0.532227 0.444336 0.0351562 0.0390625
0 0.421875 0.419434 0.0566406 0.0263672
0 0.546875 0.508789 0.0429688 0.0332031
0 0.418945 0.616699 0.0566406 0.0283203
0 0.590332 0.454102 0.0224609 0.0410156
0 0.43457 0.492676 0.0371094 0.0380859
0 0.527344 0.537109 0.0214844 0.0390625
0 0.78418 0.44043 0.0585938 0.0253906
0 0.36084 0.478516 0.0302734 0.0410156
0 0.555664 0.47168 0.0390625 0.0351562
0 0.318848 0.445312 0.0419922 0.0351562
