0 0.441406 0.513672 0.0117188 0.0351562
0 0.996094 0.0722656 0.0078125 0.0605469
0 0.459961 0.359863 0.0371094 0.0302734
0 0.79834 0.0224609 0.0224609 0.0449219
0 0.444824 0.406738 0.0361328 0.0302734
0 0.655273 0.472168 0.0332031 0.0341797
0 0.6875 0.0888672 0.0390625 0.0566406
0 0.453613 0.55127 0.0341797 0.0419922
0 0.474609 0.429688 0.0371094 0.0507812
0 0.478027 0.390625 0.0439453 0.0371094
0 0.357422 0.562988 0.03125 0.0986328
0 0.42041 0.537109 0.0439453 0.0234375
0 0.936035 0.0214844 0.0224609 0.0410156
0 0.429688 0.608398 0.0429688 0.0410156
0 0.517578 0.791016 0.0585938 0.0507812
0 0.438965 0.487793 0.0439453 0.0322266
0 0.699219 0.385254 0.0273438 0.0673828
0 0.53125 0.464844 0.0351562 0.0234375
0 0.714844 0.377441 0.0273438 0.0595703
0 0.722656 0.151367 0.0234375 0.0800781
0 0.612305 0.425781 0.0371094 0.0703125
