0 0.409668 0.469727 0.0302734 0.0292969
0 0.299316 0.316895 0.0205078 0.0322266
0 0.276855 0.432617 0.0244141 0.0332031
0 0.551758 0.45459 0.0234375 0.0166016
0 0.253906 0.384766 0.0136719 0.0195312
0 0.501953 0.556152 0.0078125 0.0244141
0 0.412109 0.494629 0.0175781 0.0302734
0 0.563965 0.422852 0.0126953 0.0449219
0 0.283691 0.48584 0.0205078 0.0244141
0 0.334961 0.456055 0.0253906 0.0195312
0 0.534668 0.453613 0.0166016 0.0380859
0 0.558594 0.469238 0.0234375 0.0224609
0 0.400879 0.426758 0.0322266 0.0253906
0 0.667969 0.331055 0.0195312 0.0253906
0 0.542969 0.509277 0.0117188 0.0400391
0 0.552246 0.496582 0.0146484 0.0341797
0 0.503906 0.362305 0.015625 0.0410156
0 0.38916 0.416992 0.0302734 0.0253906
0 0.519531 0.356445 0.015625 0.0488281
0 0.444336 0.289551 0.0214844 0.0224609
0 0.522461 0.474609 0.0136719 0.0429688
0 0.393066 0.737305 0.0224609 0.0332031
0 0.548828 0.430664 0.0234375 0.0292969
0 0.568359 0.520996 0.0195312 0.0419922
0 0.358887 0.700195 0.0283203 0.0292969
0 0.419922 0.424805 0.015625 0.0292969
0 0.393066 0.445801 0.0302734 0.0166016
0 0.244141 0.478516 0.015625 0.0390625
0 0.533691 0.5625 0.0185547 0.0351562
0 0.516113 0.515137 0.0185547 0.0341797
0 0.530273 0.597656 0.0117188 0.03125
0 0.405273 0.479004 0.0234375 0.0244141
0 0.248535 0.437988 0.0205078 0.0419922
0 0.231934 0.380859 0.0185547 0.0214844
0 0.270508 0.643066 0.00976562 0.0302734
0 0.398926 0.300781 0.0126953 0.0390625
0 0.284668 0.375 0.0263672 0.0195312
0 0.539062 0.486328 0.0214844 0.0351562
0 0.657227 0.801758 0.0292969 0.0351562
0 0.274902 0.408691 0.0341797 0.0185547
0 0.404297 0.45752 0.015625 0.0341797
0 0.35498 0.630859 0.0244141 0.0410156
0 0.347656 0.493652 0.0273438 0.0400391
0 0.334473 0.467285 0.0244141 0.0244141
0 0.415039 0.597656 0.0175781 0.03125
0 0.676758 0.308594 0.0332031 0.0195312
0 0.55957 0.514648 0.0175781 0.0371094
0 0.283203 0.467773 0.0214844 0.0332031
0 0.544434 0.571289 0.0185547 0.0371094
0 0.264648 0.459961 0.0195312 0.0332031
0 0.832031 0.423828 0.0234375 0.0546875
0 0.634766 0.536133 0.03125 0.0214844
0 0.387207 0.475586 0.0244141 0.0292969
0 0.337402 0.561523 0.0263672 0.0292969
0 0.637695 0.662598 0.0371094 0.0263672
0 0.609375 0.630859 0.0273438 0.0214844
0 0.419434 0.462402 0.0244141 0.0205078
0 0.250977 0.396484 0.0195312 0.03125
0 0.27002 0.433594 0.0185547 0.0273438
0 0.416992 0.568848 0.0253906 0.0302734
0 0.273438 0.833008 0.0234375 0.0351562
0 0.682617 0.337402 0.0175781 0.0458984
0 0.782227 0.402832 0.0253906 0.0380859
0 0.614258 0.597656 0.0332031 0.0429688
0 0.605957 0.838867 0.0224609 0.0488281
0 0.757324 0.219727 0.0166016 0.0449219
0 0.495117 0.344727 0.0175781 0.0429688
0 0.714844 0.225098 0.015625 0.0439453
0 0.285156 0.431641 0.0117188 0.0390625
0 0.395508 0.582031 0.0175781 0.046875
0 0.57959 0.580078 0.0302734 0.0195312
0 0.564453 0.725586 0.0234375 0.0292969
0 0.584961 0.744629 0.0234375 0.0419922
0 0.364746 0.438965 0.0322266 0.0341797
0 0.370605 0.728516 0.0146484 0.0390625
0 0.679688 0.435059 0.0234375 0.0302734
0 0.302734 0.4375 0.0253906 0.0273438
0 0.399902 0.397461 0.0263672 0.0234375
0 0.157715 0.525391 0.0205078 0.0390625
0 0.318848 0.437988 0.0185547 0.0419922
0 0.354492 0.538086 0.0234375 0.0292969
0 0.510742 0.580078 0.0175781 0.0292969
0 0.48584 0.316895 0.0126953 0.0439453
0 0.334961 0.725586 0.0292969 0.0214844
0 0.753906 0.415527 0.0273438 0.0341797
0 0.799316 0.272949 0.0205078 0.0458984
0 0.516602 0.636719 0.0175781 0.0449219
0 0.229492 0.413086 0.0195312 0.0332031
0 0.782715 0.511719 0.0302734 0.0273438
0 0.529297 0.634766 0.0195312 0.0351562
