0 0.492188 0.708984 0.0195312 0.0390625
0 0.59668 0.477051 0.00976562 0.0224609
0 0.589844 0.460938 0.0195312 0.0117188
0 0.549805 0.475098 0.0195312 0.0244141
0 0.520996 0.539062 0.0185547 0.03125
0 0.625977 0.599609 0.0292969 0.0117188
0 0.48584 0.70752 0.0126953 0.0419922
0 0.535156 0.615723 0.0195312 0.0224609
0 0.484375 0.492676 0.0214844 0.0283203
0 0.474609 0.509277 0.0253906 0.0205078
0 0.515625 0.814453 0.0234375 0.0175781
0 0.474609 0.620117 0.0136719 0.0488281
0 0.480957 0.70752 0.0107422 0.0400391
0 0.523926 0.65332 0.0107422 0.0332031
0 0.553223 0.66748 0.0146484 0.0419922
0 0.59375 0.730957 0.0273438 0.0283203
0 0.570801 0.519531 0.0283203 0.0234375
0 0.524902 0.456055 0.0244141 0.0371094
0 0.563477 0.487793 0.0175781 0.0302734
0 0.529297 0.78125 0.0214844 0.0351562
0 0.598145 0.702637 0.0166016 0.0322266
