0 0.38916 0.633301 0.0244141 0.0556641
0 0.456543 0.50293 0.0107422 0.0410156
0 0.432617 0.669922 0.0234375 0.0273438
0 0.417969 0.644043 0.0175781 0.0419922
0 0.461914 0.673828 0.0292969 0.0332031
0 0.519531 0.644531 0.0273438 0.03125
0 0.366699 0.61377 0.0517578 0.0517578
0 0.436035 0.625 0.0322266 0.0644531
1 0.577148 0.705566 0.0742188 0.129883
0 0.501953 0.601562 0.0390625 0.0371094
0 0.383301 0.536621 0.0341797 0.0341797
0 0.413086 0.583008 0.0273438 0.0605469
0 0.378906 0.374512 0.0195312 0.0654297
