0 0.379883 0.378906 0.0214844 0.0371094
0 0.619141 0.276855 0.03125 0.0263672
0 0.657227 0.641602 0.0292969 0.0488281
0 0.405762 0.782227 0.0361328 0.0292969
0 0.623047 0.255859 0.0253906 0.0390625
0 0.783203 0.842773 0.03125 0.0605469
0 0.388672 0.157227 0.0214844 0.0488281
0 0.1875 0.183105 0.0390625 0.0341797
0 0.485352 0.311523 0.0332031 0.0332031
0 0.438477 0.518555 0.0371094 0.0253906
0 0.410156 0.48291 0.0234375 0.0478516
0 0.674805 0.384277 0.0253906 0.0498047
0 0.40332 0.577637 0.0351562 0.0263672
0 0.545898 0.513672 0.0351562 0.0429688
0 0.249023 0.478027 0.0371094 0.0263672
0 0.420898 0.653809 0.0234375 0.0498047
0 0.363281 0.615234 0.0390625 0.0390625
0 0.382324 0.789062 0.0283203 0.0546875
0 0.501953 0.673828 0.0292969 0.0390625
0 0.62207 0.538574 0.0292969 0.0439453
0 0.560059 0.209473 0.0419922 0.0302734
0 0.471191 0.400391 0.0380859 0.03125
0 0.611328 0.699219 0.0390625 0.0390625
0 0.625977 0.567383 0.0351562 0.0332031
0 0.348145 0.199219 0.0283203 0.0429688
0 0.32666 0.257812 0.0419922 0.03125
0 0.54541 0.652344 0.0283203 0.0546875
0 0.566406 0.242188 0.0390625 0.03125
0 0.661133 0.330078 0.0371094 0.03125
0 0.276367 0.42627 0.0332031 0.0439453
0 0.380859 0.728516 0.0351562 0.0390625
0 0.306152 0.205078 0.0322266 0.046875
0 0.492188 0.760742 0.03125 0.0449219
0 0.705078 0.572266 0.0351562 0.0351562
0 0.334473 0.577148 0.0322266 0.0410156
0 0.409668 0.527344 0.0244141 0.046875
