0 0.364746 0.403809 0.0263672 0.0302734
0 0.516602 0.604492 0.0136719 0.0410156
0 0.497559 0.61377 0.0205078 0.0458984
0 0.512695 0.614258 0.0175781 0.0488281
0 0.576172 0.116699 0.0351562 0.0400391
0 0.548828 0.513184 0.0195312 0.0419922
0 0.48877 0.573242 0.0302734 0.0410156
0 0.512695 0.57373 0.0371094 0.0302734
0 0.55957 0.620117 0.0332031 0.0449219
0 0.390137 0.44043 0.0478516 0.0273438
0 0.557617 0.111816 0.0332031 0.0458984
0 0.541016 0.388672 0.0234375 0.0507812
0 0.441406 0.433105 0.0332031 0.0283203
0 0.536133 0.56543 0.0332031 0.0253906
0 0.617676 0.587891 0.0439453 0.0332031
0 0.504883 0.646484 0.0292969 0.0410156
0 0.52832 0.62793 0.0253906 0.0410156
0 0.418945 0.417969 0.0292969 0.0273438
0 0.369629 0.415039 0.0322266 0.0253906
0 0.465332 0.316406 0.0439453 0.0527344
0 0.466797 0.640625 0.0273438 0.0351562
0 0.338379 0.553711 0.0263672 0.0566406
0 0.466797 0.599609 0.0390625 0.0429688
0 0.403809 0.571289 0.0361328 0.0449219
0 0.501953 0.425293 0.0351562 0.0244141
0 0.416016 0.640625 0.0390625 0.0234375
0 0.367188 0.599609 0.0292969 0.0546875
0 0.343262 0.405273 0.0185547 0.0488281
0 0.277344 0.582031 0.046875 0.0351562
0 0.520508 0.520996 0.0175781 0.0478516
0 0.483398 0.635742 0.0214844 0.0410156
0 0.494629 0.530273 0.0302734 0.0253906
0 0.457031 0.527832 0.0371094 0.0380859
