0 0.18457 0.626953 0.0742188 0.0332031
0 0.475586 0.692383 0.0527344 0.0429688
0 0.333984 0.574219 0.0507812 0.0292969
0 0.771484 0.261719 0.0683594 0.0390625
0 0.351562 0.909668 0.0644531 0.0576172
0 0.495605 0.696289 0.0498047 0.0664062
0 0.674805 0.265137 0.0585938 0.0302734
0 0.870117 0.897949 0.078125 0.0380859
0 0.724609 0.279785 0.0664062 0.0400391
0 0.181152 0.647949 0.0732422 0.0458984
0 0.148926 0.769531 0.0751953 0.0410156
0 0.60498 0.915527 0.0537109 0.0556641
0 0.438965 0.496582 0.0673828 0.0341797
0 0.199219 0.780762 0.0527344 0.0419922
0 0.63623 0.282715 0.0615234 0.0361328
0 0.535645 0.668945 0.0400391 0.0585938
0 0.393555 0.916016 0.0585938 0.0488281
0 0.549316 0.574707 0.0693359 0.0615234
0 0.352051 0.694336 0.0556641 0.0585938
0 0.379883 0.625488 0.0742188 0.0283203
0 0.313477 0.430176 0.0800781 0.0302734
0 0.17041 0.531738 0.0849609 0.0361328
0 0.825195 0.490723 0.0742188 0.0478516
0 0.213867 0.235352 0.0566406 0.0332031
0 0.378906 0.594238 0.0683594 0.0263672
0 0.335449 0.375488 0.0498047 0.0556641
0 0.855469 0.86084 0.0683594 0.0498047
0 0.627441 0.19043 0.0771484 0.0351562
0 0.447266 0.838379 0.0546875 0.0439453
0 0.342285 0.452637 0.0537109 0.0498047
0 0.358887 0.722656 0.0751953 0.0292969
0 0.746582 0.455566 0.0498047 0.0615234
0 0.114746 0.422363 0.0810547 0.0498047
0 0.378906 0.797852 0.0488281 0.0546875
0 0.298828 0.126953 0.0585938 0.0527344
0 0.210938 0.507812 0.078125 0.0371094
0 0.532715 0.74707 0.0732422 0.0429688
0 0.44873 0.171875 0.0478516 0.0585938
0 0.281738 0.242188 0.0771484 0.0371094
0 0.323242 0.3125 0.0488281 0.0605469
0 0.489258 0.405273 0.046875 0.0585938
0 0.675781 0.37793 0.0546875 0.0449219
0 0.750488 0.804199 0.0478516 0.0615234
0 0.822266 0.339355 0.0527344 0.0498047
0 0.578125 0.286621 0.0742188 0.0302734
0 0.682617 0.428711 0.0703125 0.0390625
0 0.55957 0.974121 0.0488281 0.0517578
0 0.17334 0.225586 0.0732422 0.0449219
0 0.272949 0.589844 0.0712891 0.0507812
0 0.730469 0.545898 0.0488281 0.0605469
0 0.859863 0.429199 0.0537109 0.0595703
0 0.633789 0.693848 0.0664062 0.0439453
0 0.275879 0.210449 0.0732422 0.0380859
0 0.59668 0.691895 0.0683594 0.0419922
0 0.336914 0.744141 0.0683594 0.0332031
0 0.168457 0.383301 0.0595703 0.0556641
0 0.674316 0.742188 0.0478516 0.0527344
0 0.797363 0.77002 0.0537109 0.0478516
0 0.863281 0.752441 0.046875 0.0595703
0 0.568848 0.388672 0.0751953 0.0390625
0 0.671875 0.51709 0.046875 0.0654297
0 0.783203 0.607422 0.0625 0.0546875
0 0.409668 0.389648 0.0595703 0.0507812
0 0.452148 0.216309 0.0703125 0.0556641
0 0.358398 0.651367 0.0585938 0.0449219
0 0.599121 0.817871 0.0673828 0.0556641
