0 0.439941 0.249023 0.0634766 0.0351562
0 0.750977 0.415039 0.0507812 0.046875
0 0.372559 0.650879 0.0693359 0.0419922
0 0.599609 0.787109 0.0742188 0.0410156
0 0.336914 0.500977 0.0625 0.0566406
0 0.741211 0.643555 0.0585938 0.0527344
0 0.591309 0.629395 0.0400391 0.0556641
0 0.435547 0.618652 0.046875 0.0595703
0 0.716309 0.385742 0.0439453 0.0664062
0 0.331055 0.257324 0.0488281 0.0615234
0 0.578125 0.409668 0.0820312 0.0439453
0 0.667969 0.411133 0.0742188 0.03125
0 0.476562 0.677734 0.0683594 0.0449219
0 0.473633 0.525391 0.0625 0.0703125
0 0.346191 0.400391 0.0615234 0.0566406
0 0.59668 0.581055 0.0742188 0.0449219
0 0.65918 0.578125 0.0703125 0.0390625
