0 0.523438 0.583984 0.0390625 0.0273438
0 0.533691 0.573242 0.0458984 0.0175781
0 0.526855 0.627441 0.0498047 0.0166016
0 0.603027 0.72998 0.0380859 0.0224609
0 0.582031 0.729492 0.0292969 0.0390625
0 0.462402 0.77002 0.0205078 0.0400391
0 0.534668 0.67627 0.0517578 0.0205078
0 0.546387 0.784668 0.0302734 0.0439453
0 0.473633 0.547852 0.046875 0.015625
0 0.527832 0.792969 0.0380859 0.0488281
0 0.53418 0.614258 0.0488281 0.015625
0 0.444336 0.842773 0.0253906 0.0390625
0 0.493164 0.557129 0.0332031 0.0224609
0 0.501465 0.517578 0.0283203 0.0371094
0 0.51123 0.722656 0.0361328 0.0292969
0 0.481445 0.662109 0.0273438 0.0429688
0 0.499023 0.539551 0.0332031 0.0302734
0 0.455078 0.795898 0.0351562 0.0429688
0 0.486328 0.775879 0.0371094 0.0400391
