0 0.339844 0.470703 0.0253906 0.0507812
0 0.527832 0.382324 0.0205078 0.0439453
0 0.481445 0.514648 0.0332031 0.0332031
0 0.512207 0.382324 0.0244141 0.0302734
0 0.485352 0.474609 0.0253906 0.0488281
0 0.583496 0.389648 0.0439453 0.0429688
0 0.493652 0.42334 0.0185547 0.0439453
0 0.513672 0.450684 0.0292969 0.0458984
0 0.537598 0.362793 0.0302734 0.0498047
0 0.51416 0.403809 0.0322266 0.0361328
0 0.563477 0.492188 0.0371094 0.0195312
0 0.61084 0.367188 0.0400391 0.0253906
0 0.40625 0.443359 0.0371094 0.0527344
0 0.490723 0.543945 0.0439453 0.0292969
0 0.394043 0.505859 0.0224609 0.046875
0 0.429199 0.546875 0.0419922 0.0292969
0 0.563477 0.361816 0.0253906 0.0498047
0 0.431152 0.342773 0.0244141 0.0449219
0 0.359375 0.466797 0.03125 0.0449219
0 0.51123 0.418457 0.0341797 0.0517578
0 0.410156 0.505371 0.03125 0.0302734
0 0.455566 0.555176 0.0126953 0.0439453
0 0.377441 0.492188 0.0166016 0.046875
0 0.429688 0.43457 0.0195312 0.0527344
0 0.435547 0.484863 0.0195312 0.0517578
0 0.480957 0.564453 0.0380859 0.015625
0 0.63623 0.450684 0.0224609 0.0595703
0 0.562012 0.525879 0.0322266 0.0556641
0 0.490723 0.376953 0.0224609 0.0585938
0 0.577637 0.421875 0.0380859 0.0273438
0 0.456055 0.390625 0.0195312 0.0507812
0 0.354492 0.66748 0.0214844 0.0498047
0 0.351074 0.5 0.0419922 0.0371094
0 0.636719 0.376465 0.015625 0.0498047
0 0.614746 0.389648 0.0361328 0.0410156
0 0.470703 0.431641 0.0214844 0.0546875
0 0.553223 0.471191 0.0498047 0.0283203
0 0.533203 0.541504 0.0195312 0.0595703
0 0.458984 0.508301 0.0214844 0.0615234
0 0.373047 0.521484 0.0390625 0.0332031
0 0.376953 0.314941 0.0273438 0.0654297
0 0.451172 0.45752 0.0214844 0.0556641
0 0.532227 0.500977 0.0371094 0.0292969
0 0.553711 0.443848 0.0429688 0.0302734
0 0.45459 0.591309 0.0458984 0.0283203
0 0.407227 0.3125 0.0390625 0.0253906
0 0.428711 0.524414 0.0449219 0.0253906
0 0.628418 0.520508 0.0205078 0.0625
0 0.450684 0.333984 0.0302734 0.0546875
0 0.513672 0.475098 0.0390625 0.0380859
0 0.332031 0.456055 0.0292969 0.0585938
0 0.592773 0.350098 0.0527344 0.0322266
0 0.544922 0.400879 0.03125 0.0576172
0 0.628906 0.418945 0.0332031 0.0488281
0 0.65332 0.384766 0.0195312 0.0703125
0 0.677246 0.415039 0.0419922 0.0332031
0 0.613281 0.495117 0.0234375 0.0683594
0 0.510742 0.515137 0.0390625 0.0400391
0 0.408203 0.412109 0.0292969 0.0605469
0 0.314941 0.515137 0.0224609 0.0595703
0 0.444336 0.416504 0.0292969 0.0322266
0 0.602539 0.43457 0.0332031 0.0664062
0 0.668457 0.476074 0.0400391 0.0224609
0 0.598633 0.480469 0.0371094 0.0664062
0 0.404297 0.482422 0.0429688 0.0351562
0 0.472168 0.611816 0.0458984 0.0263672
0 0.663086 0.444824 0.03125 0.0419922
0 0.483398 0.328613 0.0273438 0.0576172
0 0.303711 0.465332 0.0214844 0.0615234
0 0.414551 0.365234 0.0263672 0.0449219
