0 0.972656 0.511719 0.0371094 0.0351562
0 0.992676 0.425293 0.0146484 0.0556641
0 0.763672 0.522461 0.0683594 0.0390625
0 0.979004 0.464355 0.0419922 0.0283203
0 0.930664 0.527344 0.03125 0.0527344
0 0.943359 0.481445 0.0390625 0.0273438
0 0.982422 0.52832 0.0351562 0.0488281
0 0.442871 0.535645 0.0458984 0.0341797
0 0.366699 0.538086 0.0283203 0.0996094
0 0.456543 0.57666 0.0595703 0.0576172
0 0.585938 0.472656 0.0605469 0.0859375
0 0.246582 0.527832 0.0830078 0.0634766
0 0.928711 0.554688 0.046875 0.0449219
0 0.395508 0.571777 0.046875 0.0595703
0 0.949219 0.503906 0.0527344 0.0429688
0 0.566895 0.595703 0.0634766 0.0546875
0 0.76416 0.615234 0.0419922 0.0546875
0 0.746094 0.587402 0.0507812 0.0439453
0 0.724609 0.57373 0.0566406 0.0400391
0 0.732422 0.629883 0.046875 0.0566406
0 0.504395 0.533203 0.0634766 0.0664062
0 0.382324 0.614258 0.0537109 0.0488281
0 0.785156 0.5625 0.0527344 0.0410156
0 0.527344 0.581055 0.0585938 0.0664062
0 0.800781 0.598633 0.0410156 0.0410156
1 0.306641 0.432129 0.164062 0.219727
