0 0.856934 0.455078 0.0283203 0.0332031
0 0.512695 0.48877 0.0761719 0.0224609
0 0.0483398 0.444336 0.0400391 0.0410156
0 0.16748 0.384277 0.0673828 0.0244141
0 0.0126953 0.386719 0.0253906 0.0488281
0 0.85498 0.582031 0.0400391 0.0449219
0 0.306152 0.378418 0.0517578 0.0263672
0 0.750488 0.44873 0.0439453 0.0576172
0 0.694824 0.70166 0.0576172 0.0419922
0 0.285645 0.438965 0.0439453 0.0478516
0 0.233398 0.35498 0.0683594 0.0341797
0 0.37793 0.352051 0.0507812 0.0439453
0 0.746094 0.681152 0.0527344 0.0458984
0 0.524902 0.464355 0.0751953 0.0341797
0 0.399414 0.400879 0.0546875 0.0537109
