0 0.553711 0.677734 0.0234375 0.03125
0 0.516113 0.720703 0.0205078 0.0488281
0 0.536621 0.65332 0.0205078 0.0449219
0 0.521484 0.574707 0.0449219 0.0419922
0 0.512207 0.657227 0.0185547 0.0546875
0 0.519043 0.549805 0.0302734 0.0234375
0 0.494629 0.519531 0.0263672 0.0390625
0 0.614746 0.632812 0.0322266 0.0390625
0 0.519043 0.368652 0.0419922 0.0361328
0 0.543945 0.699219 0.046875 0.0175781
0 0.550781 0.625977 0.0195312 0.0605469
0 0.485352 0.292969 0.0546875 0.0644531
0 0.513672 0.691406 0.0234375 0.0449219
0 0.624512 0.681641 0.0400391 0.0449219
0 0.45752 0.307129 0.0205078 0.0517578
0 0.479004 0.436523 0.0166016 0.0546875
0 0.542969 0.71875 0.0390625 0.0214844
0 0.5 0.731934 0.0253906 0.0537109
0 0.503906 0.504395 0.0292969 0.0458984
0 0.594727 0.661621 0.03125 0.0380859
0 0.511719 0.495117 0.0253906 0.0566406
0 0.627441 0.653809 0.0419922 0.0419922
0 0.518555 0.755859 0.0214844 0.0566406
0 0.586914 0.612305 0.0488281 0.0292969
0 0.535156 0.621094 0.0195312 0.0546875
0 0.476562 0.495117 0.0214844 0.0546875
0 0.479004 0.538574 0.0517578 0.0263672
0 0.532227 0.749512 0.015625 0.0478516
0 0.510254 0.609375 0.0380859 0.0546875
0 0.501953 0.780273 0.03125 0.0703125
0 0.598633 0.723145 0.0332031 0.0380859
0 0.58252 0.67334 0.0341797 0.0302734
0 0.535645 0.55127 0.0322266 0.0576172
0 0.494141 0.362305 0.0253906 0.0761719
0 0.51416 0.404297 0.0556641 0.0371094
0 0.566406 0.629883 0.0292969 0.0625
0 0.389648 0.53125 0.046875 0.0683594
0 0.580566 0.718262 0.0458984 0.0361328
0 0.622559 0.614258 0.0478516 0.0429688
0 0.49707 0.583984 0.03125 0.0449219
0 0.484375 0.668457 0.0371094 0.0478516
0 0.428711 0.202637 0.0429688 0.0751953
0 0.560059 0.751465 0.0458984 0.0439453
0 0.652344 0.647461 0.0273438 0.0507812
0 0.456543 0.337402 0.0419922 0.0537109
0 0.493164 0.45459 0.0234375 0.0634766
0 0.466797 0.38623 0.0371094 0.0537109
0 0.536621 0.499023 0.0361328 0.0527344
