0 0.580078 0.572754 0.0664062 0.0283203
0 0.58252 0.592285 0.0556641 0.0361328
0 0.543457 0.545898 0.0517578 0.0273438
0 0.490234 0.527344 0.0371094 0.0449219
0 0.519043 0.486816 0.0263672 0.0498047
0 0.620605 0.478516 0.0400391 0.0546875
0 0.550293 0.498047 0.0244141 0.0761719
0 0.632812 0.544434 0.0546875 0.0302734
0 0.615234 0.706055 0.03125 0.0390625
0 0.617676 0.508301 0.0380859 0.0478516
0 0.589844 0.542969 0.046875 0.0253906
0 0.602051 0.631836 0.0439453 0.0527344
0 0.67334 0.568848 0.0419922 0.0283203
0 0.672363 0.509766 0.0283203 0.0527344
0 0.609375 0.669922 0.0332031 0.0488281
0 0.647949 0.565918 0.0341797 0.0615234
0 0.544922 0.564453 0.0527344 0.0253906
0 0.674805 0.54248 0.03125 0.0615234
0 0.617188 0.741699 0.0253906 0.0458984
0 0.652832 0.509766 0.0380859 0.0546875
0 0.655762 0.477051 0.0302734 0.0556641
0 0.577637 0.519043 0.0478516 0.0439453
0 0.597168 0.440918 0.0322266 0.0673828
0 0.632812 0.643066 0.0332031 0.0556641
0 0.69873 0.486328 0.0458984 0.0332031
0 0.49707 0.555664 0.0410156 0.0488281
0 0.572266 0.492676 0.0410156 0.0556641
0 0.693848 0.460938 0.0498047 0.0234375
0 0.659668 0.607422 0.0498047 0.0390625
0 0.663086 0.677734 0.0273438 0.0742188
0 0.568848 0.649902 0.0341797 0.0439453
0 0.558594 0.632812 0.0449219 0.0488281
0 0.617188 0.586426 0.0371094 0.0634766
0 0.644043 0.704102 0.0224609 0.0664062
0 0.582031 0.691895 0.0390625 0.0537109
0 0.459473 0.506836 0.0341797 0.0585938
