0 0.665039 0.550781 0.0585938 0.0449219
0 0.615234 0.563965 0.0449219 0.0771484
0 0.373535 0.540527 0.0556641 0.0302734
0 0.348145 0.527832 0.0478516 0.0244141
0 0.542969 0.508789 0.0371094 0.0390625
0 0.465332 0.499023 0.0419922 0.0761719
0 0.379395 0.712891 0.0517578 0.0664062
0 0.862305 0.534668 0.0507812 0.0595703
0 0.756836 0.538086 0.0585938 0.0332031
0 0.419434 0.709961 0.0576172 0.0625
0 0.52002 0.460449 0.0537109 0.0439453
0 0.272461 0.552246 0.0585938 0.0771484
0 0.313965 0.51123 0.0322266 0.0810547
0 0.439941 0.478027 0.0478516 0.0439453
0 0.431152 0.461426 0.0498047 0.0439453
0 0.439941 0.59668 0.0634766 0.0410156
0 0.365234 0.499023 0.0625 0.0507812
0 0.427734 0.226074 0.0742188 0.0595703
0 0.357422 0.965332 0.0664062 0.0693359
0 0.27832 0.380859 0.0683594 0.0625
0 0.310547 0.625977 0.0585938 0.0488281
0 0.410645 0.046875 0.0439453 0.09375
