0 0.927734 0.577148 0.0546875 0.0488281
0 0.260254 0.173828 0.0771484 0.0410156
0 0.753906 0.326172 0.0546875 0.0546875
0 0.476074 0.291504 0.0712891 0.0322266
0 0.0776367 0.432617 0.0751953 0.0410156
0 0.603516 0.785645 0.0585938 0.0556641
0 0.696289 0.740234 0.0644531 0.0351562
0 0.54541 0.464844 0.0751953 0.0410156
0 0.523438 0.564453 0.0566406 0.0507812
0 0.286621 0.588867 0.0634766 0.0527344
0 0.414062 0.438477 0.0546875 0.0566406
0 0.211914 0.559082 0.0625 0.0439453
0 0.617676 0.590332 0.0498047 0.0537109
0 0.741211 0.521973 0.0566406 0.0498047
0 0.523926 0.412598 0.0517578 0.0498047
0 0.175293 0.330078 0.0576172 0.0625
0 0.242676 0.679688 0.0693359 0.0351562
0 0.166504 0.522949 0.0712891 0.0439453
0 0.318848 0.775879 0.0654297 0.0419922
