0 0.632324 0.46875 0.0341797 0.0253906
0 0.228516 0.319336 0.0351562 0.0273438
0 0.242188 0.824219 0.0351562 0.03125
0 0.555664 0.269043 0.0136719 0.0537109
0 0.337891 0.276855 0.0234375 0.0791016
0 0.336426 0.233398 0.0380859 0.0253906
0 0.310059 0.285645 0.0224609 0.0771484
0 0.23584 0.298828 0.0205078 0.046875
0 0.640137 0.374023 0.0380859 0.0410156
0 0.405273 0.661133 0.0253906 0.0449219
0 0.256836 0.321289 0.0449219 0.0292969
0 0.384766 0.695312 0.0429688 0.0351562
0 0.384277 0.604492 0.0419922 0.0253906
0 0.535156 0.395508 0.0566406 0.0332031
0 0.39209 0.630859 0.0419922 0.0253906
0 0.586914 0.0673828 0.0449219 0.0292969
0 0.673828 0.505859 0.0273438 0.0664062
0 0.322754 0.617188 0.0185547 0.0585938
0 0.417969 0.692383 0.0429688 0.0410156
0 0.357422 0.685547 0.0234375 0.0566406
0 0.717285 0.468262 0.0263672 0.0595703
0 0.42041 0.730469 0.0400391 0.0429688
0 0.337402 0.358398 0.0419922 0.0273438
0 0.429199 0.289551 0.0380859 0.0556641
0 0.379883 0.65918 0.0371094 0.0390625
0 0.546875 0.30957 0.0292969 0.0449219
0 0.356934 0.525391 0.0478516 0.0351562
0 0.352051 0.731445 0.0498047 0.0253906
0 0.555664 0.378418 0.0410156 0.0361328
0 0.386719 0.582031 0.0429688 0.0351562
0 0.272461 0.389648 0.0253906 0.0566406
0 0.674805 0.386719 0.0410156 0.03125
0 0.366699 0.407715 0.0361328 0.0478516
0 0.5625 0.043457 0.0390625 0.0419922
0 0.566406 0.580078 0.0429688 0.0351562
0 0.466797 0.374023 0.0429688 0.0449219
