0 0.188965 0.8125 0.0830078 0.0390625
0 0.389648 0.749023 0.0722656 0.0566406
0 0.5625 0.70166 0.0820312 0.0537109
0 0.330566 0.582031 0.0810547 0.0761719
0 0.753906 0.461426 0.046875 0.0556641
0 0.201172 0.648926 0.0527344 0.0673828
0 0.708984 0.657227 0.0527344 0.0546875
0 0.84375 0.574219 0.0507812 0.0585938
0 0.200684 0.589844 0.0498047 0.0605469
0 0.683105 0.760254 0.0888672 0.0419922
0 0.243164 0.506836 0.0527344 0.0644531
0 0.257812 0.737305 0.046875 0.0625
0 0.819336 0.515137 0.0683594 0.0439453
