0 0.223633 0.29834 0.0488281 0.0556641
0 0.347168 0.358887 0.0771484 0.0537109
0 0.516113 0.771973 0.0361328 0.0810547
0 0.276367 0.57959 0.0332031 0.0615234
0 0.444336 0.111816 0.0449219 0.0263672
0 0.303711 0.492676 0.0195312 0.0517578
0 0.239746 0.358398 0.0478516 0.0234375
0 0.38623 0.646484 0.0302734 0.0605469
0 0.342285 0.625 0.0458984 0.0625
0 0.461426 0.081543 0.0439453 0.0400391
0 0.535156 0.456055 0.0429688 0.0605469
0 0.30957 0.794434 0.0273438 0.0751953
0 0.276855 0.382812 0.0478516 0.0722656
0 0.33252 0.708984 0.0478516 0.0527344
0 0.304688 0.578613 0.03125 0.0712891
0 0.455078 0.360352 0.0507812 0.0585938
0 0.255859 0.537598 0.0429688 0.0380859
0 0.442871 0.452637 0.0322266 0.0693359
0 0.485352 0.208496 0.0644531 0.0478516
0 0.331055 0.495117 0.0449219 0.0371094
0 0.604492 0.557617 0.0546875 0.0488281
0 0.538086 0.0703125 0.0664062 0.0585938
0 0.498047 0.177246 0.0644531 0.0498047
0 0.485352 0.131348 0.0351562 0.0712891
0 0.460938 0.410645 0.0488281 0.0478516
0 0.507324 0.416992 0.0302734 0.0859375
0 0.543945 0.706055 0.046875 0.078125
0 0.450195 0.255859 0.0527344 0.0625
0 0.394531 0.100098 0.0507812 0.0576172
0 0.720215 0.705566 0.0556641 0.0517578
0 0.522461 0.654297 0.0546875 0.046875
0 0.502441 0.299316 0.0615234 0.0517578
0 0.43457 0.182129 0.0332031 0.0810547
0 0.652344 0.669922 0.046875 0.0585938
