0 0.693848 0.35791 0.0712891 0.0478516
0 0.430176 0.432617 0.0419922 0.0664062
0 0.48291 0.263184 0.0712891 0.0419922
0 0.587891 0.628418 0.046875 0.0615234
0 0.585938 0.390625 0.0625 0.0390625
0 0.551758 0.294922 0.0410156 0.0546875
0 0.408691 0.175293 0.0478516 0.0576172
0 0.319336 0.115234 0.0546875 0.0449219
0 0.402832 0.330566 0.0517578 0.0517578
0 0.678223 0.452637 0.0517578 0.0498047
0 0.432617 0.0356445 0.0644531 0.0400391
0 0.294434 0.195801 0.0498047 0.0615234
0 0.503906 0.401367 0.0566406 0.0546875
