0 0.560059 0.445312 0.0302734 0.0234375
0 0.467285 0.248535 0.0205078 0.0380859
0 0.396484 0.366699 0.0390625 0.0791016
0 0.513672 0.418945 0.015625 0.0371094
0 0.511719 0.314941 0.015625 0.0517578
0 0.550781 0.473633 0.0273438 0.0214844
0 0.521973 0.400391 0.0205078 0.0410156
0 0.587402 0.374023 0.0244141 0.0683594
0 0.483887 0.523438 0.0126953 0.0625
0 0.580566 0.480957 0.0302734 0.0166016
0 0.53418 0.619141 0.0234375 0.0332031
0 0.550293 0.375488 0.0380859 0.0283203
0 0.50293 0.507812 0.0273438 0.03125
0 0.512207 0.680664 0.0126953 0.0390625
0 0.583008 0.663086 0.0214844 0.046875
0 0.535645 0.402344 0.0322266 0.0351562
0 0.421387 0.414062 0.0458984 0.0292969
0 0.509277 0.580078 0.0205078 0.0410156
0 0.525391 0.564941 0.0136719 0.0478516
0 0.484375 0.232422 0.0175781 0.0546875
0 0.599609 0.358887 0.0136719 0.0458984
0 0.516602 0.479492 0.015625 0.0332031
0 0.575684 0.610352 0.0283203 0.0273438
0 0.501465 0.461914 0.0166016 0.0527344
0 0.432129 0.452148 0.0419922 0.0273438
0 0.392578 0.591309 0.0292969 0.0283203
0 0.546875 0.592285 0.03125 0.0478516
0 0.561523 0.63623 0.0273438 0.0302734
0 0.626953 0.455566 0.0390625 0.0380859
0 0.583984 0.415039 0.0390625 0.03125
0 0.451172 0.559082 0.0410156 0.0185547
0 0.477051 0.630371 0.0439453 0.0498047
0 0.532227 0.377441 0.0273438 0.0380859
0 0.549805 0.497559 0.0332031 0.0283203
0 0.450684 0.348633 0.0263672 0.0410156
0 0.52832 0.63623 0.0234375 0.0361328
0 0.521484 0.658203 0.0175781 0.0488281
0 0.506836 0.64209 0.0195312 0.0498047
0 0.483398 0.65625 0.0253906 0.0292969
0 0.389648 0.407715 0.0195312 0.0439453
0 0.587891 0.436035 0.0371094 0.0263672
0 0.581543 0.498535 0.0302734 0.0302734
0 0.603516 0.467773 0.0410156 0.0214844
0 0.434082 0.660156 0.0341797 0.0292969
0 0.51123 0.362305 0.0244141 0.0371094
0 0.501465 0.608887 0.0322266 0.0185547
0 0.493652 0.425781 0.0126953 0.0410156
0 0.533203 0.336426 0.0253906 0.0419922
0 0.45166 0.285645 0.0244141 0.0458984
0 0.490723 0.576172 0.0283203 0.0390625
0 0.478516 0.287598 0.0371094 0.0283203
0 0.522949 0.289062 0.0185547 0.0429688
0 0.567383 0.348145 0.0332031 0.0478516
0 0.433105 0.296875 0.0244141 0.0625
0 0.461426 0.239258 0.0205078 0.0488281
0 0.494141 0.31543 0.0273438 0.046875
0 0.551758 0.557129 0.03125 0.0361328
