0 0.49707 0.572266 0.0214844 0.0371094
0 0.583008 0.428711 0.0195312 0.0234375
0 0.600586 0.515625 0.0195312 0.0195312
0 0.389648 0.337402 0.0117188 0.0361328
0 0.473145 0.637695 0.0185547 0.0332031
0 0.396484 0.506836 0.015625 0.0351562
0 0.389648 0.300781 0.015625 0.03125
0 0.483398 0.583984 0.0175781 0.03125
0 0.398926 0.326172 0.0126953 0.0390625
0 0.40625 0.560547 0.0136719 0.0429688
0 0.463867 0.633789 0.0214844 0.0273438
0 0.524902 0.749023 0.0166016 0.0507812
0 0.470703 0.48877 0.0195312 0.0322266
0 0.602539 0.414551 0.0195312 0.0224609
0 0.53125 0.398926 0.0214844 0.0263672
0 0.581543 0.409668 0.0185547 0.0283203
0 0.393066 0.311035 0.0166016 0.0361328
0 0.391602 0.615234 0.0136719 0.0390625
0 0.425781 0.594238 0.0175781 0.0302734
0 0.495117 0.508301 0.0136719 0.0439453
0 0.483398 0.501953 0.015625 0.0410156
0 0.381836 0.618164 0.0175781 0.03125
0 0.349609 0.516602 0.0214844 0.0234375
0 0.579102 0.61084 0.0214844 0.0283203
0 0.383789 0.476562 0.0136719 0.0390625
0 0.59082 0.439941 0.0136719 0.0341797
0 0.40918 0.595215 0.0234375 0.0244141
0 0.432129 0.624023 0.0166016 0.0351562
0 0.568359 0.459961 0.0136719 0.0371094
0 0.679688 0.721191 0.0175781 0.0341797
0 0.580566 0.379883 0.0205078 0.0332031
0 0.447754 0.461426 0.0205078 0.0322266
0 0.466797 0.782715 0.015625 0.0419922
0 0.59668 0.456055 0.0136719 0.0410156
0 0.383301 0.407227 0.0205078 0.0253906
0 0.404297 0.50293 0.0117188 0.0351562
0 0.372559 0.477051 0.0166016 0.0400391
0 0.568359 0.414062 0.0136719 0.0371094
0 0.39209 0.416504 0.0224609 0.0263672
0 0.600586 0.393066 0.0195312 0.0283203
0 0.54541 0.802734 0.0146484 0.0390625
0 0.53125 0.587891 0.0175781 0.0527344
0 0.55957 0.443359 0.015625 0.0332031
0 0.458984 0.44873 0.0175781 0.0322266
0 0.705078 0.466309 0.0273438 0.0302734
0 0.370117 0.36377 0.0214844 0.0244141
0 0.652832 0.446289 0.0166016 0.0371094
0 0.51123 0.410156 0.0224609 0.0253906
0 0.438477 0.591309 0.0195312 0.0341797
0 0.618164 0.427246 0.015625 0.0419922
0 0.493164 0.454102 0.015625 0.03125
0 0.547363 0.400879 0.0205078 0.0244141
0 0.642578 0.445801 0.015625 0.0380859
0 0.352539 0.595215 0.0234375 0.0302734
0 0.393555 0.574707 0.0195312 0.0322266
0 0.517578 0.691895 0.0175781 0.0380859
0 0.40332 0.356934 0.0136719 0.0419922
0 0.399414 0.544434 0.0136719 0.0419922
0 0.664551 0.429688 0.0185547 0.0410156
0 0.571289 0.649902 0.0136719 0.0419922
0 0.504395 0.595703 0.0224609 0.0273438
0 0.560547 0.505859 0.015625 0.0429688
0 0.636719 0.48291 0.0195312 0.0341797
0 0.651855 0.493652 0.0244141 0.0244141
0 0.553711 0.627441 0.0195312 0.0380859
0 0.681641 0.684082 0.0234375 0.0322266
0 0.372559 0.444824 0.0146484 0.0380859
0 0.52002 0.432129 0.0224609 0.0302734
0 0.501953 0.530762 0.0234375 0.0283203
0 0.492676 0.387695 0.0146484 0.0429688
