0 0.504883 0.679199 0.0332031 0.0341797
0 0.515137 0.512695 0.0322266 0.0253906
0 0.539062 0.522461 0.015625 0.0605469
0 0.480957 0.488281 0.0166016 0.0429688
0 0.479004 0.556152 0.0166016 0.0458984
0 0.469727 0.485352 0.0175781 0.0449219
0 0.550781 0.666016 0.015625 0.0449219
0 0.114746 0.653809 0.0400391 0.0341797
0 0.547363 0.637695 0.0244141 0.0195312
0 0.46875 0.741699 0.0175781 0.0537109
0 0.496582 0.486328 0.0185547 0.03125
0 0.530762 0.661621 0.0244141 0.0361328
0 0.462402 0.53125 0.0224609 0.0351562
