0 0.613281 0.65332 0.0273438 0.0917969
0 0.48584 0.561035 0.0615234 0.0556641
0 0.38623 0.555664 0.0498047 0.046875
0 0.463379 0.48584 0.0263672 0.0576172
0 0.462402 0.620605 0.0615234 0.0244141
0 0.34375 0.678223 0.046875 0.0302734
0 0.619629 0.568359 0.0654297 0.0996094
0 0.503418 0.666504 0.0478516 0.0283203
0 0.571777 0.617676 0.0400391 0.0654297
0 0.521484 0.602539 0.0585938 0.0292969
0 0.648926 0.737793 0.0576172 0.0634766
0 0.42627 0.601562 0.0517578 0.0332031
0 0.519043 0.543945 0.0361328 0.0585938
0 0.569824 0.742676 0.0517578 0.0341797
0 0.567871 0.665527 0.0380859 0.0673828
0 0.373047 0.503418 0.046875 0.0341797
0 0.384277 0.592285 0.0478516 0.0419922
0 0.467773 0.647461 0.078125 0.0351562
0 0.535645 0.356445 0.0673828 0.0566406
0 0.505859 0.748535 0.0371094 0.0732422
0 0.28418 0.438477 0.0664062 0.0351562
0 0.441406 0.677734 0.0566406 0.0410156
0 0.348145 0.650391 0.0654297 0.0332031
0 0.371094 0.623535 0.0605469 0.0263672
0 0.434082 0.556641 0.0478516 0.0644531
0 0.351562 0.389648 0.0605469 0.0527344
0 0.403809 0.636719 0.0537109 0.0390625
0 0.379883 0.465332 0.0488281 0.0419922
0 0.414551 0.50293 0.0263672 0.0859375
0 0.311523 0.632324 0.0585938 0.0361328
0 0.53125 0.641113 0.0507812 0.0517578
0 0.439941 0.400391 0.0537109 0.0820312
0 0.534668 0.760742 0.0263672 0.0859375
0 0.38916 0.335449 0.0634766 0.0576172
0 0.484863 0.536133 0.0634766 0.0507812
0 0.476562 0.429688 0.0234375 0.0898438
0 0.528809 0.691895 0.0458984 0.0517578
0 0.637207 0.644043 0.0380859 0.0849609
0 0.487305 0.720215 0.046875 0.0751953
0 0.343262 0.458984 0.0341797 0.0859375
0 0.440918 0.498535 0.0244141 0.0830078
0 0.497559 0.496094 0.0556641 0.0390625
0 0.475586 0.59082 0.0566406 0.0410156
0 0.351074 0.550781 0.0302734 0.09375
