0 0.245117 0.775391 0.0332031 0.0976562
0 0.193848 0.777344 0.0517578 0.0449219
0 0.482422 0.459961 0.0742188 0.101562
0 0.507324 0.495605 0.0439453 0.0810547
0 0.264648 0.785156 0.0527344 0.132812
0 0.251953 0.709473 0.0820312 0.0908203
0 0.312988 0.390625 0.0341797 0.09375
0 0.23291 0.938477 0.0341797 0.113281
0 0.380859 0.526855 0.0859375 0.0517578
0 0.416016 0.598633 0.0683594 0.0878906
0 0.227539 0.682129 0.0605469 0.110352
0 0.354492 0.486816 0.0722656 0.0849609
0 0.15332 0.804688 0.046875 0.148438
0 0.514648 0.165039 0.0820312 0.078125
0 0.215332 0.851562 0.0654297 0.0507812
