0 0.751465 0.744141 0.0341797 0.0273438
0 0.401367 0.705566 0.0292969 0.0400391
0 0.322754 0.564453 0.0302734 0.03125
0 0.571289 0.52002 0.0371094 0.0751953
0 0.681641 0.748047 0.0410156 0.09375
0 0.254395 0.382324 0.0400391 0.0830078
0 0.517578 0.705078 0.0429688 0.0625
0 0.664062 0.394531 0.0625 0.0429688
0 0.48877 0.558105 0.0439453 0.0322266
0 0.273926 0.82666 0.0458984 0.0654297
0 0.179688 0.476562 0.0625 0.0429688
0 0.403809 0.632324 0.0556641 0.0322266
0 0.508301 0.844727 0.0478516 0.0644531
0 0.307617 0.62207 0.0449219 0.0410156
