0 0.602051 0.651855 0.0908203 0.0224609
1 0.51416 0.557617 0.141602 0.0644531
0 0.791016 0.552734 0.0761719 0.0351562
1 0.404785 0.557617 0.120117 0.0722656
1 0.402832 0.461426 0.165039 0.0400391
1 0.435547 0.51123 0.207031 0.0830078
1 0.452148 0.398926 0.181641 0.0869141
1 0.293945 0.522461 0.189453 0.0839844
1 0.417969 0.627441 0.169922 0.0615234
1 0.643066 0.584961 0.15332 0.0859375
1 0.584961 0.693359 0.158203 0.0859375
1 0.350586 0.423828 0.138672 0.0644531
1 0.557617 0.419922 0.158203 0.0820312
