0 0.748047 0.769531 0.0292969 0.0273438
0 0.335938 0.365234 0.0742188 0.0273438
0 0.372559 0.769043 0.0400391 0.0537109
0 0.919434 0.681152 0.0361328 0.0302734
0 0.169434 0.499512 0.0771484 0.0439453
0 0.713379 0.333496 0.0419922 0.0537109
0 0.480957 0.724609 0.0439453 0.0605469
0 0.542969 0.64502 0.0585938 0.0556641
0 0.472656 0.250488 0.0625 0.0400391
0 0.544434 0.845703 0.0380859 0.0527344
0 0.647949 0.761719 0.0537109 0.046875
0 0.310059 0.913574 0.0498047 0.0556641
0 0.727539 0.390137 0.0390625 0.0517578
0 0.827637 0.70459 0.0654297 0.0283203
0 0.21875 0.526367 0.0625 0.0390625
0 0.226562 0.393555 0.0605469 0.0488281
0 0.556641 0.481445 0.0664062 0.0351562
0 0.737793 0.544922 0.0673828 0.046875
0 0.328613 0.535645 0.0556641 0.0517578
0 0.474121 0.48584 0.0634766 0.0380859
