0 0.473633 0.569824 0.00585938 0.0185547
0 0.625488 0.245117 0.00683594 0.0253906
0 0.48291 0.323242 0.0107422 0.0175781
0 0.534668 0.627441 0.00683594 0.0263672
0 0.459473 0.362793 0.0126953 0.0205078
0 0.453125 0.439941 0.015625 0.0205078
0 0.452148 0.352051 0.0078125 0.0224609
0 0.43457 0.0498047 0.0175781 0.0175781
0 0.475586 0.37793 0.0117188 0.015625
0 0.493164 0.442871 0.00976562 0.0244141
0 0.546387 0.303223 0.0185547 0.0146484
0 0.406738 0.0834961 0.0107422 0.0302734
0 0.481445 0.380859 0.015625 0.0195312
0 0.53418 0.465332 0.0078125 0.0283203
0 0.487305 0.237305 0.0117188 0.0292969
0 0.443359 0.432617 0.0214844 0.0117188
0 0.479492 0.367676 0.0175781 0.0126953
0 0.468262 0.361816 0.00878906 0.0322266
0 0.519531 0.552734 0.0117188 0.0390625
0 0.492676 0.42627 0.0126953 0.0244141
0 0.495117 0.476562 0.0195312 0.0117188
0 0.480957 0.417969 0.0185547 0.00976562
0 0.517578 0.249023 0.0175781 0.0351562
0 0.520508 0.526367 0.0117188 0.03125
0 0.439453 0.532227 0.015625 0.0078125
0 0.458008 0.411133 0.0195312 0.015625
0 0.46582 0.169434 0.0175781 0.0205078
0 0.478027 0.317383 0.0185547 0.00976562
0 0.539551 0.613281 0.0126953 0.0332031
0 0.543457 0.558105 0.0185547 0.0185547
0 0.474121 0.351074 0.0107422 0.0263672
0 0.428711 0.266113 0.0078125 0.0322266
0 0.493164 0.48584 0.0214844 0.0146484
0 0.530273 0.279297 0.0117188 0.0214844
0 0.542969 0.459473 0.00976562 0.0322266
0 0.463867 0.598145 0.0175781 0.0185547
0 0.385742 0.486328 0.0117188 0.0214844
0 0.454102 0.449219 0.015625 0.0273438
0 0.489746 0.313477 0.0166016 0.0214844
0 0.459473 0.31543 0.00878906 0.0292969
0 0.399414 0.527344 0.0136719 0.0195312
0 0.460449 0.168457 0.0126953 0.0244141
0 0.514648 0.453125 0.00976562 0.0332031
0 0.478516 0.43457 0.0214844 0.0175781
0 0.531738 0.546875 0.0166016 0.0253906
0 0.55127 0.473145 0.0205078 0.0263672
0 0.525391 0.458496 0.00976562 0.0283203
0 0.532227 0.513672 0.0175781 0.0253906
0 0.533203 0.488281 0.00976562 0.0234375
0 0.470215 0.28125 0.0107422 0.0234375
0 0.43457 0.315918 0.0175781 0.0283203
0 0.46582 0.441895 0.00976562 0.0322266
0 0.408203 0.29541 0.0214844 0.0146484
0 0.568359 0.400391 0.0136719 0.0371094
0 0.477051 0.474121 0.0185547 0.0185547
0 0.458984 0.464355 0.0214844 0.0126953
0 0.498535 0.306641 0.0166016 0.0117188
0 0.493164 0.271973 0.015625 0.0146484
0 0.393066 0.519531 0.00878906 0.0273438
0 0.524414 0.479004 0.00976562 0.0263672
0 0.528809 0.569336 0.0126953 0.0292969
0 0.468262 0.179688 0.0224609 0.0175781
0 0.381348 0.255859 0.0126953 0.03125
0 0.508789 0.485352 0.0175781 0.0253906
0 0.506348 0.580078 0.0205078 0.0136719
0 0.675781 0.27832 0.0214844 0.00976562
0 0.458008 0.37793 0.015625 0.0273438
0 0.491211 0.1875 0.0175781 0.015625
0 0.491211 0.146484 0.00976562 0.03125
0 0.447266 0.297852 0.0234375 0.0117188
0 0.544434 0.294922 0.0263672 0.0136719
0 0.491699 0.46582 0.0126953 0.0214844
0 0.503906 0.4375 0.0117188 0.0351562
0 0.401855 0.244141 0.0185547 0.0234375
0 0.567871 0.509277 0.0166016 0.0283203
0 0.473633 0.40332 0.015625 0.0253906
0 0.554199 0.397461 0.0224609 0.0136719
0 0.661621 0.287109 0.0302734 0.0234375
0 0.472168 0.549316 0.0126953 0.0224609
0 0.40625 0.261719 0.0136719 0.0253906
0 0.479492 0.455566 0.015625 0.0224609
0 0.492676 0.291992 0.0205078 0.0195312
0 0.441895 0.41748 0.0205078 0.0224609
0 0.583496 0.592285 0.0107422 0.0224609
0 0.54541 0.568848 0.0244141 0.0185547
0 0.402344 0.0078125 0.0214844 0.015625
0 0.503906 0.271973 0.0136719 0.0283203
0 0.489258 0.537598 0.0175781 0.0263672
0 0.561035 0.454102 0.0224609 0.015625
0 0.480469 0.272461 0.0117188 0.0292969
0 0.475586 0.300781 0.0117188 0.0234375
0 0.565918 0.233398 0.0224609 0.0175781
0 0.537109 0.584473 0.0214844 0.0166016
0 0.441895 0.452637 0.00878906 0.0322266
0 0.479492 0.338867 0.0195312 0.015625
0 0.333984 0.649414 0.0078125 0.0253906
0 0.401367 0.557129 0.0195312 0.0126953
0 0.34082 0.503906 0.0214844 0.0136719
0 0.472656 0.212402 0.0214844 0.0302734
0 0.536621 0.4375 0.0185547 0.0214844
0 0.40332 0.512207 0.0117188 0.0244141
0 0.514648 0.319824 0.00976562 0.0283203
0 0.444824 0.207031 0.0205078 0.0195312
0 0.529297 0.335938 0.00976562 0.0234375
0 0.412109 0.48584 0.0214844 0.0126953
0 0.460449 0.500488 0.0107422 0.0224609
0 0.455078 0.337402 0.0175781 0.0263672
0 0.470215 0.490234 0.0166016 0.015625
0 0.459473 0.589844 0.0244141 0.0253906
0 0.598145 0.416016 0.0205078 0.0175781
0 0.589355 0.5 0.0244141 0.0175781
0 0.475098 0.524902 0.0224609 0.0107422
0 0.568848 0.476562 0.0166016 0.0253906
0 0.570801 0.598633 0.0107422 0.03125
0 0.573242 0.371582 0.0117188 0.0283203
0 0.621094 0.654297 0.0214844 0.0195312
0 0.65918 0.391602 0.00976562 0.03125
0 0.412598 0.53418 0.0146484 0.0234375
0 0.503418 0.553711 0.0224609 0.0195312
0 0.74707 0.03125 0.0195312 0.0214844
0 0.589844 0.485352 0.0195312 0.0175781
0 0.566406 0.563477 0.00976562 0.0332031
0 0.619629 0.470215 0.0205078 0.0224609
0 0.445312 0.518555 0.0253906 0.015625
0 0.679199 0.358398 0.0166016 0.0332031
0 0.495117 0.513672 0.0195312 0.0234375
0 0.605469 0.621582 0.0234375 0.0244141
0 0.378906 0.528809 0.0214844 0.0205078
0 0.314941 0.535156 0.0166016 0.0273438
0 0.631348 0.424316 0.0224609 0.0185547
0 0.525391 0.616211 0.0214844 0.0195312
