0 0.609375 0.310547 0.0136719 0.0332031
0 0.472168 0.598633 0.0166016 0.0371094
0 0.342285 0.508301 0.0146484 0.0205078
0 0.613281 0.401367 0.0195312 0.0429688
0 0.538574 0.515137 0.0185547 0.0419922
0 0.504395 0.470215 0.0205078 0.0458984
0 0.421387 0.312988 0.0244141 0.0205078
0 0.351562 0.510742 0.0175781 0.0273438
0 0.607422 0.50293 0.0351562 0.0195312
0 0.36377 0.525391 0.0205078 0.0175781
0 0.570312 0.421875 0.0214844 0.0332031
0 0.294922 0.738281 0.0273438 0.0253906
0 0.348633 0.543457 0.0253906 0.0302734
0 0.262695 0.669434 0.0136719 0.0361328
0 0.370117 0.472168 0.0195312 0.0302734
0 0.475586 0.457031 0.0253906 0.03125
