0 0.528809 0.633789 0.0185547 0.0371094
0 0.504395 0.614258 0.0185547 0.0390625
0 0.485352 0.671387 0.0253906 0.0302734
0 0.48584 0.682129 0.0283203 0.0322266
0 0.415527 0.662109 0.0224609 0.0429688
0 0.398926 0.577148 0.0283203 0.0195312
0 0.539062 0.00585938 0.0234375 0.0117188
0 0.476074 0.0263672 0.0302734 0.0292969
0 0.419922 0.496094 0.0273438 0.0292969
0 0.411133 0.671387 0.0253906 0.0322266
0 0.374512 0.215332 0.0205078 0.0400391
0 0.408203 0.591309 0.0371094 0.0224609
0 0.512207 0.575684 0.0224609 0.0302734
0 0.492188 0.541992 0.0175781 0.0488281
0 0.501465 0.0078125 0.0244141 0.015625
0 0.432129 0.65625 0.0166016 0.0449219
0 0.499023 0.668945 0.0175781 0.0429688
0 0.355469 0.57666 0.0273438 0.0322266
0 0.352539 0.352051 0.0136719 0.0341797
0 0.522949 0.654785 0.0146484 0.0400391
0 0.456543 0.665527 0.0302734 0.0126953
0 0.382812 0.588867 0.0292969 0.0175781
0 0.425781 0.569824 0.0136719 0.0478516
0 0.279785 0.359863 0.0263672 0.0361328
0 0.54248 0.633301 0.0224609 0.0400391
0 0.414062 0.625488 0.0136719 0.0380859
0 0.442871 0.676758 0.0341797 0.015625
0 0.522949 0.0117188 0.0205078 0.0214844
0 0.48584 0.526855 0.0205078 0.0419922
0 0.443359 0.577148 0.0214844 0.0507812
0 0.418457 0.528809 0.0263672 0.0341797
0 0.517578 0.606934 0.0234375 0.0341797
0 0.397461 0.509277 0.0390625 0.0185547
0 0.366211 0.600586 0.0332031 0.0234375
0 0.499512 0.639648 0.0302734 0.0371094
0 0.396484 0.641602 0.0175781 0.0410156
0 0.476074 0.512695 0.0263672 0.0410156
0 0.477051 0.649414 0.0244141 0.0273438
0 0.525879 0.567871 0.0205078 0.0380859
0 0.378906 0.479492 0.0175781 0.0351562
0 0.40918 0.413086 0.0234375 0.0390625
0 0.513184 0.548828 0.0263672 0.0214844
0 0.350098 0.552246 0.0341797 0.0224609
0 0.52002 0.76123 0.0205078 0.0537109
0 0.377441 0.40918 0.0166016 0.0371094
0 0.465332 0.619141 0.0361328 0.0214844
0 0.383789 0.20752 0.0214844 0.0400391
0 0.583984 0.473633 0.03125 0.0566406
0 0.54248 0.0429688 0.0322266 0.0390625
0 0.515137 0.696777 0.0166016 0.0400391
0 0.530273 0.685059 0.0214844 0.0322266
0 0.438965 0.493652 0.0341797 0.0263672
0 0.394531 0.617188 0.015625 0.0429688
0 0.506348 0.0234375 0.0361328 0.0175781
0 0.374023 0.571289 0.0292969 0.0253906
0 0.387695 0.534668 0.03125 0.0400391
0 0.463867 0.506836 0.0273438 0.0488281
0 0.537109 0.594727 0.0214844 0.0410156
0 0.338379 0.437988 0.0498047 0.0185547
0 0.537109 0.0307617 0.0332031 0.0341797
0 0.440918 0.703613 0.0185547 0.0400391
0 0.31543 0.557617 0.0195312 0.0292969
0 0.423828 0.413574 0.0273438 0.0439453
0 0.364746 0.486328 0.0185547 0.0429688
0 0.466797 0.70752 0.0332031 0.0185547
0 0.54834 0.618652 0.0224609 0.0439453
0 0.357422 0.645996 0.0195312 0.0419922
0 0.560059 0.605469 0.0302734 0.03125
0 0.427734 0.349609 0.0410156 0.0234375
0 0.539062 0.557129 0.03125 0.0283203
0 0.490234 0.0869141 0.03125 0.0273438
0 0.295898 0.927246 0.0195312 0.0595703
0 0.359375 0.523438 0.0175781 0.0488281
0 0.466797 0.0161133 0.0253906 0.0322266
0 0.460938 0.568848 0.03125 0.0439453
0 0.503418 0.487793 0.0244141 0.0478516
0 0.521484 0.724121 0.0332031 0.0283203
0 0.334473 0.592773 0.0361328 0.0195312
0 0.315918 0.643555 0.0205078 0.0371094
0 0.491699 0.0546875 0.0205078 0.0449219
0 0.496094 0.717773 0.0273438 0.0429688
0 0.547363 0.695801 0.0205078 0.0615234
0 0.454102 0.64209 0.0332031 0.0302734
0 0.375 0.316406 0.0253906 0.0429688
0 0.398926 0.401855 0.0244141 0.0517578
0 0.381348 0.617188 0.0185547 0.046875
0 0.409668 0.47998 0.0302734 0.0380859
0 0.355957 0.421387 0.0322266 0.0263672
0 0.42334 0.043457 0.0263672 0.0478516
0 0.482422 0.122559 0.0214844 0.0498047
0 0.42334 0.167969 0.0341797 0.0234375
0 0.460449 0.690918 0.0361328 0.0205078
0 0.431152 0.429688 0.0302734 0.046875
0 0.572754 0.318359 0.0302734 0.0390625
0 0.337402 0.568359 0.0244141 0.0351562
0 0.364258 0.631836 0.0195312 0.0429688
0 0.560059 0.0610352 0.0263672 0.0498047
0 0.588867 0.560547 0.0253906 0.046875
0 0.433105 0.0273438 0.0322266 0.03125
0 0.416992 0.706055 0.0332031 0.0390625
