0 0.402832 0.510742 0.0478516 0.0605469
0 0.67334 0.506348 0.0244141 0.0126953
0 0.601562 0.0078125 0.0292969 0.015625
0 0.587402 0.0791016 0.0107422 0.0410156
0 0.375488 0.308594 0.0126953 0.0390625
0 0.447754 0.0458984 0.0146484 0.0332031
0 0.510742 0.0317383 0.015625 0.0458984
0 0.531738 0.552734 0.0341797 0.0214844
0 0.605957 0.502441 0.0205078 0.0419922
0 0.637695 0.400879 0.03125 0.0185547
0 0.379883 0.348633 0.0429688 0.0273438
0 0.666016 0.538574 0.0253906 0.0458984
0 0.50293 0.459961 0.0429688 0.0253906
0 0.630859 0.301758 0.0292969 0.0273438
0 0.249512 0.310547 0.0341797 0.0273438
0 0.797363 0.631348 0.0361328 0.0478516
0 0.784668 0.416992 0.0322266 0.0234375
0 0.37793 0.255859 0.0234375 0.0449219
0 0.609375 0.469727 0.03125 0.0214844
0 0.519043 0.206543 0.0302734 0.0361328
0 0.291504 0.658691 0.0224609 0.0380859
0 0.400391 0.260254 0.0234375 0.0439453
0 0.720703 0.372559 0.0273438 0.0341797
0 0.611816 0.526367 0.0263672 0.03125
0 0.271484 0.196289 0.0253906 0.0429688
0 0.400879 0.128906 0.0302734 0.0351562
