0 0.610352 0.429199 0.0371094 0.0380859
0 0.434082 0.825684 0.0341797 0.0673828
0 0.40332 0.0136719 0.0429688 0.0273438
0 0.295898 0.842773 0.0390625 0.0644531
0 0.321289 0.669434 0.0371094 0.0341797
0 0.50293 0.394043 0.0292969 0.0556641
0 0.31543 0.262207 0.0253906 0.0595703
0 0.205566 0.616211 0.0400391 0.0488281
0 0.486328 0.74707 0.0351562 0.0332031
0 0.406738 0.606445 0.0263672 0.0527344
0 0.298828 0.644531 0.0273438 0.0625
0 0.460449 0.748047 0.0224609 0.0625
0 0.302246 0.253418 0.0419922 0.0634766
0 0.396484 0.539062 0.0273438 0.046875
0 0.355469 0.309082 0.0332031 0.0556641
0 0.303223 0.292969 0.0361328 0.0507812
0 0.319336 0.31543 0.0410156 0.0371094
0 0.454102 0.817383 0.0195312 0.0722656
0 0.255859 0.433105 0.0527344 0.0341797
0 0.254883 0.708008 0.0449219 0.03125
0 0.213379 0.408691 0.0263672 0.0595703
0 0.603516 0.553223 0.046875 0.0322266
0 0.596191 0.459961 0.0380859 0.0292969
0 0.354492 0.793945 0.0488281 0.03125
0 0.687988 0.409668 0.0263672 0.0400391
0 0.52002 0.263184 0.0419922 0.0439453
0 0.334473 0.65332 0.0283203 0.0644531
0 0.531738 0.287598 0.0400391 0.0322266
0 0.192383 0.701172 0.0332031 0.0546875
0 0.465332 0.81543 0.0166016 0.0722656
0 0.26123 0.466797 0.0537109 0.0605469
0 0.222168 0.563965 0.0615234 0.0439453
0 0.312012 0.78125 0.0244141 0.0703125
0 0.384277 0.012207 0.0439453 0.0244141
0 0.35498 0.441895 0.0556641 0.0576172
0 0.50293 0.778809 0.0371094 0.0400391
0 0.507812 0.75293 0.03125 0.0449219
0 0.339844 0.367188 0.0273438 0.0722656
0 0.407715 0.840332 0.0283203 0.0791016
0 0.818848 0.713867 0.0380859 0.0742188
0 0.716309 0.790039 0.0341797 0.0722656
0 0.713867 0.435059 0.0195312 0.0673828
0 0.335449 0.477539 0.0361328 0.0605469
0 0.477051 0.498047 0.0263672 0.0664062
0 0.248535 0.521484 0.0224609 0.0585938
0 0.441406 0.483887 0.0351562 0.0576172
0 0.391602 0.640625 0.0527344 0.03125
0 0.438965 0.736328 0.0458984 0.0371094
0 0.450195 0.0493164 0.0449219 0.0322266
0 0.327637 0.509766 0.0224609 0.0742188
0 0.631836 0.323242 0.0253906 0.0566406
0 0.55957 0.412109 0.0449219 0.0273438
0 0.389648 0.791016 0.0214844 0.0625
0 0.338867 0.820801 0.0644531 0.0400391
0 0.262695 0.69043 0.0566406 0.0292969
0 0.222656 0.401855 0.0332031 0.0615234
0 0.486328 0.84375 0.0234375 0.0664062
0 0.540039 0.552734 0.0410156 0.0273438
0 0.520508 0.393555 0.0175781 0.0527344
0 0.59375 0.855469 0.0546875 0.0429688
0 0.26416 0.501953 0.0224609 0.046875
0 0.391602 0.321289 0.0351562 0.0410156
0 0.530762 0.323242 0.0458984 0.0292969
0 0.453125 0.511719 0.0449219 0.03125
0 0.570801 0.297363 0.0439453 0.0322266
0 0.338379 0.77832 0.0439453 0.0449219
0 0.625 0.878906 0.03125 0.0859375
0 0.408203 0.467285 0.0546875 0.0302734
0 0.518555 0.791016 0.0332031 0.0351562
0 0.227539 0.645996 0.0292969 0.0595703
0 0.464844 0.394531 0.0292969 0.0390625
0 0.589355 0.430664 0.0341797 0.0527344
0 0.458984 0.638672 0.0273438 0.0664062
0 0.375977 0.849121 0.0332031 0.0478516
0 0.375977 0.543457 0.0292969 0.0595703
0 0.43457 0.307617 0.0410156 0.0371094
0 0.227539 0.717773 0.03125 0.0566406
0 0.597168 0.286133 0.0439453 0.0566406
0 0.481445 0.382324 0.0253906 0.0556641
0 0.429688 0.799316 0.0390625 0.0576172
0 0.573242 0.731934 0.0253906 0.0634766
0 0.226562 0.759766 0.0546875 0.0546875
0 0.242676 0.382324 0.0498047 0.0322266
0 0.344238 0.255371 0.0244141 0.0576172
0 0.325195 0.616211 0.0371094 0.0507812
0 0.526367 0.299805 0.0410156 0.0292969
0 0.414551 0.306152 0.0302734 0.0498047
0 0.646484 0.574219 0.0351562 0.0449219
0 0.636719 0.432129 0.0507812 0.0302734
0 0.385742 0.597656 0.0292969 0.0585938
0 0.356934 0.556641 0.0205078 0.0625
0 0.369629 0.330078 0.0283203 0.0605469
0 0.340332 0.305664 0.0341797 0.0488281
0 0.608398 0.511719 0.0449219 0.0273438
0 0.522461 0.735352 0.0410156 0.0371094
0 0.662109 0.334961 0.0195312 0.0644531
0 0.32959 0.257812 0.0205078 0.0605469
0 0.707031 0.730957 0.0410156 0.0537109
0 0.433105 0.597168 0.0439453 0.0283203
0 0.563477 0.439941 0.0410156 0.0419922
0 0.424805 0.522461 0.0410156 0.0332031
0 0.482422 0.609375 0.046875 0.0351562
0 0.28125 0.425781 0.0507812 0.0371094
0 0.311523 0.376953 0.0527344 0.0351562
0 0.357422 0.725586 0.0449219 0.0390625
0 0.397461 0.573242 0.0371094 0.0449219
0 0.361328 0.269531 0.0351562 0.03125
0 0.373047 0.398438 0.046875 0.0429688
0 0.544922 0.731445 0.0253906 0.0644531
0 0.289551 0.346191 0.0498047 0.0302734
0 0.499512 0.304688 0.0263672 0.0585938
0 0.619141 0.0473633 0.0332031 0.0439453
0 0.583984 0.643066 0.046875 0.0302734
0 0.348633 0.621094 0.0253906 0.0585938
0 0.259277 0.660156 0.0400391 0.0390625
0 0.333008 0.581055 0.0371094 0.0488281
0 0.643555 0.40625 0.0371094 0.0371094
0 0.696289 0.569336 0.0449219 0.0449219
0 0.548828 0.333984 0.0390625 0.0292969
0 0.449219 0.44043 0.0332031 0.0507812
0 0.475098 0.780273 0.0302734 0.0644531
0 0.369141 0.666016 0.0507812 0.0351562
0 0.513672 0.54541 0.0351562 0.0400391
0 0.638184 0.466797 0.0224609 0.0546875
0 0.5625 0.776367 0.0507812 0.0371094
0 0.452637 0.288086 0.0322266 0.0449219
0 0.586426 0.818848 0.0478516 0.0595703
0 0.228027 0.355469 0.0458984 0.0410156
0 0.365723 0.753906 0.0439453 0.046875
0 0.674805 0.712402 0.0527344 0.0439453
0 0.598633 0.484863 0.0371094 0.0419922
0 0.560059 0.654785 0.0419922 0.0458984
0 0.378418 0.361816 0.0458984 0.0361328
0 0.610352 0.535645 0.0429688 0.0322266
0 0.333008 0.693359 0.046875 0.0390625
0 0.630371 0.734375 0.0458984 0.0371094
0 0.570312 0.533203 0.0390625 0.0351562
0 0.445312 0.373535 0.0410156 0.0341797
0 0.594727 0.242676 0.0507812 0.0302734
0 0.236328 0.301758 0.0390625 0.0644531
0 0.693359 0.432617 0.0234375 0.0566406
0 0.462891 0.324219 0.0292969 0.0546875
0 0.527344 0.646484 0.0351562 0.0546875
0 0.440918 0.868652 0.0458984 0.0380859
0 0.361328 0.182617 0.0390625 0.0488281
0 0.560547 0.69043 0.046875 0.0390625
0 0.576172 0.394531 0.0273438 0.0507812
0 0.601074 0.73584 0.0400391 0.0517578
0 0.51416 0.825195 0.0498047 0.0449219
0 0.610352 0.771484 0.0371094 0.0507812
0 0.632812 0.253906 0.03125 0.0410156
0 0.492676 0.719727 0.0458984 0.0449219
0 0.529297 0.418457 0.03125 0.0537109
0 0.29541 0.48877 0.0361328 0.0537109
0 0.486816 0.251953 0.0361328 0.0488281
0 0.64502 0.5 0.0458984 0.0351562
0 0.635742 0.273926 0.0351562 0.0419922
0 0.380859 0.144043 0.0410156 0.0458984
0 0.668945 0.424805 0.0214844 0.0605469
0 0.672363 0.241699 0.0361328 0.0498047
