0 0.584473 0.440918 0.0634766 0.0400391
0 0.556641 0.333984 0.0566406 0.0488281
0 0.393555 0.512695 0.0371094 0.0488281
0 0.439941 0.503418 0.0302734 0.0537109
0 0.22168 0.56543 0.0410156 0.0507812
0 0.259277 0.629883 0.0341797 0.0605469
0 0.192383 0.503418 0.0566406 0.0380859
0 0.494141 0.771484 0.0410156 0.0625
0 0.280762 0.579102 0.0498047 0.046875
0 0.390137 0.455566 0.0517578 0.0478516
0 0.340332 0.700195 0.0458984 0.0507812
0 0.437012 0.84375 0.0361328 0.0800781
0 0.399902 0.700195 0.0419922 0.0625
0 0.251953 0.526855 0.0390625 0.0634766
0 0.333496 0.59668 0.0380859 0.0683594
