0 0.597168 0.513672 0.0283203 0.0273438
0 0.710938 0.455566 0.0175781 0.0361328
0 0.605957 0.493652 0.0341797 0.0244141
0 0.641602 0.510742 0.0371094 0.0292969
0 0.588379 0.442383 0.0244141 0.0527344
0 0.54541 0.400879 0.0380859 0.0556641
0 0.447754 0.295898 0.0322266 0.0175781
0 0.616211 0.543457 0.0390625 0.0185547
0 0.508789 0.351074 0.0253906 0.0517578
0 0.608887 0.476074 0.0341797 0.0166016
0 0.574219 0.478027 0.0273438 0.0283203
0 0.603516 0.986328 0.0253906 0.0273438
0 0.650879 0.609863 0.0302734 0.0439453
0 0.638184 0.534668 0.0419922 0.0244141
0 0.678223 0.271484 0.0185547 0.046875
0 0.626953 0.757812 0.03125 0.0371094
0 0.590332 0.84668 0.0166016 0.0507812
0 0.415039 0.597656 0.0175781 0.0410156
0 0.607422 0.798828 0.0273438 0.0429688
0 0.607422 0.568359 0.0429688 0.0273438
0 0.61377 0.441406 0.0263672 0.03125
0 0.557617 0.473145 0.0371094 0.0537109
0 0.581055 0.707031 0.0390625 0.0566406
0 0.405762 0.460449 0.0361328 0.0400391
0 0.572266 0.499023 0.0390625 0.0273438
0 0.563477 0.445312 0.0253906 0.0410156
0 0.5625 0.850586 0.0292969 0.0546875
0 0.558594 0.42627 0.03125 0.0439453
0 0.550781 0.359375 0.03125 0.0527344
0 0.751465 0.675293 0.0341797 0.0478516
0 0.63916 0.603027 0.0302734 0.0458984
0 0.61377 0.815918 0.0322266 0.0380859
0 0.482422 0.386719 0.0195312 0.0390625
0 0.580566 0.544434 0.0380859 0.0224609
0 0.318848 0.158203 0.0146484 0.0585938
0 0.383301 0.483887 0.0302734 0.0537109
0 0.339844 0.533691 0.0136719 0.0419922
0 0.415039 0.539551 0.0234375 0.0341797
0 0.60498 0.707031 0.0322266 0.0410156
0 0.380859 0.519531 0.0390625 0.0371094
0 0.319336 0.196777 0.0429688 0.0263672
0 0.490234 0.305664 0.0195312 0.0585938
0 0.325195 0.414062 0.0371094 0.0273438
0 0.565918 0.581055 0.0361328 0.0507812
0 0.418945 0.689941 0.015625 0.0537109
0 0.397461 0.624023 0.0351562 0.03125
0 0.399414 0.429688 0.0507812 0.0507812
0 0.538086 0.449707 0.0234375 0.0517578
0 0.280273 0.331055 0.0195312 0.0507812
0 0.430664 0.59082 0.0234375 0.0546875
0 0.638672 0.878418 0.0195312 0.0517578
0 0.414062 0.728516 0.0273438 0.0507812
0 0.637695 0.333984 0.0332031 0.0410156
0 0.637695 0.578125 0.03125 0.046875
0 0.596191 0.618164 0.0322266 0.0507812
0 0.671875 0.924805 0.0273438 0.046875
0 0.38916 0.341797 0.0322266 0.0488281
