1 0.698242 0.635742 0.0429688 0.0957031
0 0.635742 0.626465 0.0214844 0.0458984
0 0.698242 0.635742 0.0410156 0.09375
0 0.666016 0.506836 0.0351562 0.0449219
0 0.665039 0.646484 0.0214844 0.046875
0 0.455566 0.514648 0.0361328 0.0292969
0 0.642578 0.59082 0.0195312 0.0566406
0 0.454102 0.537109 0.0371094 0.0195312
0 0.196777 0.329102 0.0185547 0.0625
0 0.343262 0.554688 0.0224609 0.0585938
0 0.466309 0.554199 0.0380859 0.0224609
0 0.611328 0.550781 0.0292969 0.0410156
0 0.641602 0.646484 0.03125 0.0507812
0 0.639648 0.482422 0.0410156 0.0234375
0 0.692383 0.513184 0.0175781 0.0517578
0 0.453125 0.585938 0.03125 0.0429688
0 0.619141 0.604004 0.0234375 0.0537109
0 0.636719 0.444336 0.0273438 0.0488281
0 0.307129 0.556641 0.0361328 0.0429688
