0 0.412598 0.528809 0.0673828 0.0283203
0 0.371582 0.510254 0.0576172 0.0302734
0 0.405762 0.511719 0.0693359 0.0351562
0 0.254395 0.554688 0.0712891 0.0371094
0 0.369141 0.476074 0.0664062 0.0419922
0 0.52832 0.59375 0.0917969 0.0390625
0 0.46582 0.569824 0.0507812 0.0283203
0 0.305176 0.561523 0.0439453 0.0292969
0 0.505371 0.487305 0.102539 0.0214844
0 0.476562 0.57959 0.0332031 0.0322266
0 0.495605 0.503906 0.0810547 0.0214844
0 0.693848 0.559082 0.0634766 0.0400391
0 0.729492 0.729492 0.046875 0.0429688
0 0.356934 0.550293 0.0751953 0.0166016
0 0.523926 0.441895 0.0458984 0.0498047
0 0.468262 0.527832 0.0654297 0.0302734
0 0.424805 0.490234 0.0566406 0.0390625
0 0.356445 0.617188 0.0820312 0.0390625
0 0.702148 0.525879 0.0507812 0.0400391
0 0.619141 0.501465 0.0878906 0.0302734
0 0.469727 0.542969 0.0585938 0.03125
0 0.666016 0.322266 0.0742188 0.0390625
0 0.32373 0.513184 0.0458984 0.0361328
0 0.40332 0.574219 0.0898438 0.0195312
0 0.344238 0.527832 0.0595703 0.0224609
0 0.41748 0.61084 0.0361328 0.0380859
0 0.474609 0.435547 0.0546875 0.0351562
0 0.424316 0.559082 0.0654297 0.0302734
0 0.329102 0.576172 0.0410156 0.0390625
0 0.0991211 0.522461 0.0830078 0.0253906
0 0.185059 0.545898 0.0712891 0.0234375
0 0.373535 0.731934 0.0576172 0.0380859
0 0.510742 0.560547 0.0429688 0.0351562
0 0.195801 0.51709 0.0771484 0.0224609
0 0.297363 0.539551 0.0537109 0.0341797
0 0.191406 0.469238 0.0664062 0.0478516
0 0.553711 0.562988 0.0527344 0.0302734
