0 0.454102 0.44873 0.0175781 0.0498047
0 0.354004 0.518555 0.0419922 0.0234375
0 0.407227 0.315918 0.0292969 0.0673828
0 0.379395 0.468262 0.0400391 0.0224609
0 0.54248 0.540527 0.0380859 0.0263672
0 0.36377 0.49707 0.0263672 0.0507812
0 0.42041 0.43457 0.0380859 0.03125
0 0.380859 0.368164 0.0390625 0.0273438
0 0.382812 0.438477 0.0429688 0.0410156
0 0.519531 0.624023 0.0390625 0.0253906
0 0.459473 0.455566 0.0224609 0.0595703
0 0.470703 0.539551 0.0273438 0.0498047
0 0.529785 0.500977 0.0263672 0.0449219
0 0.245605 0.726074 0.0439453 0.0283203
0 0.506836 0.535156 0.0214844 0.0546875
0 0.697266 0.459961 0.0410156 0.0488281
0 0.506836 0.42041 0.0273438 0.0517578
0 0.55957 0.577637 0.0332031 0.0244141
0 0.430664 0.753906 0.0195312 0.0585938
0 0.56543 0.54248 0.0214844 0.0478516
0 0.446289 0.73877 0.0449219 0.0380859
0 0.425293 0.254395 0.0419922 0.0263672
0 0.540039 0.516113 0.0371094 0.0302734
0 0.445312 0.513184 0.0371094 0.0439453
0 0.476562 0.388184 0.0351562 0.0517578
0 0.603516 0.392578 0.0410156 0.0351562
0 0.413086 0.412109 0.0332031 0.0234375
0 0.552734 0.487793 0.0351562 0.0419922
0 0.490723 0.553711 0.0146484 0.0527344
0 0.5 0.444824 0.0292969 0.0498047
0 0.46875 0.610352 0.0390625 0.0214844
0 0.125 0.916016 0.0546875 0.0273438
0 0.581543 0.53418 0.0224609 0.0644531
0 0.450195 0.483887 0.0214844 0.0517578
0 0.522461 0.469238 0.0214844 0.0458984
0 0.518555 0.564941 0.0214844 0.0498047
0 0.415039 0.493164 0.0410156 0.0292969
0 0.537109 0.58252 0.0234375 0.0595703
0 0.417969 0.342285 0.0273438 0.0595703
0 0.372559 0.559082 0.0458984 0.0341797
0 0.502441 0.592285 0.0302734 0.0478516
0 0.479492 0.709473 0.0449219 0.0341797
0 0.636719 0.521484 0.0390625 0.0273438
0 0.341309 0.548828 0.0263672 0.046875
0 0.470215 0.581055 0.0302734 0.0429688
0 0.417969 0.462891 0.03125 0.0429688
0 0.387695 0.320312 0.0332031 0.046875
0 0.479492 0.674316 0.0332031 0.0380859
0 0.391113 0.536133 0.0400391 0.0371094
0 0.72168 0.599609 0.0332031 0.0546875
