0 0.520508 0.249023 0.0488281 0.0332031
0 0.43457 0.218262 0.0429688 0.0322266
0 0.510742 0.617188 0.0292969 0.0605469
0 0.303711 0.345703 0.0351562 0.0585938
0 0.529297 0.800293 0.0449219 0.0341797
0 0.356445 0.349121 0.0429688 0.0419922
0 0.585938 0.507812 0.0488281 0.0332031
0 0.330566 0.46875 0.0302734 0.0722656
0 0.445801 0.706543 0.0400391 0.0498047
0 0.293457 0.53418 0.0302734 0.0644531
0 0.243652 0.483398 0.0498047 0.0371094
0 0.466309 0.355469 0.0380859 0.0683594
0 0.514648 0.673828 0.0449219 0.0449219
