0 0.436523 0.25293 0.0488281 0.0273438
0 0.810547 0.400391 0.0546875 0.0234375
0 0.64502 0.679688 0.0458984 0.0410156
0 0.29834 0.548828 0.0556641 0.0234375
0 0.376465 0.509766 0.0224609 0.0351562
0 0.282715 0.62207 0.0517578 0.0214844
0 0.444824 0.263672 0.0498047 0.0292969
0 0.707031 0.453125 0.0664062 0.0234375
0 0.515625 0.455078 0.0507812 0.0351562
0 0.674805 0.712402 0.0371094 0.0361328
0 0.299805 0.902344 0.0527344 0.0292969
0 0.41748 0.388672 0.0576172 0.0234375
0 0.456543 0.681641 0.0263672 0.0351562
0 0.430664 0.772461 0.0527344 0.0253906
0 0.44043 0.704102 0.0332031 0.0371094
0 0.393066 0.841797 0.0361328 0.0351562
0 0.239258 0.503906 0.0410156 0.0390625
0 0.333496 0.607422 0.0517578 0.0195312
0 0.617188 0.591797 0.0410156 0.0351562
0 0.535645 0.299805 0.0478516 0.0332031
0 0.595703 0.45459 0.0273438 0.0380859
0 0.28418 0.666992 0.0527344 0.0292969
0 0.400879 0.494141 0.0361328 0.0390625
0 0.613281 0.481445 0.0429688 0.0351562
0 0.572754 0.685059 0.0400391 0.0419922
