0 0.490723 0.467285 0.0263672 0.0439453
0 0.383301 0.96875 0.0244141 0.0449219
0 0.633789 0.976074 0.0351562 0.0341797
0 0.395996 0.974121 0.0205078 0.0458984
0 0.462891 0.469238 0.0410156 0.0302734
0 0.315918 0.845215 0.0361328 0.0478516
0 0.335449 0.508789 0.0263672 0.0566406
0 0.341797 0.875488 0.0410156 0.0361328
0 0.687988 0.707031 0.0478516 0.0332031
0 0.420898 0.664551 0.0273438 0.0498047
0 0.688965 0.638184 0.0244141 0.0517578
0 0.564941 0.770508 0.0283203 0.0546875
0 0.498535 0.260254 0.0458984 0.0439453
0 0.605469 0.331543 0.0292969 0.0576172
0 0.71875 0.263184 0.0390625 0.0419922
0 0.407227 0.646973 0.0371094 0.0478516
0 0.714844 0.779297 0.0449219 0.0332031
0 0.664551 0.65332 0.0439453 0.03125
0 0.407227 0.435547 0.0390625 0.0566406
0 0.32959 0.849609 0.0322266 0.0566406
0 0.438477 0.32666 0.0449219 0.0361328
0 0.490234 0.307129 0.0273438 0.0556641
0 0.39209 0.240234 0.0302734 0.0625
0 0.599121 0.490234 0.0361328 0.0410156
0 0.301758 0.272949 0.03125 0.0615234
0 0.286133 0.780762 0.0449219 0.0322266
0 0.251465 0.45459 0.0361328 0.0537109
0 0.554199 0.801758 0.0380859 0.0507812
0 0.644043 0.524414 0.0302734 0.0605469
0 0.788574 0.431152 0.0458984 0.0478516
0 0.552734 0.289062 0.03125 0.0605469
0 0.482422 0.494629 0.0449219 0.0419922
0 0.485352 0.559082 0.0429688 0.0302734
0 0.444336 0.621582 0.0273438 0.0537109
0 0.460938 0.779297 0.0429688 0.0390625
0 0.532227 0.410156 0.0351562 0.0449219
0 0.30957 0.808105 0.0390625 0.0556641
0 0.564453 0.181152 0.0332031 0.0673828
0 0.49707 0.821289 0.0449219 0.0351562
0 0.623535 0.650391 0.0322266 0.0566406
0 0.26416 0.380371 0.0322266 0.0634766
0 0.352051 0.535156 0.0361328 0.0546875
0 0.504883 0.791992 0.0390625 0.0351562
0 0.319336 0.634766 0.03125 0.0566406
0 0.725586 0.285156 0.0546875 0.03125
0 0.650391 0.734375 0.0390625 0.0488281
0 0.566895 0.428711 0.0400391 0.0488281
