0 0.337891 0.637207 0.0996094 0.0361328
0 0.480469 0.49707 0.0996094 0.0410156
0 0.171387 0.542969 0.0654297 0.0761719
0 0.428711 0.345703 0.0742188 0.046875
0 0.427734 0.507324 0.0566406 0.0771484
0 0.505859 0.683105 0.0996094 0.0458984
0 0.348145 0.750488 0.102539 0.0615234
0 0.365723 0.55127 0.100586 0.0556641
0 0.385254 0.46875 0.0615234 0.0761719
0 0.524414 0.382812 0.0820312 0.0722656
0 0.710449 0.679199 0.114258 0.0673828
0 0.435547 0.556152 0.0859375 0.0654297
0 0.494629 0.545898 0.0966797 0.0761719
