0 0.608887 0.486816 0.0126953 0.0537109
0 0.599609 0.466797 0.0195312 0.0527344
0 0.471191 0.57373 0.0126953 0.0380859
0 0.588867 0.689453 0.0136719 0.0507812
0 0.57666 0.550781 0.0146484 0.0585938
0 0.597656 0.661133 0.0195312 0.0585938
0 0.462402 0.293457 0.0302734 0.0263672
0 0.529785 0.122559 0.0205078 0.0673828
0 0.554688 0.666016 0.0390625 0.0253906
0 0.459473 0.425293 0.0205078 0.0576172
0 0.499023 0.677734 0.0351562 0.0332031
0 0.573242 0.693359 0.015625 0.0507812
0 0.604492 0.62793 0.0136719 0.046875
0 0.558594 0.416504 0.0195312 0.0498047
0 0.588867 0.72168 0.0253906 0.0292969
0 0.491699 0.249023 0.0283203 0.0410156
0 0.45752 0.55957 0.0185547 0.0527344
0 0.521484 0.527344 0.0273438 0.0429688
0 0.580078 0.817383 0.0195312 0.0527344
