0 0.54248 0.461914 0.00878906 0.0273438
0 0.348145 0.0078125 0.0166016 0.015625
0 0.524414 0.0844727 0.0195312 0.0458984
0 0.495117 0.38916 0.0175781 0.0302734
0 0.551758 0.461426 0.015625 0.0283203
0 0.16748 0.264648 0.0341797 0.0898438
0 0.5 0.750488 0.0214844 0.0576172
0 0.587891 0.538574 0.015625 0.0224609
0 0.139648 0.336426 0.0253906 0.0693359
0 0.430664 0.873535 0.015625 0.0419922
0 0.583008 0.464355 0.0117188 0.0380859
0 0.404785 0.97998 0.0380859 0.0400391
0 0.578613 0.497559 0.0185547 0.0361328
0 0.19043 0.88916 0.046875 0.0458984
