0 0.32373 0.695801 0.0205078 0.0302734
0 0.448242 0.573242 0.0214844 0.0527344
0 0.65625 0.835938 0.0371094 0.0605469
0 0.300781 0.813965 0.0410156 0.0517578
0 0.337891 0.458984 0.0351562 0.0234375
0 0.496094 0.462402 0.0351562 0.0517578
0 0.378906 0.405273 0.0175781 0.0449219
0 0.574219 0.515137 0.0195312 0.0400391
0 0.610352 0.53418 0.0410156 0.0488281
0 0.371582 0.691406 0.0380859 0.03125
0 0.37207 0.353516 0.0234375 0.0429688
0 0.263672 0.663574 0.046875 0.0439453
0 0.463379 0.302246 0.0380859 0.0322266
