0 0.541992 0.390625 0.0175781 0.0664062
0 0.519043 0.483887 0.0283203 0.0576172
0 0.652344 0.871094 0.0234375 0.0800781
0 0.664062 0.829102 0.0175781 0.0664062
0 0.820312 0.583984 0.0429688 0.0449219
0 0.638672 0.760254 0.0175781 0.0556641
0 0.530273 0.417969 0.0175781 0.0507812
0 0.632812 0.663086 0.0253906 0.0527344
0 0.572266 0.594238 0.0449219 0.0224609
0 0.576172 0.571777 0.0292969 0.0302734
0 0.855469 0.568359 0.0429688 0.0351562
0 0.530762 0.708008 0.0205078 0.046875
0 0.569824 0.407715 0.0458984 0.0302734
0 0.582031 0.626953 0.0292969 0.0429688
0 0.601562 0.621094 0.0175781 0.0390625
0 0.604492 0.587891 0.0410156 0.0546875
0 0.561523 0.364746 0.0371094 0.0400391
0 0.536621 0.483887 0.0361328 0.0615234
0 0.54541 0.694336 0.0205078 0.0644531
0 0.546387 0.577148 0.0400391 0.0253906
0 0.73291 0.50293 0.0439453 0.0449219
0 0.84375 0.544922 0.0449219 0.0390625
0 0.830078 0.512207 0.0253906 0.0615234
0 0.62793 0.698242 0.0214844 0.0546875
0 0.589355 0.353516 0.0322266 0.0585938
0 0.677734 0.831543 0.0175781 0.0654297
0 0.617188 0.642578 0.0214844 0.0566406
0 0.701172 0.561035 0.0253906 0.0517578
0 0.585938 0.663574 0.0410156 0.0341797
0 0.795898 0.516113 0.0390625 0.0439453
0 0.807129 0.484375 0.0517578 0.0351562
0 0.612305 0.456055 0.0371094 0.0527344
0 0.577637 0.287109 0.0205078 0.0742188
0 0.561523 0.628418 0.03125 0.0537109
0 0.602051 0.324707 0.0341797 0.0517578
0 0.51709 0.554688 0.0224609 0.0566406
0 0.699707 0.534668 0.0322266 0.0458984
0 0.554688 0.437988 0.0410156 0.0458984
0 0.504883 0.426758 0.0332031 0.0527344
0 0.564453 0.69043 0.0253906 0.0546875
0 0.570801 0.477539 0.0439453 0.046875
