0 0.306641 0.478027 0.0566406 0.0361328
0 0.324707 0.458008 0.0498047 0.0683594
0 0.126465 0.356445 0.0576172 0.046875
0 0.132324 0.302246 0.0654297 0.0693359
0 0.342285 0.513672 0.0615234 0.0371094
0 0.239746 0.237305 0.0439453 0.0527344
0 0.582031 0.439453 0.0527344 0.0488281
0 0.416992 0.363281 0.03125 0.0683594
0 0.760254 0.140137 0.0478516 0.0517578
0 0.434082 0.310547 0.0283203 0.0546875
0 0.658203 0.439453 0.0449219 0.0507812
0 0.774902 0.162109 0.0439453 0.0703125
0 0.237305 0.770508 0.0351562 0.0664062
0 0.875 0.0869141 0.0371094 0.0820312
0 0.526855 0.406738 0.0322266 0.0654297
0 0.608887 0.677734 0.0556641 0.0488281
0 0.458496 0.737793 0.0615234 0.0537109
0 0.556641 0.321289 0.0546875 0.0507812
0 0.875977 0.297363 0.0507812 0.0517578
0 0.229004 0.366211 0.0361328 0.0585938
0 0.557129 0.658203 0.0498047 0.0371094
0 0.780762 0.0888672 0.0576172 0.046875
0 0.774902 0.237305 0.0556641 0.0566406
0 0.265137 0.655273 0.0537109 0.0488281
0 0.357422 0.334473 0.046875 0.0537109
0 0.818359 0.300781 0.0546875 0.046875
0 0.728027 0.251465 0.0439453 0.0537109
0 0.385742 0.361328 0.03125 0.0742188
0 0.352051 0.187988 0.0439453 0.0693359
0 0.374023 0.251953 0.0351562 0.0742188
0 0.221191 0.755859 0.0478516 0.0683594
0 0.60791 0.46582 0.0439453 0.0546875
0 0.725098 0.310059 0.0615234 0.0556641
0 0.17041 0.442871 0.0517578 0.0380859
0 0.418457 0.235352 0.0380859 0.0859375
0 0.431641 0.525391 0.0605469 0.0703125
0 0.3125 0.573242 0.0429688 0.0644531
0 0.267578 0.350098 0.0332031 0.0693359
0 0.632812 0.321289 0.0566406 0.0488281
0 0.315918 0.325195 0.0556641 0.0527344
0 0.312988 0.609375 0.0419922 0.0664062
0 0.601562 0.183105 0.0605469 0.0478516
0 0.620117 0.398926 0.0351562 0.0732422
0 0.107422 0.413086 0.0683594 0.0449219
0 0.720703 0.523438 0.0429688 0.0722656
0 0.262207 0.284668 0.0341797 0.0732422
0 0.500977 0.620117 0.0429688 0.0742188
0 0.647461 0.600586 0.0507812 0.0449219
0 0.559082 0.397461 0.0439453 0.0683594
0 0.193848 0.633301 0.0595703 0.0576172
0 0.611328 0.530762 0.0351562 0.0654297
0 0.656738 0.373535 0.0322266 0.0712891
0 0.720215 0.650879 0.0361328 0.0673828
0 0.387695 0.180664 0.0449219 0.0644531
0 0.628906 0.140625 0.0527344 0.0585938
0 0.589355 0.108887 0.0419922 0.0810547
0 0.500977 0.19873 0.0429688 0.0673828
0 0.382812 0.807617 0.0390625 0.0859375
0 0.53125 0.594727 0.0371094 0.0800781
0 0.250977 0.869141 0.0390625 0.0800781
0 0.251465 0.530762 0.0517578 0.0615234
0 0.480469 0.157227 0.046875 0.0742188
0 0.199707 0.575195 0.0517578 0.0644531
0 0.720703 0.408691 0.0410156 0.0634766
0 0.180664 0.785156 0.0429688 0.0839844
