0 0.201172 0.535156 0.0351562 0.015625
0 0.804199 0.509766 0.0576172 0.0234375
0 0.211914 0.544922 0.0605469 0.0351562
0 0.449707 0.326172 0.0419922 0.0234375
0 0.371094 0.485352 0.00976562 0.0253906
0 0.479492 0.395508 0.0488281 0.0292969
0 0.470215 0.350586 0.0400391 0.0332031
0 0.477539 0.416992 0.0527344 0.0214844
0 0.411133 0.534668 0.0644531 0.0146484
0 0.644531 0.519531 0.0703125 0.0234375
0 0.244141 0.53418 0.0449219 0.0332031
0 0.379883 0.509277 0.0253906 0.0361328
0 0.275391 0.532227 0.0371094 0.0449219
0 0.348145 0.516602 0.0380859 0.0292969
0 0.223633 0.518555 0.0332031 0.0292969
0 0.340332 0.408691 0.0615234 0.0322266
1 0.543945 0.447266 0.146484 0.0996094
0 0.166504 0.563965 0.0654297 0.0361328
