0 0.65625 0.370605 0.0195312 0.0302734
0 0.462402 0.609375 0.0283203 0.0234375
0 0.612305 0.246094 0.0390625 0.0292969
0 0.532227 0.606445 0.015625 0.0292969
0 0.672852 0.479492 0.0136719 0.0253906
0 0.663574 0.566406 0.0185547 0.046875
0 0.566406 0.669922 0.0273438 0.0351562
0 0.495117 0.578613 0.0214844 0.0302734
0 0.54541 0.623535 0.0263672 0.0263672
0 0.646484 0.436035 0.0273438 0.0224609
0 0.478027 0.616211 0.0166016 0.0410156
0 0.652344 0.54541 0.015625 0.0556641
0 0.657227 0.626465 0.0273438 0.0205078
0 0.658203 0.501953 0.0234375 0.0507812
0 0.697266 0.338867 0.0234375 0.0410156
0 0.580078 0.621094 0.015625 0.0546875
0 0.629395 0.39502 0.0166016 0.0478516
0 0.672852 0.780273 0.0292969 0.0214844
0 0.442871 0.574219 0.0361328 0.0351562
0 0.623047 0.346191 0.0273438 0.0185547
0 0.588867 0.611816 0.0195312 0.0498047
0 0.637695 0.463867 0.0253906 0.0332031
0 0.616699 0.234863 0.0341797 0.0283203
0 0.679688 0.341797 0.0253906 0.046875
0 0.495117 0.606445 0.0214844 0.0371094
0 0.637695 0.199707 0.0117188 0.0380859
0 0.666016 0.253906 0.0351562 0.0195312
0 0.621582 0.285645 0.0126953 0.0439453
0 0.648926 0.650879 0.0283203 0.0458984
0 0.678711 0.404785 0.0253906 0.0283203
0 0.518066 0.558594 0.0185547 0.0605469
0 0.442383 0.533203 0.0253906 0.0449219
0 0.674316 0.604492 0.0166016 0.0371094
0 0.417969 0.605469 0.0195312 0.0390625
0 0.574707 0.552734 0.0185547 0.0546875
0 0.634766 0.303711 0.015625 0.046875
0 0.569336 0.520996 0.0371094 0.0166016
0 0.643555 0.532227 0.0117188 0.0488281
0 0.59082 0.561523 0.0175781 0.0253906
0 0.501953 0.515137 0.015625 0.0439453
0 0.599121 0.580566 0.0283203 0.0302734
0 0.628906 0.699707 0.0273438 0.0185547
0 0.407227 0.592773 0.0332031 0.0332031
0 0.545898 0.500977 0.0332031 0.0214844
0 0.65625 0.421875 0.0351562 0.0234375
0 0.448242 0.583496 0.0371094 0.0341797
0 0.712891 0.78418 0.0195312 0.0488281
0 0.718262 0.72998 0.0380859 0.0517578
0 0.667969 0.234375 0.0351562 0.03125
0 0.594238 0.655273 0.0380859 0.0234375
0 0.545898 0.660156 0.0214844 0.0390625
0 0.53125 0.552734 0.015625 0.0546875
0 0.607422 0.555664 0.0273438 0.0136719
0 0.586914 0.678711 0.0253906 0.0488281
0 0.63623 0.738281 0.0166016 0.0390625
0 0.649414 0.188965 0.0234375 0.0439453
0 0.48291 0.549805 0.0263672 0.0273438
0 0.477051 0.580078 0.0205078 0.0546875
0 0.435547 0.566406 0.0332031 0.03125
0 0.666016 0.459961 0.0195312 0.0488281
0 0.647461 0.44873 0.0332031 0.0322266
0 0.62207 0.59668 0.0332031 0.0253906
0 0.69043 0.744141 0.0273438 0.0351562
0 0.621582 0.328125 0.0302734 0.0273438
0 0.619141 0.720215 0.0234375 0.0322266
0 0.648438 0.767578 0.015625 0.0429688
0 0.682617 0.427734 0.0175781 0.0449219
0 0.651855 0.700195 0.0322266 0.0292969
0 0.626465 0.42627 0.0146484 0.0537109
0 0.549805 0.53418 0.0292969 0.0214844
0 0.45752 0.59375 0.0380859 0.0195312
0 0.650879 0.211426 0.0166016 0.0361328
0 0.561523 0.572266 0.0292969 0.0429688
0 0.485352 0.521484 0.0292969 0.0390625
0 0.676758 0.657227 0.015625 0.0527344
0 0.567383 0.620605 0.0175781 0.0517578
0 0.686523 0.795898 0.0410156 0.0195312
0 0.620605 0.308594 0.0166016 0.0351562
0 0.459473 0.526855 0.0185547 0.0556641
0 0.611816 0.358398 0.0361328 0.0253906
0 0.60498 0.302246 0.0166016 0.0380859
0 0.642578 0.335938 0.015625 0.0507812
0 0.545898 0.587402 0.0371094 0.0224609
0 0.423828 0.555176 0.0351562 0.0419922
0 0.687988 0.700195 0.0244141 0.0410156
0 0.638672 0.616699 0.0234375 0.0478516
0 0.602539 0.26709 0.0292969 0.0205078
0 0.665039 0.175293 0.0136719 0.0537109
0 0.654297 0.582031 0.0234375 0.0273438
0 0.685059 0.453125 0.0224609 0.0449219
0 0.637695 0.247559 0.0292969 0.0361328
0 0.661133 0.280273 0.0292969 0.0332031
0 0.627441 0.682617 0.0283203 0.0332031
0 0.52832 0.631836 0.0390625 0.0214844
0 0.677734 0.714355 0.0351562 0.0302734
0 0.605469 0.674805 0.03125 0.0253906
0 0.34668 0.618164 0.0527344 0.0292969
0 0.481445 0.505859 0.0273438 0.0429688
0 0.500977 0.549316 0.0136719 0.0517578
0 0.503418 0.643555 0.0361328 0.0214844
0 0.53418 0.516602 0.0371094 0.0195312
0 0.655273 0.731934 0.0253906 0.0302734
0 0.518555 0.490234 0.0253906 0.0332031
0 0.600586 0.52832 0.0195312 0.0449219
0 0.651367 0.827148 0.0136719 0.0410156
0 0.387695 0.612305 0.015625 0.0527344
0 0.395996 0.562988 0.0283203 0.0458984
0 0.674316 0.833984 0.0283203 0.0351562
