0 0.48584 0.626953 0.0478516 0.107422
0 0.424805 0.571289 0.0683594 0.0292969
0 0.599609 0.298828 0.0527344 0.0742188
0 0.531738 0.308594 0.0615234 0.0820312
0 0.568848 0.484863 0.0400391 0.0947266
0 0.40625 0.625977 0.0390625 0.0996094
0 0.66748 0.710938 0.0439453 0.09375
0 0.524902 0.79248 0.0693359 0.0615234
0 0.416992 0.51709 0.103516 0.0888672
0 0.589844 0.335449 0.0644531 0.0791016
0 0.393555 0.669434 0.0410156 0.100586
0 0.407715 0.46582 0.0751953 0.0566406
0 0.709961 0.416504 0.078125 0.0556641
0 0.445312 0.689453 0.0351562 0.0878906
0 0.458984 0.418457 0.0585938 0.108398
0 0.476074 0.23291 0.0576172 0.124023
0 0.532715 0.621094 0.0302734 0.0820312
0 0.462891 0.638184 0.0371094 0.112305
0 0.927246 0.606445 0.0400391 0.0820312
0 0.486816 0.818359 0.0478516 0.0644531
0 0.496582 0.718262 0.0810547 0.0595703
