0 0.523438 0.255371 0.0273438 0.0302734
0 0.380371 0.663574 0.0185547 0.0615234
0 0.35498 0.590332 0.0283203 0.0341797
0 0.426758 0.459473 0.0332031 0.0302734
0 0.518555 0.560547 0.0234375 0.0566406
0 0.418945 0.533203 0.0332031 0.03125
0 0.435547 0.637207 0.0332031 0.0400391
0 0.582031 0.568359 0.0351562 0.0410156
0 0.417969 0.547852 0.03125 0.0273438
0 0.431152 0.567383 0.0322266 0.0292969
0 0.503906 0.209961 0.0332031 0.0546875
0 0.485352 0.467285 0.0195312 0.0517578
0 0.416992 0.411133 0.0253906 0.0507812
0 0.341797 0.618164 0.0273438 0.0390625
0 0.442871 0.52832 0.0341797 0.046875
0 0.495605 0.225586 0.0263672 0.0566406
0 0.547363 0.403809 0.0224609 0.0673828
0 0.455078 0.604004 0.0195312 0.0576172
0 0.442871 0.549805 0.0283203 0.0507812
0 0.55957 0.566406 0.0371094 0.0351562
0 0.382324 0.57959 0.0185547 0.0537109
0 0.387695 0.684082 0.0175781 0.0634766
0 0.550293 0.345215 0.0205078 0.0634766
0 0.547363 0.30957 0.0205078 0.0546875
0 0.42041 0.43457 0.0322266 0.0351562
0 0.330078 0.571777 0.03125 0.0439453
0 0.472656 0.600098 0.03125 0.0537109
0 0.503906 0.550781 0.0273438 0.0390625
0 0.480469 0.355957 0.0273438 0.0615234
0 0.539551 0.549316 0.0263672 0.0576172
0 0.404785 0.697754 0.0380859 0.0400391
0 0.399414 0.605957 0.0253906 0.0537109
0 0.368164 0.671387 0.0234375 0.0537109
0 0.412109 0.650879 0.0253906 0.0556641
0 0.518555 0.336914 0.0371094 0.0449219
0 0.397949 0.656738 0.0302734 0.0537109
0 0.355469 0.396973 0.0332031 0.0380859
0 0.403809 0.55957 0.0322266 0.0410156
0 0.463379 0.642578 0.0263672 0.0390625
0 0.514648 0.22168 0.0273438 0.046875
0 0.558594 0.230957 0.0292969 0.0712891
0 0.498047 0.278809 0.0234375 0.0537109
0 0.480957 0.706055 0.0224609 0.0625
0 0.436035 0.668945 0.0341797 0.0449219
0 0.535156 0.275391 0.0410156 0.0527344
0 0.432617 0.477539 0.0351562 0.0351562
0 0.370605 0.59668 0.0224609 0.0488281
0 0.266602 0.526855 0.0214844 0.0576172
0 0.364258 0.428711 0.0253906 0.0546875
0 0.561523 0.436035 0.0234375 0.0693359
0 0.389648 0.519531 0.0214844 0.0605469
0 0.337402 0.595215 0.0244141 0.0537109
0 0.399902 0.57959 0.0283203 0.0478516
0 0.274902 0.633789 0.0302734 0.0585938
0 0.567383 0.542969 0.0371094 0.0390625
0 0.480469 0.416992 0.0332031 0.046875
0 0.523438 0.580566 0.0351562 0.0302734
0 0.311035 0.538086 0.0205078 0.0605469
0 0.410156 0.508301 0.0371094 0.0400391
0 0.491211 0.763672 0.0390625 0.0546875
0 0.418945 0.594727 0.0214844 0.0507812
0 0.345703 0.655762 0.0214844 0.0634766
0 0.510254 0.169434 0.0400391 0.0400391
0 0.474609 0.546875 0.0214844 0.0722656
0 0.487305 0.634766 0.0332031 0.0449219
0 0.535156 0.359375 0.0195312 0.0546875
0 0.51416 0.458984 0.0205078 0.0585938
0 0.509766 0.29834 0.0234375 0.0634766
0 0.438965 0.601562 0.0205078 0.0585938
0 0.507324 0.370605 0.0322266 0.0537109
0 0.40332 0.461426 0.0292969 0.0478516
0 0.320801 0.665527 0.0244141 0.0634766
0 0.543457 0.742676 0.0263672 0.0712891
0 0.39209 0.430664 0.0322266 0.0390625
0 0.471191 0.439941 0.0341797 0.0419922
0 0.306152 0.509277 0.0341797 0.0400391
0 0.265625 0.472168 0.0351562 0.0517578
0 0.48584 0.247559 0.0244141 0.0615234
0 0.433594 0.376465 0.0351562 0.0380859
0 0.435547 0.418945 0.03125 0.0332031
0 0.571289 0.34668 0.0292969 0.0527344
0 0.45166 0.513672 0.0302734 0.0527344
0 0.609375 0.449707 0.0214844 0.0576172
0 0.483887 0.181641 0.0361328 0.0371094
0 0.495605 0.580566 0.0185547 0.0576172
0 0.372559 0.491211 0.0224609 0.0605469
0 0.511719 0.618652 0.0214844 0.0634766
0 0.500488 0.435059 0.0224609 0.0615234
0 0.324707 0.498535 0.0302734 0.0498047
0 0.298828 0.679688 0.0234375 0.0703125
0 0.548828 0.660645 0.0292969 0.0458984
0 0.504883 0.524414 0.0332031 0.0449219
0 0.30957 0.612305 0.0332031 0.0449219
0 0.486816 0.672363 0.0361328 0.0380859
0 0.343262 0.36084 0.0380859 0.0439453
0 0.29541 0.557129 0.0244141 0.0673828
0 0.410156 0.738281 0.0253906 0.0625
0 0.527832 0.42041 0.0302734 0.0478516
0 0.600586 0.598633 0.0234375 0.0683594
0 0.731445 0.739746 0.03125 0.0673828
0 0.29834 0.475098 0.0361328 0.0400391
0 0.335938 0.54248 0.03125 0.0419922
0 0.611328 0.54834 0.0351562 0.0458984
0 0.380371 0.405273 0.0322266 0.0390625
0 0.560059 0.493652 0.0302734 0.0517578
0 0.567383 0.300293 0.0332031 0.0478516
0 0.492676 0.494141 0.0283203 0.0507812
0 0.359375 0.545898 0.0234375 0.0625
0 0.59668 0.486816 0.0253906 0.0595703
0 0.262695 0.605957 0.0332031 0.0419922
0 0.544922 0.626953 0.0351562 0.0429688
0 0.265137 0.671875 0.0244141 0.0585938
0 0.538574 0.492676 0.0322266 0.0517578
0 0.350586 0.467285 0.0351562 0.0498047
0 0.589355 0.0649414 0.0400391 0.0458984
