0 0.559082 0.51123 0.00878906 0.0283203
0 0.578613 0.285156 0.0166016 0.0195312
0 0.553223 0.544922 0.0107422 0.0214844
0 0.541992 0.590332 0.0175781 0.0107422
0 0.669922 0.650879 0.0117188 0.0205078
0 0.546387 0.449219 0.0107422 0.0273438
0 0.557617 0.470703 0.015625 0.0214844
0 0.493652 0.14502 0.0263672 0.0263672
0 0.691406 0.615234 0.0273438 0.0214844
0 0.57666 0.435547 0.00878906 0.0273438
0 0.286133 0.368164 0.0175781 0.015625
0 0.736328 0.643066 0.00585938 0.0185547
0 0.566406 0.511719 0.0117188 0.0273438
0 0.549316 0.486328 0.0244141 0.015625
0 0.272461 0.324219 0.015625 0.015625
0 0.422852 0.716309 0.00976562 0.0283203
0 0.0429688 0.151855 0.0292969 0.0224609
0 0.54834 0.571289 0.00878906 0.0253906
0 0.560059 0.34082 0.0185547 0.0234375
0 0.646973 0.414551 0.0107422 0.0380859
0 0.334961 0.553711 0.0175781 0.0175781
0 0.604492 0.237793 0.0117188 0.0283203
0 0.719238 0.623047 0.0205078 0.0117188
0 0.661621 0.469238 0.0166016 0.0205078
0 0.296875 0.365723 0.015625 0.0224609
0 0.9375 0.174316 0.0292969 0.0185547
0 0.273438 0.24707 0.0214844 0.0253906
0 0.526367 0.283691 0.0195312 0.0107422
0 0.323242 0.284668 0.00976562 0.0244141
0 0.571289 0.454102 0.0117188 0.0292969
0 0.663574 0.138672 0.0185547 0.0292969
0 0.528809 0.402344 0.0146484 0.0195312
0 0.0893555 0.20459 0.0146484 0.0224609
0 0.573242 0.535645 0.0136719 0.0205078
0 0.618164 0.246582 0.015625 0.0205078
0 0.512207 0.314453 0.0224609 0.0136719
0 0.540039 0.368652 0.0195312 0.0224609
0 0.560059 0.287109 0.0185547 0.0253906
