0 0.577148 0.956543 0.0527344 0.0810547
0 0.260254 0.436035 0.0263672 0.0615234
0 0.0737305 0.369629 0.0478516 0.0380859
0 0.669922 0.580078 0.0332031 0.0664062
0 0.258301 0.806641 0.0244141 0.0625
0 0.392578 0.212891 0.0351562 0.0742188
0 0.70459 0.581055 0.0341797 0.0566406
0 0.488281 0.640625 0.046875 0.0859375
0 0.377441 0.822266 0.0322266 0.0546875
0 0.345215 0.837891 0.0322266 0.0546875
0 0.161133 0.493164 0.0449219 0.0566406
0 0.498535 0.331055 0.0478516 0.0800781
0 0.471191 0.537109 0.0380859 0.078125
0 0.104492 0.431641 0.0332031 0.0527344
0 0.747559 0.76123 0.0478516 0.0595703
0 0.716797 0.854492 0.0507812 0.0390625
0 0.425293 0.478516 0.0419922 0.0683594
0 0.203613 0.412109 0.0498047 0.046875
0 0.458496 0.74707 0.0302734 0.0683594
0 0.3125 0.521973 0.0488281 0.0595703
