0 0.498047 0.428711 0.0195312 0.0566406
0 0.493164 0.46582 0.0449219 0.0527344
0 0.480469 0.46582 0.0292969 0.0449219
0 0.473145 0.5 0.0283203 0.03125
0 0.554688 0.524414 0.046875 0.0371094
0 0.634766 0.464844 0.0195312 0.0585938
0 0.442383 0.410156 0.0253906 0.0507812
0 0.661133 0.609863 0.0253906 0.0693359
0 0.341797 0.383789 0.0195312 0.0546875
0 0.531738 0.449707 0.0244141 0.0458984
0 0.561523 0.464844 0.0449219 0.0273438
0 0.541992 0.432617 0.0371094 0.0410156
0 0.601074 0.575195 0.0244141 0.0644531
0 0.518555 0.502441 0.0253906 0.0498047
0 0.561523 0.490234 0.0371094 0.0214844
0 0.421875 0.449219 0.0429688 0.0332031
0 0.616699 0.578613 0.0283203 0.0595703
0 0.637207 0.521973 0.0322266 0.0498047
0 0.562988 0.433594 0.0302734 0.0351562
0 0.371582 0.459961 0.0263672 0.0605469
0 0.609375 0.502441 0.0410156 0.0517578
0 0.566406 0.567383 0.046875 0.0429688
0 0.354004 0.381836 0.0224609 0.0507812
0 0.507812 0.469238 0.0273438 0.0498047
0 0.630859 0.603516 0.03125 0.0546875
0 0.476074 0.531738 0.0244141 0.0458984
0 0.512207 0.556152 0.0400391 0.0595703
0 0.507812 0.394531 0.0273438 0.0527344
0 0.406738 0.404297 0.0283203 0.0585938
0 0.510742 0.69873 0.0371094 0.0556641
0 0.331543 0.386719 0.0224609 0.0625
0 0.567383 0.632812 0.0527344 0.03125
0 0.678711 0.576172 0.0195312 0.0625
0 0.383789 0.372559 0.0371094 0.0205078
0 0.647461 0.47168 0.0253906 0.0605469
0 0.573242 0.610352 0.0410156 0.0234375
0 0.623535 0.485352 0.0361328 0.0371094
0 0.534668 0.620117 0.0361328 0.0566406
0 0.483887 0.400391 0.0185547 0.0585938
0 0.601074 0.651367 0.0341797 0.0527344
0 0.692383 0.55957 0.03125 0.0566406
0 0.517578 0.607422 0.0429688 0.0351562
0 0.532715 0.564453 0.0283203 0.0585938
0 0.663086 0.515625 0.0273438 0.0664062
0 0.706055 0.602539 0.0449219 0.0488281
0 0.603516 0.453613 0.046875 0.0341797
0 0.458496 0.435547 0.0263672 0.0390625
0 0.428711 0.484375 0.046875 0.0292969
0 0.495117 0.521973 0.0214844 0.0654297
0 0.45752 0.398438 0.0361328 0.046875
0 0.333008 0.447266 0.0488281 0.0410156
0 0.567383 0.412109 0.0371094 0.0507812
0 0.373535 0.404297 0.0380859 0.0546875
0 0.59082 0.518555 0.0332031 0.0566406
0 0.417969 0.381836 0.03125 0.0644531
0 0.467285 0.586426 0.0322266 0.0576172
