0 0.0146484 0.409668 0.0292969 0.0458984
0 0.54541 0.609375 0.0498047 0.0625
0 0.657715 0.540527 0.0224609 0.0537109
0 0.603516 0.634766 0.0390625 0.0605469
0 0.861328 0.815918 0.0683594 0.0712891
0 0.558594 0.713379 0.0449219 0.112305
0 0.775391 0.805176 0.0371094 0.0693359
0 0.825684 0.606445 0.0556641 0.0351562
0 0.229004 0.452637 0.0361328 0.0849609
0 0.185059 0.360352 0.0537109 0.0566406
0 0.222168 0.405762 0.0849609 0.0322266
0 0.177246 0.48291 0.0634766 0.0869141
0 0.97998 0.494141 0.0400391 0.0546875
0 0.974609 0.602051 0.0449219 0.0947266
0 0.504395 0.62793 0.0322266 0.0644531
0 0.86377 0.55957 0.0517578 0.0507812
0 0.891602 0.769043 0.0664062 0.0322266
0 0.786621 0.514648 0.0556641 0.0585938
0 0.896484 0.69043 0.0449219 0.0488281
0 0.169922 0.389648 0.0351562 0.0976562
0 0.151855 0.820312 0.0517578 0.0507812
0 0.00927734 0.294922 0.0185547 0.0703125
0 0.736328 0.84375 0.0585938 0.105469
0 0.949219 0.628418 0.0644531 0.0341797
0 0.0234375 0.298828 0.046875 0.0625
0 0.98877 0.570312 0.0224609 0.0839844
0 0.0175781 0.338379 0.0351562 0.0361328
0 0.234863 0.382812 0.0693359 0.0332031
0 0.711426 0.722168 0.0615234 0.0556641
0 0.696777 0.494141 0.0419922 0.0605469
0 0.819824 0.575195 0.0478516 0.0507812
0 0.736328 0.515137 0.0527344 0.0556641
0 0.696289 0.793457 0.0390625 0.0888672
0 0.177246 0.78125 0.0361328 0.0917969
0 0.818848 0.800293 0.0498047 0.0830078
0 0.84668 0.74707 0.0898438 0.0390625
0 0.929199 0.693359 0.0478516 0.0722656
0 0.664551 0.703125 0.0439453 0.103516
0 0.134766 0.311523 0.0820312 0.0566406
0 0.84082 0.685059 0.078125 0.0634766
0 0.0136719 0.582031 0.0253906 0.0761719
0 0.027832 0.391602 0.0537109 0.0527344
0 0.663574 0.77832 0.0478516 0.09375
0 0.734375 0.712891 0.0605469 0.0566406
0 0.726562 0.777832 0.0605469 0.0888672
0 0.0375977 0.596191 0.0380859 0.100586
0 0.0571289 0.354492 0.0712891 0.0429688
0 0.584473 0.49707 0.0556641 0.0605469
0 0.806641 0.557129 0.0527344 0.0478516
0 0.96582 0.502441 0.0625 0.0556641
0 0.632324 0.488281 0.0517578 0.0410156
0 0.560547 0.511719 0.0351562 0.0957031
0 0.643066 0.577148 0.0654297 0.0292969
0 0.627441 0.74707 0.0498047 0.125
0 0.674316 0.498535 0.0439453 0.0537109
0 0.595703 0.560547 0.0546875 0.0410156
0 0.220703 0.852051 0.0390625 0.124023
0 0.740234 0.60791 0.0722656 0.0556641
0 0.352539 0.439453 0.0644531 0.0449219
0 0.52832 0.538574 0.0273438 0.0810547
0 0.134277 0.410645 0.0537109 0.0791016
0 0.0200195 0.489746 0.0400391 0.0888672
0 0.275391 0.489746 0.046875 0.0693359
0 0.846191 0.462891 0.0576172 0.0644531
0 0.935059 0.569336 0.0537109 0.0820312
0 0.309082 0.469727 0.0283203 0.0957031
0 0.616211 0.524414 0.0722656 0.046875
0 0.0522461 0.458984 0.0361328 0.0976562
0 0.126465 0.742676 0.0478516 0.116211
0 0.783203 0.725586 0.0449219 0.105469
0 0.164062 0.710938 0.0507812 0.0878906
0 0.518555 0.482422 0.0585938 0.0644531
0 0.116699 0.377441 0.0595703 0.0927734
0 0.473145 0.492676 0.0556641 0.0869141
0 0.687012 0.57959 0.0419922 0.106445
0 0.587402 0.709473 0.0439453 0.102539
0 0.637695 0.619629 0.0605469 0.0673828
0 0.688965 0.850586 0.0712891 0.0429688
0 0.190918 0.740723 0.0556641 0.102539
0 0.869141 0.624512 0.0800781 0.0673828
0 0.282227 0.415039 0.0585938 0.0625
