0 0.532227 0.617676 0.0410156 0.0400391
0 0.489746 0.68457 0.0361328 0.0332031
0 0.471191 0.714355 0.0419922 0.0283203
0 0.44873 0.496094 0.0146484 0.0390625
0 0.331055 0.520508 0.0371094 0.0292969
0 0.530273 0.46582 0.0253906 0.0449219
0 0.42627 0.54541 0.0263672 0.0517578
0 0.361328 0.595703 0.015625 0.0507812
0 0.365723 0.459473 0.0224609 0.0498047
0 0.452148 0.539062 0.0332031 0.046875
0 0.567383 0.622559 0.0214844 0.0595703
0 0.588867 0.59375 0.0292969 0.0625
0 0.470703 0.625977 0.0390625 0.0292969
0 0.511719 0.450195 0.0234375 0.0566406
0 0.381348 0.458008 0.0185547 0.0585938
0 0.394043 0.620117 0.0380859 0.0253906
0 0.44043 0.600098 0.0390625 0.0322266
0 0.554199 0.542969 0.0498047 0.0410156
0 0.397461 0.694336 0.0175781 0.0585938
0 0.416504 0.538574 0.0322266 0.0478516
0 0.441895 0.400391 0.0380859 0.0390625
0 0.408203 0.480469 0.0371094 0.0273438
0 0.466309 0.473633 0.0244141 0.0527344
0 0.383789 0.5625 0.0292969 0.0429688
0 0.34082 0.592285 0.0136719 0.0537109
0 0.519531 0.668945 0.0273438 0.0371094
0 0.53418 0.418457 0.0332031 0.0205078
0 0.39502 0.500488 0.0419922 0.0263672
0 0.355469 0.436035 0.0292969 0.0615234
0 0.359863 0.658203 0.0400391 0.0253906
0 0.516602 0.630859 0.0429688 0.0351562
0 0.438965 0.466797 0.0185547 0.046875
0 0.476562 0.731934 0.0371094 0.0361328
0 0.46582 0.552734 0.0214844 0.0507812
0 0.472656 0.604492 0.0390625 0.0332031
0 0.490234 0.663086 0.0351562 0.0253906
0 0.386719 0.411621 0.0390625 0.0380859
0 0.513184 0.709961 0.0400391 0.0449219
0 0.364746 0.525391 0.0380859 0.0273438
0 0.378418 0.702637 0.0205078 0.0498047
0 0.316406 0.418457 0.0273438 0.0556641
0 0.384766 0.597656 0.0332031 0.0429688
0 0.32959 0.476562 0.0263672 0.0546875
0 0.354492 0.552246 0.0390625 0.0302734
0 0.450684 0.938965 0.0380859 0.0498047
0 0.547363 0.585938 0.0263672 0.0585938
0 0.455566 0.431152 0.0341797 0.0341797
