0 0.442383 0.766113 0.0410156 0.0419922
0 0.532227 0.616211 0.0351562 0.0449219
0 0.70459 0.445312 0.0341797 0.0449219
0 0.360352 0.741211 0.0371094 0.0507812
0 0.777344 0.414062 0.0527344 0.0351562
0 0.796387 0.627441 0.0517578 0.0205078
0 0.572266 0.635742 0.0507812 0.0371094
0 0.643555 0.31543 0.0703125 0.0175781
0 0.375977 0.604492 0.0273438 0.0488281
0 0.412109 0.595703 0.0410156 0.0429688
0 0.816406 0.408203 0.0332031 0.046875
0 0.632812 0.552734 0.0449219 0.0488281
0 0.541504 0.852051 0.0478516 0.0498047
0 0.515625 0.740234 0.0371094 0.0527344
0 0.412598 0.717285 0.0380859 0.0556641
0 0.576172 0.710938 0.0683594 0.03125
0 0.779297 0.658691 0.0332031 0.0537109
0 0.649902 0.386719 0.0283203 0.0429688
0 0.328125 0.887695 0.0664062 0.0390625
0 0.651367 0.769043 0.0507812 0.0537109
0 0.870117 0.26123 0.0585938 0.0400391
0 0.384766 0.792969 0.0429688 0.0566406
0 0.652344 0.714844 0.0488281 0.0410156
0 0.605469 0.811035 0.0449219 0.0498047
0 0.610352 0.691406 0.0429688 0.0527344
0 0.754395 0.655273 0.0380859 0.0507812
0 0.527344 0.677246 0.0625 0.0361328
0 0.475586 0.864258 0.0449219 0.046875
0 0.650391 0.849609 0.0546875 0.0605469
0 0.800293 0.562988 0.0419922 0.0380859
0 0.802246 0.505371 0.0458984 0.0302734
0 0.666016 0.61084 0.0644531 0.0302734
0 0.848145 0.657227 0.0478516 0.0507812
0 0.703613 0.638672 0.0771484 0.0214844
