0 0.358398 0.639648 0.0292969 0.0683594
0 0.623047 0.499512 0.0488281 0.0302734
0 0.502441 0.745117 0.0283203 0.0664062
0 0.0644531 0.538574 0.0507812 0.0322266
0 0.153809 0.570801 0.0498047 0.0478516
0 0.391602 0.135742 0.0527344 0.0351562
0 0.103027 0.597656 0.0341797 0.0664062
0 0.557617 0.854492 0.0546875 0.0566406
0 0.133789 0.804688 0.0546875 0.0332031
0 0.72168 0.367188 0.0332031 0.0664062
0 0.564453 0.614746 0.0390625 0.0341797
0 0.230469 0.32373 0.0371094 0.0654297
0 0.605469 0.859375 0.0351562 0.0585938
0 0.457031 0.503418 0.0390625 0.0439453
0 0.677734 0.428223 0.0566406 0.0576172
0 0.51709 0.462402 0.0322266 0.0654297
0 0.555664 0.401855 0.0507812 0.0380859
0 0.312012 0.415527 0.0517578 0.0419922
0 0.664062 0.241699 0.0546875 0.0419922
0 0.498535 0.0830078 0.0400391 0.0644531
0 0.442383 0.229004 0.0410156 0.0576172
0 0.405273 0.413086 0.0390625 0.0507812
0 0.591797 0.191406 0.0507812 0.046875
0 0.475098 0.76709 0.0419922 0.0517578
0 0.312988 0.617188 0.0302734 0.0605469
0 0.612305 0.317383 0.0371094 0.0605469
0 0.308594 0.848145 0.0390625 0.0537109
0 0.134277 0.425293 0.0458984 0.0498047
