0 0.606445 0.508301 0.0175781 0.0224609
0 0.347656 0.351074 0.0175781 0.0537109
0 0.833008 0.313965 0.0273438 0.0166016
0 0.683594 0.444336 0.0253906 0.0273438
0 0.333496 0.374512 0.0263672 0.0361328
0 0.282227 0.394531 0.0273438 0.0273438
0 0.711426 0.431641 0.0263672 0.0175781
0 0.768066 0.498535 0.0263672 0.0302734
0 0.694336 0.42627 0.0234375 0.0185547
0 0.681152 0.457031 0.0302734 0.0292969
0 0.325684 0.40625 0.0185547 0.0292969
0 0.502441 0.725586 0.0244141 0.03125
0 0.594727 0.510742 0.0253906 0.0253906
0 0.356934 0.40625 0.0205078 0.0234375
0 0.64209 0.410645 0.0126953 0.0302734
0 0.269043 0.380859 0.0146484 0.0332031
0 0.321289 0.396484 0.0175781 0.0253906
0 0.223633 0.48877 0.0273438 0.0107422
0 0.303223 0.381348 0.0166016 0.0302734
0 0.47998 0.635742 0.0146484 0.0410156
0 0.683594 0.388184 0.0136719 0.0224609
0 0.633789 0.498535 0.0273438 0.0205078
0 0.744629 0.554688 0.0126953 0.0449219
0 0.656738 0.375488 0.0322266 0.0263672
0 0.29541 0.421387 0.0283203 0.0244141
0 0.707031 0.450684 0.0253906 0.0322266
0 0.460449 0.82373 0.0322266 0.0361328
0 0.398438 0.458008 0.0332031 0.0175781
0 0.659668 0.421875 0.0302734 0.0253906
0 0.70752 0.474609 0.0341797 0.0175781
0 0.671875 0.400879 0.03125 0.0263672
0 0.780273 0.462891 0.0195312 0.0253906
0 0.730957 0.438965 0.0185547 0.0322266
0 0.796875 0.334473 0.0332031 0.0205078
0 0.579102 0.557129 0.03125 0.0185547
0 0.634766 0.435547 0.0214844 0.0351562
0 0.766113 0.550781 0.0224609 0.0449219
0 0.68457 0.52832 0.03125 0.046875
0 0.478516 0.662598 0.0351562 0.0224609
0 0.710938 0.403809 0.0136719 0.0419922
0 0.491211 0.806641 0.0234375 0.0449219
0 0.647949 0.447266 0.0224609 0.0351562
0 0.545898 0.921387 0.0351562 0.0302734
0 0.496094 0.745605 0.0214844 0.0439453
0 0.624512 0.516602 0.0224609 0.0390625
0 0.714844 0.580566 0.0214844 0.0419922
0 0.719727 0.391602 0.015625 0.0371094
0 0.501953 0.643066 0.0234375 0.0322266
