0 0.630859 0.554688 0.015625 0.0449219
0 0.0136719 0.964355 0.0273438 0.0361328
0 0.419434 0.741211 0.0380859 0.0429688
0 0.625488 0.310059 0.0205078 0.0341797
0 0.630859 0.595215 0.015625 0.0458984
0 0.639648 0.547363 0.0117188 0.0458984
0 0.388672 0.625 0.0292969 0.0371094
0 0.632324 0.21875 0.0439453 0.0722656
0 0.650879 0.488281 0.0283203 0.0410156
0 0.589844 0.322266 0.03125 0.0390625
0 0.61084 0.555664 0.0224609 0.0371094
0 0.385742 0.487305 0.0332031 0.0253906
0 0.635254 0.635742 0.0302734 0.0390625
0 0.0239258 0.984375 0.0302734 0.03125
0 0.433594 0.596191 0.0136719 0.0517578
0 0.00634766 0.464844 0.0126953 0.03125
0 0.562988 0.550293 0.0185547 0.0458984
0 0.0239258 0.914551 0.0361328 0.0439453
0 0.0874023 0.992188 0.0498047 0.015625
0 0.19043 0.935547 0.0175781 0.0585938
0 0.595215 0.588867 0.0263672 0.0507812
0 0.236328 0.477539 0.0390625 0.0175781
0 0.588379 0.554199 0.0341797 0.0224609
0 0.602051 0.639648 0.0283203 0.0507812
0 0.605957 0.323242 0.0322266 0.0371094
0 0.563477 0.50293 0.03125 0.0292969
0 0.132812 0.987793 0.0332031 0.0244141
0 0.542969 0.554199 0.0351562 0.0322266
0 0.562012 0.387207 0.0166016 0.0595703
0 0.583008 0.507324 0.0273438 0.0498047
0 0.25 0.407227 0.03125 0.0664062
0 0.549316 0.335938 0.0205078 0.0625
0 0.384277 0.553711 0.0302734 0.0585938
0 0.402344 0.614746 0.0371094 0.0380859
0 0.508301 0.750488 0.0439453 0.0302734
0 0.330078 0.717773 0.0410156 0.0234375
0 0.324219 0.439453 0.0195312 0.0683594
0 0.399414 0.408691 0.0175781 0.0556641
0 0.335938 0.54541 0.0449219 0.0361328
0 0.415527 0.395508 0.0244141 0.0585938
0 0.57373 0.291016 0.0419922 0.03125
0 0.480469 0.288574 0.0429688 0.0283203
0 0.601562 0.30127 0.0371094 0.0341797
0 0.620117 0.502441 0.0332031 0.0205078
0 0.513184 0.716309 0.0400391 0.0380859
0 0.258789 0.646973 0.0410156 0.0322266
0 0.449219 0.60498 0.0371094 0.0361328
0 0.523438 0.60791 0.0273438 0.0654297
0 0.579102 0.611328 0.0195312 0.0605469
0 0.611816 0.589355 0.0224609 0.0537109
0 0.417969 0.570801 0.0214844 0.0556641
0 0.349609 0.348145 0.0371094 0.0361328
0 0.393066 0.682129 0.0263672 0.0595703
0 0.602051 0.512207 0.0205078 0.0556641
0 0.0493164 0.97168 0.0537109 0.046875
0 0.336914 0.429688 0.0195312 0.0527344
0 0.401855 0.553223 0.0263672 0.0498047
0 0.521484 0.498535 0.03125 0.0439453
0 0.214355 0.94043 0.0244141 0.0546875
0 0.572754 0.325684 0.0322266 0.0517578
0 0.580566 0.376465 0.0146484 0.0498047
0 0.620117 0.351074 0.0390625 0.0263672
0 0.481445 0.490723 0.0234375 0.0517578
0 0.434082 0.435059 0.0224609 0.0595703
0 0.54248 0.505859 0.0283203 0.0488281
0 0.366211 0.625977 0.0390625 0.0332031
0 0.437988 0.699707 0.0341797 0.0400391
0 0.277832 0.415527 0.0400391 0.0302734
0 0.572754 0.22168 0.0380859 0.0546875
0 0.412109 0.681152 0.0214844 0.0576172
0 0.460938 0.742188 0.0175781 0.0644531
0 0.505859 0.274414 0.0410156 0.0253906
0 0.384766 0.308105 0.0390625 0.0439453
0 0.256836 0.463867 0.0429688 0.0214844
0 0.387695 0.336426 0.0429688 0.0361328
0 0.481445 0.776855 0.0449219 0.0322266
0 0.174805 0.977539 0.0410156 0.0449219
0 0.368164 0.705566 0.0292969 0.0615234
0 0.655762 0.522949 0.0224609 0.0537109
0 0.605957 0.390137 0.0244141 0.0478516
0 0.498047 0.251465 0.046875 0.0263672
0 0.307617 0.409668 0.0292969 0.0537109
0 0.337402 0.32373 0.0458984 0.0283203
0 0.649902 0.578613 0.0263672 0.0576172
0 0.397949 0.361816 0.0439453 0.0439453
0 0.617676 0.407227 0.0322266 0.0429688
0 0.528809 0.527832 0.0458984 0.0302734
0 0.45459 0.573242 0.0283203 0.0410156
0 0.634277 0.368652 0.0341797 0.0400391
0 0.496094 0.455078 0.0332031 0.0429688
0 0.431152 0.312988 0.0380859 0.0478516
0 0.564453 0.262207 0.0332031 0.0283203
0 0.0610352 0.443359 0.0361328 0.0429688
0 0.57959 0.456055 0.0283203 0.0507812
0 0.308594 0.364746 0.03125 0.0458984
0 0.339844 0.390625 0.0488281 0.0332031
0 0.455078 0.497559 0.0332031 0.0537109
