0 0.563477 0.47168 0.00976562 0.0390625
0 0.564941 0.731934 0.0166016 0.0810547
0 0.551758 0.688965 0.0175781 0.0810547
0 0.683105 0.343262 0.0166016 0.0498047
0 0.479492 0.64502 0.0371094 0.0283203
0 0.497559 0.752441 0.0205078 0.0517578
0 0.539551 0.798828 0.0341797 0.0371094
0 0.459961 0.772949 0.03125 0.0185547
0 0.51123 0.531738 0.0380859 0.0263672
0 0.518555 0.705078 0.0214844 0.0410156
0 0.640625 0.272949 0.03125 0.0361328
0 0.591309 0.466797 0.0126953 0.0585938
0 0.710938 0.245117 0.0332031 0.0253906
0 0.511719 0.585449 0.0175781 0.0458984
0 0.480957 0.665527 0.0400391 0.0283203
0 0.692871 0.561035 0.0244141 0.0576172
0 0.550293 0.775391 0.0439453 0.0292969
0 0.65625 0.54834 0.0332031 0.0322266
0 0.540039 0.71582 0.0332031 0.0742188
0 0.581055 0.455078 0.0273438 0.0410156
0 0.530273 0.487305 0.0273438 0.078125
0 0.614258 0.486328 0.0195312 0.0742188
0 0.594238 0.639648 0.0380859 0.0292969
0 0.600098 0.328613 0.0302734 0.0380859
0 0.57959 0.663574 0.0419922 0.0380859
0 0.512695 0.554199 0.0410156 0.0283203
0 0.668457 0.608398 0.0283203 0.0332031
0 0.599609 0.496582 0.0253906 0.0537109
0 0.472168 0.928711 0.0439453 0.0429688
0 0.429199 0.834961 0.0341797 0.03125
0 0.670898 0.250977 0.0371094 0.0449219
0 0.525391 0.619141 0.0332031 0.0585938
0 0.661133 0.370605 0.0195312 0.0673828
0 0.557617 0.633789 0.0429688 0.0332031
0 0.582031 0.683594 0.0429688 0.0253906
0 0.548828 0.502441 0.0214844 0.0693359
0 0.523926 0.662109 0.0419922 0.03125
0 0.42334 0.730957 0.0205078 0.0751953
0 0.76416 0.750977 0.0341797 0.0664062
0 0.489258 0.630371 0.0390625 0.0419922
0 0.660156 0.438965 0.0175781 0.0732422
0 0.493164 0.783691 0.0195312 0.0615234
0 0.618164 0.438477 0.0410156 0.0507812
0 0.622559 0.640137 0.0283203 0.0537109
0 0.590332 0.716797 0.0224609 0.0449219
0 0.371582 0.730957 0.0283203 0.0380859
0 0.629883 0.584473 0.0253906 0.0537109
0 0.48291 0.552734 0.0224609 0.0800781
0 0.554199 0.587891 0.0205078 0.0683594
0 0.664062 0.579102 0.0410156 0.0527344
0 0.67334 0.305664 0.0244141 0.0722656
0 0.588379 0.75 0.0341797 0.0429688
0 0.626465 0.554199 0.0302734 0.0673828
0 0.580078 0.517578 0.0195312 0.0703125
0 0.49707 0.486328 0.0429688 0.03125
0 0.381836 0.769531 0.0390625 0.0371094
0 0.544922 0.824219 0.0410156 0.0410156
0 0.633301 0.324219 0.0380859 0.0625
0 0.415527 0.51416 0.0361328 0.0517578
0 0.602051 0.54834 0.0400391 0.0439453
0 0.431152 0.786133 0.0263672 0.0585938
0 0.576172 0.580078 0.0429688 0.0449219
0 0.411133 0.685059 0.0253906 0.0712891
0 0.375488 0.669434 0.0185547 0.0654297
0 0.516113 0.429199 0.0283203 0.0693359
