0 0.369141 0.526855 0.0625 0.0263672
0 0.324219 0.285645 0.0234375 0.0576172
0 0.3125 0.674805 0.0273438 0.0878906
0 0.438477 0.368164 0.0625 0.0410156
0 0.400391 0.718262 0.0253906 0.0888672
0 0.336426 0.379883 0.0478516 0.0429688
0 0.33252 0.68457 0.0361328 0.0839844
0 0.48584 0.70752 0.0283203 0.0751953
0 0.373535 0.643066 0.0244141 0.100586
0 0.284668 0.312988 0.0283203 0.0927734
0 0.501465 0.637695 0.0283203 0.0996094
0 0.266602 0.320312 0.0253906 0.0859375
0 0.358887 0.320801 0.0263672 0.0947266
0 0.662109 0.950195 0.0273438 0.0703125
0 0.467285 0.340332 0.0791016 0.0419922
0 0.490723 0.313477 0.0615234 0.0410156
0 0.439453 0.260254 0.0585938 0.0615234
0 0.44873 0.72998 0.0654297 0.0380859
0 0.249023 0.594238 0.0566406 0.0830078
0 0.451172 0.760742 0.0625 0.0371094
0 0.241211 0.52832 0.0605469 0.117188
0 0.365234 0.692383 0.0507812 0.0800781
0 0.396484 0.336426 0.0664062 0.0458984
0 0.607422 0.746094 0.0429688 0.115234
0 0.139648 0.527832 0.0820312 0.0595703
0 0.564453 0.387207 0.03125 0.0927734
0 0.421387 0.664062 0.0634766 0.03125
0 0.566406 0.917969 0.0273438 0.121094
0 0.979492 0.62207 0.0410156 0.103516
0 0.351562 0.566895 0.0410156 0.0810547
0 0.489258 0.282227 0.0644531 0.046875
0 0.262695 0.641113 0.0273438 0.0810547
0 0.544922 0.862305 0.03125 0.0878906
0 0.309082 0.738281 0.0556641 0.046875
0 0.330078 0.623047 0.0429688 0.0859375
0 0.638672 0.669434 0.0664062 0.0322266
0 0.444824 0.697266 0.0556641 0.0390625
0 0.285156 0.589844 0.0605469 0.0507812
0 0.318848 0.355469 0.0341797 0.0859375
0 0.369141 0.402832 0.0664062 0.0400391
0 0.396484 0.568359 0.0664062 0.0390625
0 0.516602 0.794922 0.0722656 0.0390625
0 0.332031 0.771484 0.0683594 0.0351562
0 0.364258 0.509277 0.0761719 0.0322266
0 0.467773 0.652344 0.0410156 0.0859375
0 0.28125 0.388184 0.0664062 0.0712891
0 0.376465 0.750488 0.0478516 0.0830078
0 0.654297 0.908203 0.0546875 0.0859375
0 0.401367 0.29541 0.0644531 0.0537109
0 0.350098 0.453125 0.0361328 0.0898438
0 0.324219 0.5625 0.046875 0.09375
0 0.527832 0.856445 0.0302734 0.0917969
0 0.441895 0.625 0.0673828 0.0429688
0 0.53418 0.685059 0.0371094 0.0986328
0 0.42334 0.816406 0.0673828 0.0546875
0 0.36377 0.241211 0.0283203 0.0957031
0 0.472168 0.51416 0.0478516 0.0693359
0 0.415527 0.251953 0.0595703 0.0664062
0 0.396484 0.620605 0.0351562 0.0791016
0 0.281738 0.646484 0.0419922 0.0820312
0 0.800781 0.933594 0.0664062 0.0429688
0 0.393555 0.385254 0.0546875 0.0576172
0 0.317383 0.247559 0.0585938 0.0673828
0 0.541016 0.246582 0.03125 0.0986328
0 0.481445 0.552246 0.03125 0.0888672
0 0.48291 0.257324 0.0634766 0.0517578
0 0.472656 0.786621 0.0625 0.0498047
0 0.599121 0.851562 0.0634766 0.046875
0 0.121094 0.569824 0.0703125 0.0439453
0 0.480957 0.399902 0.0419922 0.0810547
0 0.229492 0.20166 0.046875 0.0986328
0 0.431641 0.854004 0.0585938 0.0537109
0 0.209473 0.493652 0.0634766 0.0634766
0 0.536621 0.315918 0.0673828 0.0537109
0 0.569824 0.208984 0.0419922 0.0957031
0 0.526367 0.75 0.0546875 0.0800781
0 0.411133 0.220703 0.0625 0.0683594
0 0.252441 0.226562 0.0576172 0.117188
0 0.308105 0.466797 0.0615234 0.0507812
0 0.0864258 0.452637 0.0654297 0.0400391
0 0.416992 0.519531 0.0566406 0.0742188
0 0.283203 0.699219 0.0351562 0.0859375
0 0.723633 0.827148 0.0371094 0.09375
0 0.56543 0.714355 0.0332031 0.0849609
0 0.431641 0.583008 0.0546875 0.0800781
0 0.755859 0.876953 0.0585938 0.0820312
0 0.320312 0.5 0.0566406 0.0507812
0 0.200195 0.443359 0.0566406 0.0664062
0 0.397461 0.470703 0.0664062 0.0585938
0 0.735352 0.912598 0.0566406 0.0830078
0 0.615234 0.917969 0.0507812 0.0761719
0 0.486816 0.871094 0.0380859 0.0917969
0 0.699219 0.946777 0.0527344 0.0888672
0 0.648926 0.708496 0.0634766 0.0576172
0 0.428223 0.44043 0.0712891 0.0566406
0 0.164062 0.403809 0.0625 0.0732422
