0 0.520996 0.32666 0.0205078 0.0361328
0 0.472168 0.785156 0.0146484 0.0332031
0 0.603516 0.324707 0.015625 0.0400391
0 0.397949 0.299805 0.0185547 0.0429688
0 0.570801 0.555664 0.0244141 0.0234375
0 0.413086 0.294434 0.015625 0.0400391
0 0.520508 0.572754 0.0175781 0.0380859
0 0.462891 0.330078 0.0214844 0.0371094
0 0.604004 0.660645 0.0185547 0.0302734
0 0.594238 0.675781 0.0126953 0.0371094
0 0.546875 0.55957 0.0234375 0.0371094
0 0.390137 0.320312 0.0166016 0.0449219
0 0.489258 0.0991211 0.0175781 0.0361328
0 0.396484 0.367676 0.0175781 0.0400391
0 0.539062 0.548828 0.0214844 0.0410156
0 0.496094 0.422852 0.0273438 0.0253906
0 0.397949 0.314941 0.0166016 0.0439453
0 0.51709 0.318359 0.0224609 0.0351562
0 0.466309 0.35498 0.0146484 0.0400391
0 0.567871 0.608398 0.0185547 0.0429688
0 0.587402 0.585938 0.0224609 0.0253906
0 0.554199 0.552734 0.0224609 0.0332031
0 0.486816 0.487305 0.0166016 0.0332031
0 0.524902 0.586426 0.0185547 0.0341797
0 0.572266 0.534668 0.0253906 0.0224609
0 0.492188 0.124512 0.0136719 0.0400391
0 0.534668 0.22168 0.0244141 0.0273438
0 0.496582 0.519531 0.0146484 0.0410156
0 0.530762 0.234863 0.0224609 0.0244141
0 0.506836 0.42627 0.0292969 0.0283203
0 0.484375 0.335938 0.0175781 0.0410156
0 0.448242 0.332031 0.0214844 0.0214844
0 0.464844 0.22998 0.0195312 0.0419922
0 0.483398 0.0600586 0.0195312 0.0537109
0 0.504395 0.351074 0.0166016 0.0361328
0 0.450684 0.282227 0.0146484 0.0429688
0 0.564453 0.454102 0.015625 0.0390625
0 0.509766 0.592285 0.0136719 0.0478516
0 0.532227 0.337891 0.015625 0.0410156
0 0.514648 0.53418 0.0195312 0.0449219
0 0.474609 0.0644531 0.0175781 0.0488281
0 0.467285 0.310059 0.0185547 0.0322266
0 0.553223 0.591797 0.0224609 0.0253906
0 0.57373 0.769531 0.0166016 0.0371094
0 0.53418 0.75293 0.0136719 0.0507812
0 0.516602 0.625 0.015625 0.046875
0 0.614746 0.330078 0.0224609 0.0351562
0 0.473633 0.52002 0.0214844 0.0341797
0 0.513672 0.367676 0.0214844 0.0263672
0 0.467773 0.550293 0.015625 0.0478516
0 0.437988 0.351562 0.0224609 0.0273438
0 0.425293 0.262695 0.0146484 0.0449219
0 0.458008 0.548828 0.0175781 0.0488281
0 0.333984 0.238281 0.015625 0.046875
0 0.499023 0.328125 0.0234375 0.0234375
0 0.594727 0.532715 0.0292969 0.0283203
0 0.585938 0.618652 0.0234375 0.0244141
0 0.437988 0.263672 0.0166016 0.0449219
0 0.380859 0.32373 0.0175781 0.0478516
0 0.536621 0.248047 0.0205078 0.0332031
0 0.408691 0.436523 0.0146484 0.0449219
0 0.500488 0.214844 0.0224609 0.0273438
0 0.495117 0.409668 0.0253906 0.0263672
0 0.565918 0.581543 0.0263672 0.0283203
0 0.399902 0.462891 0.0146484 0.0488281
0 0.375 0.357422 0.015625 0.0449219
0 0.45166 0.365234 0.0244141 0.0332031
0 0.552734 0.22168 0.0234375 0.0351562
0 0.433105 0.490723 0.0166016 0.0439453
0 0.446777 0.533203 0.0244141 0.0292969
0 0.571777 0.411133 0.0263672 0.046875
0 0.528809 0.527832 0.0263672 0.0302734
0 0.54541 0.463379 0.0146484 0.0458984
0 0.636719 0.867676 0.0175781 0.0439453
0 0.408691 0.305176 0.0146484 0.0478516
0 0.573242 0.88916 0.0195312 0.0537109
0 0.513672 0.672363 0.0175781 0.0458984
0 0.482422 0.506836 0.0273438 0.0253906
0 0.391113 0.375977 0.0185547 0.046875
0 0.686523 0.591797 0.0195312 0.0507812
0 0.530762 0.439453 0.0205078 0.0449219
0 0.419922 0.341309 0.015625 0.0478516
0 0.545898 0.766113 0.0253906 0.0322266
0 0.430176 0.320801 0.0244141 0.0263672
0 0.564453 0.775391 0.015625 0.0488281
0 0.37793 0.396484 0.0175781 0.0410156
0 0.516602 0.709961 0.015625 0.0507812
0 0.561523 0.743652 0.0273438 0.0302734
0 0.552734 0.678711 0.0273438 0.0273438
0 0.629395 0.562988 0.0263672 0.0302734
0 0.587891 0.562012 0.0273438 0.0439453
0 0.543945 0.304199 0.0175781 0.0439453
0 0.591309 0.26123 0.0166016 0.0458984
0 0.529297 0.601074 0.015625 0.0419922
0 0.426758 0.574707 0.0214844 0.0478516
0 0.597656 0.315918 0.0195312 0.0400391
0 0.427734 0.765625 0.0175781 0.0527344
0 0.466797 0.494141 0.0214844 0.0332031
0 0.493164 0.591797 0.0214844 0.0410156
0 0.366211 0.399902 0.015625 0.0458984
0 0.539551 0.279297 0.0205078 0.03125
0 0.429199 0.366211 0.0302734 0.0214844
0 0.470703 0.251465 0.0136719 0.0478516
0 0.406738 0.720703 0.0185547 0.0488281
0 0.534668 0.506836 0.0185547 0.0410156
0 0.572754 0.637207 0.0224609 0.0380859
0 0.478516 0.669434 0.0273438 0.0322266
0 0.462891 0.615234 0.0175781 0.0507812
0 0.464844 0.210938 0.0234375 0.046875
0 0.392578 0.619141 0.0175781 0.0488281
0 0.492676 0.791016 0.0146484 0.0488281
0 0.607422 0.12793 0.0234375 0.0507812
0 0.371582 0.0864258 0.0146484 0.0458984
0 0.499512 0.378906 0.0185547 0.0429688
0 0.362305 0.141113 0.0214844 0.0302734
0 0.494141 0.697754 0.0292969 0.0380859
0 0.424316 0.439453 0.0224609 0.0371094
0 0.438477 0.611328 0.0175781 0.0507812
0 0.493164 0.355957 0.0136719 0.0458984
0 0.650879 0.260254 0.0185547 0.0517578
0 0.484863 0.202148 0.0244141 0.03125
0 0.518555 0.789062 0.0253906 0.0234375
0 0.677734 0.470215 0.0175781 0.0517578
0 0.569824 0.247559 0.0166016 0.0478516
0 0.585449 0.652344 0.0244141 0.0273438
0 0.435547 0.0244141 0.015625 0.0449219
0 0.541016 0.411133 0.0273438 0.0273438
0 0.53125 0.816406 0.0292969 0.0332031
0 0.491211 0.720703 0.0234375 0.0351562
0 0.547852 0.711914 0.0214844 0.03125
0 0.398438 0.417969 0.0136719 0.0488281
0 0.540527 0.613281 0.0146484 0.0429688
0 0.52832 0.362305 0.0175781 0.0429688
0 0.420898 0.106934 0.0195312 0.0537109
0 0.578613 0.496582 0.0185547 0.0498047
0 0.425293 0.723633 0.0224609 0.0351562
0 0.796387 0.127441 0.0244141 0.0478516
0 0.638184 0.436523 0.0166016 0.0527344
0 0.533203 0.639648 0.0273438 0.0234375
0 0.475098 0.630859 0.0244141 0.0351562
0 0.480957 0.450195 0.0185547 0.0488281
0 0.487305 0.543945 0.0273438 0.0234375
0 0.32666 0.21582 0.0166016 0.0527344
0 0.564453 0.512695 0.0195312 0.0449219
0 0.414551 0.486816 0.0166016 0.0498047
0 0.501465 0.632812 0.0205078 0.0371094
0 0.576172 0.454102 0.0195312 0.0429688
0 0.648438 0.291992 0.0234375 0.0429688
0 0.472656 0.397461 0.0292969 0.0253906
0 0.419434 0.289062 0.0185547 0.0429688
0 0.586914 0.336914 0.0175781 0.0507812
0 0.626465 0.340332 0.0205078 0.0458984
0 0.528809 0.486816 0.0244141 0.0302734
0 0.595215 0.449219 0.0166016 0.0527344
0 0.612305 0.76416 0.0234375 0.0419922
0 0.505859 0.498047 0.0195312 0.0332031
0 0.308105 0.181152 0.0244141 0.0478516
0 0.521484 0.847656 0.0214844 0.0449219
0 0.578125 0.674316 0.0253906 0.0283203
0 0.484863 0.580078 0.0185547 0.0488281
0 0.446289 0.202148 0.0234375 0.0351562
0 0.439453 0.806152 0.0214844 0.0498047
0 0.52832 0.664551 0.0195312 0.0400391
0 0.491211 0.660645 0.0253906 0.0302734
0 0.638184 0.847168 0.0224609 0.0458984
0 0.449707 0.435059 0.0263672 0.0341797
0 0.384766 0.443848 0.0234375 0.0322266
0 0.398438 0.746094 0.0195312 0.0449219
0 0.430176 0.178711 0.0205078 0.0390625
0 0.619629 0.505859 0.0205078 0.0488281
0 0.493652 0.23877 0.0185547 0.0478516
0 0.629883 0.694824 0.0273438 0.0361328
0 0.557129 0.0551758 0.0224609 0.0458984
0 0.597656 0.637695 0.0273438 0.0292969
0 0.459961 0.415039 0.0234375 0.0351562
0 0.376465 0.266113 0.0205078 0.0458984
0 0.621094 0.748535 0.0273438 0.0361328
0 0.648926 0.804199 0.0205078 0.0478516
0 0.400879 0.253418 0.0224609 0.0419922
0 0.595703 0.608398 0.0253906 0.0332031
0 0.486328 0.262695 0.0253906 0.0332031
0 0.415039 0.234863 0.0195312 0.0478516
0 0.512695 0.236816 0.0214844 0.0380859
0 0.459961 0.26709 0.0214844 0.0322266
0 0.600586 0.359863 0.0253906 0.0361328
0 0.594727 0.868652 0.0292969 0.0361328
0 0.549805 0.855469 0.0214844 0.0527344
0 0.515625 0.755859 0.0195312 0.0449219
0 0.502441 0.461914 0.0263672 0.0371094
0 0.569336 0.278809 0.0273438 0.0341797
0 0.555664 0.908203 0.0253906 0.0429688
0 0.574707 0.806152 0.0263672 0.0341797
