0 0.447754 0.508789 0.0439453 0.0527344
0 0.447266 0.511719 0.015625 0.0488281
0 0.442871 0.521484 0.0185547 0.0507812
0 0.506836 0.570312 0.0214844 0.03125
0 0.505859 0.605469 0.03125 0.0195312
0 0.474121 0.57373 0.0205078 0.0478516
0 0.439453 0.550781 0.0292969 0.0390625
0 0.563477 0.568848 0.0332031 0.0263672
0 0.392578 0.543945 0.0136719 0.0566406
0 0.443848 0.589844 0.0185547 0.0585938
0 0.458984 0.588867 0.015625 0.0527344
0 0.504395 0.589844 0.0341797 0.0195312
0 0.552734 0.586914 0.0351562 0.0214844
0 0.356934 0.534668 0.0244141 0.0654297
0 0.503906 0.623047 0.0234375 0.0273438
0 0.455078 0.470703 0.0292969 0.0351562
0 0.378418 0.634766 0.0302734 0.0390625
0 0.540039 0.608398 0.0410156 0.0449219
0 0.558594 0.530273 0.0234375 0.0585938
0 0.372559 0.40332 0.0146484 0.0488281
0 0.432129 0.504883 0.0244141 0.0527344
0 0.447266 0.619629 0.0136719 0.0458984
0 0.461426 0.547852 0.0302734 0.0371094
0 0.282227 0.0429688 0.0527344 0.03125
0 0.460449 0.510742 0.0283203 0.046875
0 0.385742 0.375977 0.0332031 0.0878906
0 0.476562 0.639648 0.0273438 0.0371094
0 0.464355 0.628906 0.0224609 0.03125
0 0.542969 0.539062 0.03125 0.046875
0 0.396484 0.611328 0.0292969 0.0273438
0 0.419922 0.567383 0.03125 0.0332031
0 0.651855 0.59082 0.0224609 0.0898438
0 0.53125 0.566406 0.0234375 0.03125
0 0.356445 0.460449 0.0234375 0.0732422
0 0.31543 0.371582 0.0332031 0.0263672
0 0.438965 0.464844 0.0341797 0.0390625
0 0.321289 0.330566 0.0410156 0.0654297
0 0.410645 0.491699 0.0341797 0.0302734
0 0.337402 0.467773 0.0263672 0.0488281
0 0.320801 0.269531 0.0517578 0.03125
0 0.495605 0.566895 0.0283203 0.0263672
0 0.394043 0.574219 0.0224609 0.0546875
0 0.316895 0.39209 0.0283203 0.0400391
0 0.470703 0.479004 0.03125 0.0244141
0 0.494141 0.649414 0.03125 0.0273438
0 0.395996 0.504395 0.0361328 0.0224609
0 0.457031 0.658691 0.0253906 0.0419922
0 0.319336 0.541016 0.0253906 0.03125
0 0.339844 0.536133 0.0234375 0.0644531
0 0.47998 0.607422 0.0302734 0.03125
0 0.419434 0.586426 0.0322266 0.0283203
0 0.400879 0.642578 0.0146484 0.046875
0 0.373535 0.541992 0.0244141 0.0527344
0 0.414062 0.538086 0.0273438 0.046875
0 0.456055 0.740723 0.0253906 0.0537109
