0 0.547852 0.519531 0.0195312 0.0234375
0 0.314941 0.122559 0.0185547 0.0126953
0 0.788574 0.37793 0.0107422 0.0371094
0 0.71875 0.613281 0.00976562 0.0390625
0 0.737305 0.44043 0.0175781 0.0253906
0 0.480469 0.822754 0.0117188 0.0380859
0 0.31543 0.620117 0.0214844 0.0253906
0 0.660156 0.697266 0.0136719 0.0117188
0 0.169922 0.515625 0.0117188 0.0351562
0 0.475586 0.167969 0.00976562 0.0351562
0 0.6875 0.331543 0.0136719 0.0302734
0 0.439453 0.599609 0.015625 0.0351562
0 0.415039 0.293945 0.0175781 0.0253906
0 0.533203 0.564453 0.0117188 0.0332031
0 0.763672 0.48291 0.0175781 0.0341797
0 0.409668 0.643555 0.0166016 0.03125
0 0.68457 0.57666 0.0117188 0.0380859
0 0.794922 0.47998 0.015625 0.0263672
0 0.516602 0.449707 0.0117188 0.0341797
0 0.550293 0.542969 0.0146484 0.03125
0 0.587891 0.238281 0.0195312 0.0234375
0 0.378906 0.348145 0.015625 0.0224609
0 0.568359 0.449219 0.0117188 0.0390625
0 0.698242 0.328613 0.0175781 0.0205078
0 0.279297 0.230469 0.0136719 0.03125
0 0.693359 0.551758 0.015625 0.0332031
0 0.680664 0.645508 0.00976562 0.0332031
0 0.716797 0.519043 0.015625 0.0458984
0 0.347168 0.53418 0.0107422 0.0449219
0 0.702148 0.6875 0.0214844 0.015625
0 0.26416 0.374512 0.0107422 0.0302734
0 0.450684 0.287109 0.0205078 0.0195312
0 0.447266 0.224609 0.00976562 0.0332031
0 0.610352 0.22168 0.0214844 0.0175781
0 0.754883 0.335938 0.0136719 0.0253906
0 0.575195 0.228027 0.00976562 0.0361328
0 0.587891 0.199219 0.0234375 0.0195312
0 0.411133 0.532227 0.0136719 0.0292969
0 0.810059 0.447266 0.0166016 0.0332031
0 0.416504 0.677246 0.0185547 0.0400391
0 0.728516 0.599609 0.0117188 0.0410156
0 0.704102 0.857422 0.00976562 0.0390625
0 0.447266 0.618164 0.0195312 0.0273438
0 0.644531 0.211914 0.0117188 0.0253906
0 0.34668 0.498047 0.0117188 0.0234375
0 0.723633 0.401367 0.00976562 0.0332031
0 0.366211 0.481934 0.0117188 0.0302734
0 0.578125 0.410156 0.015625 0.0195312
0 0.253906 0.164551 0.0136719 0.0302734
0 0.177734 0.708008 0.015625 0.0292969
0 0.287109 0.581055 0.015625 0.0449219
0 0.503906 0.669922 0.0117188 0.0371094
0 0.796875 0.557617 0.0117188 0.0332031
0 0.740723 0.648438 0.00878906 0.0351562
0 0.308105 0.349609 0.0107422 0.0390625
0 0.287109 0.348145 0.0136719 0.0283203
0 0.481445 0.674805 0.00976562 0.0371094
0 0.496582 0.710449 0.0107422 0.0380859
0 0.340332 0.736816 0.0205078 0.0302734
0 0.722656 0.545898 0.0234375 0.0175781
0 0.338867 0.559082 0.0136719 0.0322266
0 0.178711 0.667969 0.0253906 0.0234375
0 0.630859 0.524414 0.0175781 0.0214844
0 0.407227 0.248535 0.00976562 0.0283203
0 0.73877 0.708008 0.00878906 0.0371094
0 0.350098 0.323242 0.0107422 0.0371094
0 0.321289 0.71875 0.0117188 0.03125
0 0.274414 0.368652 0.0117188 0.0302734
0 0.46582 0.755371 0.0253906 0.0205078
0 0.456055 0.503906 0.0136719 0.0234375
0 0.559082 0.378906 0.0107422 0.0273438
0 0.599609 0.297363 0.0117188 0.0322266
0 0.633301 0.356934 0.0126953 0.0322266
0 0.587891 0.699219 0.0136719 0.0351562
0 0.491699 0.496582 0.0107422 0.0341797
0 0.537109 0.589844 0.0195312 0.0195312
0 0.736328 0.28125 0.0117188 0.0390625
0 0.537109 0.691406 0.0117188 0.0273438
0 0.520508 0.57373 0.0175781 0.0263672
0 0.500977 0.821777 0.0136719 0.0341797
0 0.557617 0.328613 0.0214844 0.0205078
0 0.184082 0.438965 0.0224609 0.0166016
0 0.767578 0.304688 0.00976562 0.0332031
0 0.456543 0.480469 0.0146484 0.03125
0 0.55957 0.611328 0.0136719 0.0390625
0 0.518555 0.484863 0.0136719 0.0341797
0 0.472168 0.735352 0.0107422 0.0371094
0 0.20459 0.287598 0.0166016 0.0146484
0 0.649414 0.167969 0.0136719 0.0292969
0 0.682617 0.615723 0.0117188 0.0322266
0 0.45752 0.414551 0.0146484 0.0283203
0 0.615234 0.67627 0.015625 0.0380859
0 0.176758 0.618652 0.0117188 0.0439453
0 0.65918 0.347168 0.0214844 0.0263672
0 0.391602 0.511719 0.0234375 0.0253906
0 0.682617 0.740234 0.0117188 0.0351562
0 0.212891 0.40918 0.0214844 0.0214844
0 0.508789 0.699219 0.00976562 0.0390625
0 0.308594 0.443848 0.0117188 0.0322266
0 0.465332 0.456055 0.0166016 0.0273438
0 0.79248 0.361328 0.0126953 0.0371094
0 0.473633 0.221191 0.0175781 0.0380859
0 0.253906 0.438965 0.0136719 0.0380859
0 0.195312 0.254395 0.015625 0.0478516
0 0.420898 0.394531 0.0175781 0.0117188
0 0.673828 0.282715 0.015625 0.0205078
0 0.550781 0.644043 0.0117188 0.0439453
0 0.67041 0.592773 0.0166016 0.0292969
0 0.486328 0.616211 0.0136719 0.0292969
0 0.598145 0.394531 0.0126953 0.0332031
0 0.191895 0.403809 0.0126953 0.0419922
0 0.707031 0.820312 0.0117188 0.0390625
0 0.611328 0.69043 0.0136719 0.0410156
0 0.689941 0.769043 0.0126953 0.0400391
0 0.245117 0.1875 0.0214844 0.0195312
0 0.248047 0.422363 0.015625 0.0380859
0 0.519531 0.733398 0.0117188 0.0371094
0 0.578125 0.39209 0.015625 0.0322266
0 0.446777 0.53125 0.0126953 0.0351562
0 0.551758 0.4375 0.0175781 0.0273438
0 0.197266 0.514648 0.015625 0.0351562
0 0.213867 0.208496 0.0117188 0.0419922
0 0.208984 0.674805 0.0253906 0.0214844
0 0.493652 0.669922 0.0126953 0.0351562
0 0.316895 0.683105 0.0107422 0.0302734
0 0.745117 0.649902 0.00976562 0.0322266
0 0.616211 0.62793 0.00976562 0.0351562
0 0.591797 0.373535 0.0117188 0.0341797
0 0.438965 0.202637 0.0263672 0.0166016
0 0.299805 0.581055 0.0117188 0.0449219
0 0.532227 0.510742 0.0136719 0.0371094
0 0.308105 0.239258 0.0107422 0.0429688
0 0.223633 0.294434 0.0175781 0.0224609
0 0.731445 0.311035 0.00976562 0.0302734
0 0.513184 0.714355 0.0146484 0.0302734
0 0.563477 0.581543 0.00976562 0.0419922
0 0.541016 0.644531 0.015625 0.046875
0 0.692871 0.249512 0.0166016 0.0302734
0 0.312012 0.598145 0.0126953 0.0361328
0 0.669922 0.369629 0.0117188 0.0361328
0 0.813477 0.533691 0.0136719 0.0380859
0 0.40332 0.166504 0.0175781 0.0322266
0 0.716797 0.832031 0.0117188 0.0390625
0 0.471191 0.787598 0.0126953 0.0458984
0 0.706055 0.526367 0.015625 0.0410156
0 0.549805 0.760742 0.0136719 0.0410156
0 0.521973 0.312988 0.0126953 0.0263672
0 0.341309 0.207031 0.0146484 0.03125
0 0.759277 0.365234 0.0146484 0.0390625
0 0.547852 0.27002 0.0136719 0.0302734
0 0.616211 0.353516 0.0175781 0.015625
0 0.597656 0.702148 0.0117188 0.0371094
0 0.191406 0.723145 0.03125 0.0302734
0 0.250977 0.140625 0.0136719 0.0253906
0 0.777344 0.48584 0.0117188 0.0400391
0 0.438965 0.484863 0.0146484 0.0361328
0 0.153809 0.614258 0.0185547 0.0390625
0 0.342773 0.22998 0.0195312 0.0185547
0 0.18457 0.566406 0.0136719 0.046875
0 0.611816 0.385742 0.0146484 0.0253906
0 0.291992 0.459473 0.0234375 0.0244141
0 0.72168 0.455566 0.0117188 0.0361328
0 0.508789 0.753906 0.0117188 0.0429688
0 0.512695 0.595215 0.0136719 0.0283203
0 0.560547 0.299805 0.0195312 0.0273438
0 0.604492 0.575684 0.0117188 0.0400391
0 0.26123 0.435059 0.0126953 0.0341797
0 0.699219 0.785156 0.015625 0.03125
0 0.541016 0.213379 0.0117188 0.0380859
0 0.506836 0.214355 0.0214844 0.0146484
0 0.445801 0.750977 0.0244141 0.0175781
0 0.80127 0.446289 0.0146484 0.0332031
0 0.150879 0.646484 0.0146484 0.0351562
0 0.299316 0.263672 0.0107422 0.0429688
0 0.326172 0.503418 0.0117188 0.0400391
0 0.176758 0.69043 0.0195312 0.0175781
0 0.411133 0.333008 0.0175781 0.0175781
0 0.448242 0.153809 0.0175781 0.0380859
0 0.30957 0.20166 0.0175781 0.0263672
0 0.422852 0.404297 0.0214844 0.0117188
0 0.575195 0.331055 0.0136719 0.0253906
0 0.492188 0.568848 0.0117188 0.0458984
0 0.725098 0.239258 0.0146484 0.0214844
0 0.217285 0.383789 0.0185547 0.0332031
0 0.553711 0.251465 0.00976562 0.0439453
0 0.393066 0.412598 0.0185547 0.0244141
0 0.228027 0.739258 0.0263672 0.0253906
0 0.180664 0.525391 0.0136719 0.0390625
0 0.407227 0.610352 0.015625 0.0351562
0 0.290039 0.433105 0.0175781 0.0322266
0 0.699219 0.645508 0.0195312 0.0214844
0 0.677734 0.678711 0.0078125 0.0371094
0 0.187988 0.455566 0.0185547 0.0224609
0 0.530273 0.785156 0.0175781 0.0351562
0 0.707031 0.792969 0.0253906 0.0273438
0 0.584961 0.658203 0.0136719 0.0273438
0 0.516113 0.638672 0.0166016 0.0273438
0 0.500977 0.60791 0.0175781 0.0380859
0 0.463379 0.231934 0.0146484 0.0419922
0 0.672852 0.714844 0.0175781 0.0234375
0 0.44043 0.152344 0.0136719 0.0410156
0 0.284668 0.161133 0.0185547 0.0214844
0 0.583008 0.27832 0.0175781 0.0214844
0 0.504883 0.448242 0.00976562 0.0332031
0 0.419434 0.621094 0.0224609 0.0195312
0 0.264648 0.285156 0.0136719 0.0390625
0 0.427734 0.521973 0.015625 0.0322266
0 0.203613 0.604004 0.0146484 0.0498047
0 0.321777 0.240723 0.0126953 0.0322266
0 0.509277 0.537109 0.0126953 0.0390625
0 0.75 0.404297 0.0117188 0.0429688
0 0.642578 0.182617 0.0117188 0.0390625
0 0.414551 0.767578 0.0185547 0.0351562
0 0.687988 0.368652 0.0205078 0.0146484
0 0.529785 0.644043 0.0166016 0.0400391
0 0.20752 0.208984 0.0107422 0.0449219
0 0.395996 0.756836 0.0107422 0.0332031
0 0.482422 0.791992 0.0117188 0.0429688
0 0.611328 0.496582 0.00976562 0.0380859
0 0.734375 0.447266 0.015625 0.0234375
0 0.208008 0.305664 0.0175781 0.0371094
0 0.666016 0.18457 0.015625 0.0332031
0 0.165527 0.718262 0.0126953 0.0439453
0 0.351562 0.686523 0.0234375 0.0292969
0 0.601562 0.339844 0.0117188 0.0351562
0 0.506836 0.17627 0.0195312 0.0322266
0 0.526855 0.755859 0.0185547 0.0195312
0 0.419434 0.186523 0.0126953 0.0253906
0 0.277344 0.134766 0.0175781 0.0273438
0 0.233398 0.161621 0.00976562 0.0380859
0 0.16748 0.625977 0.0126953 0.0410156
0 0.381348 0.242676 0.0224609 0.0205078
0 0.707031 0.424805 0.015625 0.0292969
0 0.22168 0.691406 0.0214844 0.0292969
0 0.623047 0.498535 0.0117188 0.0419922
0 0.283691 0.631836 0.0185547 0.0253906
0 0.360352 0.733398 0.0117188 0.0410156
0 0.727539 0.69873 0.00976562 0.0283203
0 0.779297 0.345703 0.015625 0.0332031
0 0.543945 0.393555 0.0214844 0.0292969
0 0.414551 0.461914 0.0185547 0.0136719
0 0.194336 0.640625 0.0214844 0.0371094
0 0.585938 0.678711 0.015625 0.0332031
0 0.45166 0.383301 0.0107422 0.0380859
0 0.538086 0.270996 0.0214844 0.0302734
0 0.699219 0.49707 0.0117188 0.0429688
0 0.506836 0.150879 0.0175781 0.0322266
0 0.189941 0.297852 0.0166016 0.0214844
0 0.748047 0.31543 0.0136719 0.0390625
0 0.361816 0.512695 0.0185547 0.0292969
0 0.23291 0.515625 0.0244141 0.0136719
0 0.260742 0.724609 0.0214844 0.03125
0 0.774414 0.311035 0.00976562 0.0341797
0 0.266113 0.154785 0.0205078 0.0341797
0 0.686523 0.49707 0.00976562 0.0449219
0 0.22168 0.276367 0.0234375 0.0175781
0 0.396973 0.643555 0.0185547 0.0292969
0 0.316406 0.567871 0.0117188 0.0439453
0 0.573242 0.693359 0.00976562 0.046875
0 0.331055 0.625488 0.00976562 0.0498047
0 0.582031 0.459473 0.0117188 0.0419922
0 0.716309 0.886719 0.0185547 0.015625
0 0.530762 0.606445 0.0244141 0.0175781
0 0.677734 0.222168 0.015625 0.0439453
0 0.380859 0.333984 0.0195312 0.0253906
0 0.529297 0.768555 0.015625 0.0371094
0 0.346191 0.72998 0.0224609 0.0283203
0 0.695312 0.233887 0.015625 0.0341797
0 0.324707 0.400391 0.0107422 0.0351562
0 0.549805 0.37207 0.0117188 0.0292969
0 0.165039 0.544922 0.0195312 0.0234375
0 0.287109 0.144531 0.0234375 0.0214844
0 0.494629 0.440918 0.0146484 0.0322266
0 0.542969 0.748047 0.0117188 0.046875
0 0.387695 0.623047 0.0136719 0.0429688
0 0.162109 0.520508 0.015625 0.0332031
0 0.735352 0.628418 0.0175781 0.0322266
0 0.561523 0.15918 0.0214844 0.0214844
0 0.331055 0.737305 0.0175781 0.0292969
0 0.216797 0.189941 0.00976562 0.0439453
0 0.686523 0.803711 0.0136719 0.0371094
0 0.608398 0.651367 0.0234375 0.0253906
0 0.345703 0.440918 0.0117188 0.0380859
0 0.239258 0.489746 0.0136719 0.0400391
0 0.535156 0.40625 0.0195312 0.03125
0 0.311035 0.303711 0.0205078 0.0195312
0 0.244629 0.708496 0.0185547 0.0400391
0 0.691406 0.526855 0.015625 0.0244141
0 0.75293 0.482422 0.00976562 0.0371094
0 0.709473 0.375488 0.0185547 0.0322266
0 0.396484 0.262695 0.0195312 0.0253906
0 0.70459 0.759766 0.0146484 0.0273438
0 0.181641 0.491211 0.00976562 0.0371094
0 0.762695 0.442871 0.0175781 0.0341797
0 0.571289 0.75293 0.0195312 0.0253906
0 0.150879 0.552734 0.0146484 0.0429688
0 0.760254 0.507812 0.0107422 0.0390625
0 0.245117 0.149902 0.0136719 0.0400391
0 0.527344 0.525879 0.0117188 0.0380859
0 0.517578 0.251953 0.0117188 0.0390625
0 0.696289 0.629883 0.0214844 0.015625
0 0.617188 0.241699 0.015625 0.0419922
0 0.423828 0.753906 0.0175781 0.0273438
0 0.399414 0.702148 0.0175781 0.0371094
0 0.80127 0.394531 0.0107422 0.0410156
0 0.397461 0.682617 0.0136719 0.0332031
0 0.599609 0.595703 0.015625 0.0351562
0 0.527344 0.743164 0.0195312 0.0195312
0 0.23291 0.230469 0.0166016 0.0214844
0 0.412109 0.49707 0.0136719 0.0449219
0 0.583008 0.294922 0.0136719 0.0273438
0 0.647461 0.330078 0.0214844 0.0175781
0 0.791504 0.583496 0.0146484 0.0224609
0 0.328613 0.199219 0.0107422 0.046875
0 0.830078 0.540527 0.0195312 0.0185547
0 0.825195 0.474609 0.0136719 0.0390625
0 0.632812 0.253906 0.0195312 0.0253906
0 0.617188 0.171875 0.0234375 0.015625
0 0.501465 0.241211 0.0205078 0.0175781
0 0.294922 0.380859 0.0195312 0.0273438
0 0.741211 0.240234 0.0175781 0.0253906
0 0.321289 0.262207 0.0214844 0.0185547
0 0.206543 0.355957 0.0205078 0.0185547
0 0.430664 0.142578 0.0136719 0.0410156
0 0.720703 0.716309 0.015625 0.0283203
0 0.146973 0.597656 0.0185547 0.0429688
0 0.613281 0.594727 0.00976562 0.0390625
0 0.410156 0.308594 0.0175781 0.0273438
0 0.305664 0.505859 0.0136719 0.0351562
0 0.484863 0.19873 0.0126953 0.0361328
0 0.214844 0.638184 0.0195312 0.0205078
0 0.695312 0.299805 0.015625 0.0214844
0 0.725098 0.290527 0.0126953 0.0419922
0 0.155762 0.459961 0.0166016 0.0390625
0 0.352539 0.343262 0.0195312 0.0146484
0 0.558594 0.307129 0.0195312 0.0224609
0 0.186523 0.598145 0.0136719 0.0400391
0 0.42334 0.419434 0.0224609 0.0205078
0 0.649414 0.290527 0.0214844 0.0224609
0 0.697266 0.834473 0.015625 0.0458984
0 0.365723 0.206055 0.0107422 0.0410156
0 0.552246 0.124023 0.0224609 0.0214844
0 0.801758 0.637695 0.0195312 0.0214844
0 0.717773 0.483398 0.0195312 0.0214844
0 0.459961 0.797852 0.0136719 0.0253906
0 0.658203 0.277832 0.0195312 0.0126953
0 0.56543 0.484863 0.0175781 0.0283203
0 0.676758 0.34668 0.0136719 0.0390625
0 0.655273 0.19873 0.0136719 0.0419922
0 0.744141 0.570312 0.0195312 0.0273438
0 0.474121 0.609375 0.0107422 0.0410156
0 0.442383 0.455566 0.0195312 0.0244141
0 0.27832 0.297363 0.0136719 0.0322266
0 0.20166 0.330078 0.0126953 0.0390625
0 0.455078 0.577637 0.015625 0.0341797
0 0.467285 0.180176 0.0126953 0.0341797
0 0.722656 0.751953 0.0117188 0.03125
0 0.59375 0.651855 0.0234375 0.0224609
0 0.230957 0.481934 0.0166016 0.0302734
0 0.364258 0.380859 0.0214844 0.0273438
0 0.274414 0.115234 0.0136719 0.0429688
0 0.540527 0.308594 0.0146484 0.0429688
0 0.30127 0.547852 0.0166016 0.0410156
0 0.663086 0.748047 0.0117188 0.0507812
0 0.608398 0.523438 0.0175781 0.0351562
0 0.384277 0.197754 0.0224609 0.0341797
0 0.398438 0.236816 0.0117188 0.0341797
0 0.708984 0.742188 0.015625 0.0390625
0 0.392578 0.54248 0.0117188 0.0498047
0 0.250488 0.572754 0.0224609 0.0224609
0 0.159668 0.762695 0.0263672 0.0332031
0 0.400391 0.464844 0.0117188 0.0351562
0 0.345215 0.365723 0.0146484 0.0302734
0 0.30127 0.18457 0.0205078 0.0273438
0 0.143066 0.526367 0.0126953 0.0449219
0 0.292969 0.492676 0.0136719 0.0419922
0 0.193848 0.361328 0.0126953 0.0292969
0 0.749023 0.54834 0.0214844 0.0224609
0 0.532715 0.19043 0.0107422 0.0488281
0 0.716309 0.324219 0.0166016 0.03125
0 0.698242 0.395508 0.00976562 0.0410156
0 0.443848 0.736816 0.0205078 0.0185547
0 0.318848 0.279297 0.0185547 0.0195312
0 0.42627 0.440918 0.0205078 0.0302734
0 0.400879 0.192383 0.0166016 0.0234375
0 0.27002 0.243164 0.0146484 0.03125
0 0.431152 0.446777 0.0185547 0.0302734
0 0.56543 0.411133 0.00976562 0.0410156
0 0.421875 0.22998 0.0214844 0.0185547
0 0.807617 0.494629 0.0136719 0.0361328
0 0.597656 0.668945 0.0195312 0.0214844
0 0.339844 0.661621 0.0234375 0.0244141
0 0.331543 0.293457 0.0126953 0.0302734
0 0.479004 0.576172 0.0185547 0.0351562
0 0.518066 0.510254 0.0107422 0.0341797
0 0.529297 0.160156 0.0117188 0.0351562
0 0.326172 0.700195 0.0253906 0.0214844
0 0.409668 0.120605 0.0126953 0.0341797
0 0.375488 0.268066 0.0166016 0.0322266
0 0.446289 0.12793 0.0195312 0.0332031
0 0.713379 0.910156 0.0146484 0.0351562
0 0.504395 0.566406 0.0126953 0.046875
0 0.274902 0.392578 0.0185547 0.03125
0 0.452148 0.78125 0.0175781 0.0351562
0 0.633789 0.563477 0.0195312 0.0253906
0 0.775391 0.59668 0.0234375 0.0214844
0 0.5625 0.720703 0.015625 0.0351562
0 0.71875 0.646484 0.015625 0.0429688
0 0.245117 0.529297 0.0253906 0.0195312
0 0.540527 0.475098 0.0146484 0.0380859
0 0.706055 0.350586 0.0214844 0.0195312
0 0.321289 0.483887 0.0195312 0.0302734
0 0.375977 0.410645 0.0195312 0.0185547
0 0.70752 0.611328 0.0166016 0.0351562
0 0.834961 0.600586 0.0175781 0.0292969
0 0.174316 0.397949 0.0185547 0.0166016
0 0.317383 0.333008 0.015625 0.0371094
0 0.237793 0.596191 0.0166016 0.0302734
0 0.753906 0.669434 0.0195312 0.0361328
0 0.333008 0.41748 0.0136719 0.0341797
0 0.146973 0.446777 0.0224609 0.0439453
0 0.586914 0.341797 0.0175781 0.0214844
0 0.256348 0.628906 0.0107422 0.0507812
0 0.376953 0.431152 0.0136719 0.0341797
0 0.479004 0.427246 0.0205078 0.0322266
0 0.837891 0.508789 0.0175781 0.015625
0 0.412109 0.751953 0.0175781 0.03125
0 0.238281 0.741699 0.0175781 0.0283203
0 0.681641 0.416992 0.015625 0.0332031
0 0.489258 0.844238 0.0175781 0.0341797
0 0.486328 0.513672 0.0195312 0.0234375
0 0.42334 0.650391 0.0146484 0.0390625
0 0.44043 0.71875 0.0214844 0.0234375
0 0.287109 0.678711 0.015625 0.0332031
0 0.429688 0.558594 0.0195312 0.0351562
0 0.769043 0.280762 0.0146484 0.0244141
0 0.405762 0.09375 0.0166016 0.0371094
0 0.179688 0.251465 0.0234375 0.0361328
0 0.517578 0.778809 0.0117188 0.0400391
0 0.463379 0.725586 0.0126953 0.0449219
0 0.307129 0.667969 0.0126953 0.046875
0 0.400879 0.349121 0.0107422 0.0400391
0 0.62207 0.579102 0.0136719 0.0332031
0 0.603516 0.24707 0.015625 0.0292969
0 0.313477 0.470215 0.0175781 0.0361328
0 0.244141 0.459961 0.015625 0.0371094
0 0.237305 0.40332 0.0117188 0.0429688
0 0.745605 0.255371 0.0205078 0.0205078
0 0.130859 0.651367 0.0117188 0.0566406
0 0.629883 0.686523 0.0175781 0.0351562
0 0.487793 0.0883789 0.0126953 0.0478516
0 0.644531 0.266113 0.0136719 0.0283203
0 0.638672 0.811523 0.0273438 0.0234375
0 0.552734 0.47168 0.015625 0.0429688
0 0.46875 0.683594 0.0214844 0.0195312
0 0.455078 0.651367 0.0117188 0.0449219
0 0.481934 0.539062 0.0185547 0.03125
0 0.846191 0.525391 0.0166016 0.0273438
0 0.34375 0.748047 0.0214844 0.0273438
0 0.285645 0.329102 0.0263672 0.0175781
0 0.225586 0.723633 0.0253906 0.0175781
0 0.158203 0.490234 0.0136719 0.0429688
0 0.72168 0.678223 0.0214844 0.0146484
0 0.708984 0.231934 0.0117188 0.0400391
0 0.218262 0.23584 0.0166016 0.0283203
0 0.641113 0.30957 0.0146484 0.0292969
0 0.299316 0.158691 0.0185547 0.0185547
0 0.640625 0.584961 0.0234375 0.0214844
0 0.25293 0.333984 0.0214844 0.0390625
0 0.487305 0.157715 0.0175781 0.0322266
0 0.685059 0.698242 0.0166016 0.03125
0 0.615234 0.313477 0.0195312 0.0292969
0 0.384277 0.750977 0.0224609 0.0175781
0 0.366699 0.330078 0.0146484 0.0371094
0 0.254395 0.303223 0.0166016 0.0439453
0 0.81543 0.594238 0.00976562 0.0322266
0 0.785645 0.321777 0.0166016 0.0302734
0 0.401855 0.483887 0.0166016 0.0322266
0 0.612305 0.286621 0.0175781 0.0400391
0 0.452637 0.183594 0.0146484 0.0292969
0 0.175781 0.42334 0.0214844 0.0244141
0 0.360352 0.134277 0.0136719 0.0419922
0 0.334961 0.172363 0.0175781 0.0302734
0 0.324707 0.364746 0.0146484 0.0341797
0 0.391113 0.151855 0.0185547 0.0205078
0 0.412109 0.13916 0.0214844 0.0224609
0 0.35791 0.244141 0.0185547 0.0273438
0 0.243164 0.751953 0.0175781 0.03125
0 0.230469 0.700195 0.0214844 0.0332031
0 0.526367 0.682129 0.0175781 0.0244141
0 0.537598 0.800781 0.0126953 0.046875
0 0.59668 0.165039 0.0136719 0.0371094
0 0.381836 0.450195 0.0175781 0.0371094
0 0.516602 0.805664 0.0234375 0.0175781
0 0.382812 0.722656 0.0195312 0.0273438
0 0.606445 0.144043 0.0136719 0.0458984
0 0.334961 0.541016 0.0136719 0.0351562
0 0.653809 0.150391 0.0146484 0.0253906
0 0.566406 0.651367 0.0195312 0.0214844
0 0.803711 0.35791 0.0214844 0.0322266
0 0.769531 0.411133 0.0117188 0.0410156
0 0.202148 0.753906 0.0175781 0.0429688
0 0.266113 0.699707 0.0205078 0.0400391
0 0.348633 0.763672 0.0253906 0.0195312
0 0.528809 0.462891 0.0166016 0.03125
0 0.472168 0.857422 0.0107422 0.0507812
0 0.775391 0.532227 0.015625 0.0253906
0 0.537109 0.117188 0.015625 0.0410156
0 0.703125 0.276367 0.0195312 0.0253906
0 0.523926 0.84082 0.0107422 0.0488281
0 0.722656 0.261719 0.0195312 0.0234375
0 0.757812 0.29248 0.015625 0.0380859
0 0.759766 0.606445 0.015625 0.03125
0 0.548828 0.576172 0.0195312 0.0195312
0 0.443359 0.427246 0.015625 0.0361328
0 0.708984 0.447754 0.0195312 0.0244141
0 0.56543 0.27832 0.0214844 0.015625
0 0.242188 0.621582 0.0195312 0.0361328
0 0.731934 0.381836 0.0205078 0.0253906
0 0.170898 0.456055 0.0175781 0.0449219
0 0.230469 0.343262 0.0234375 0.0263672
0 0.335449 0.333008 0.0205078 0.0292969
0 0.589844 0.577148 0.0195312 0.0332031
0 0.215332 0.474121 0.0185547 0.0302734
0 0.349609 0.702148 0.0234375 0.0332031
0 0.522461 0.122559 0.0136719 0.0400391
0 0.124512 0.527344 0.0166016 0.0546875
0 0.589844 0.105469 0.0117188 0.0449219
0 0.627441 0.612305 0.0146484 0.0371094
0 0.520508 0.278809 0.0175781 0.0283203
0 0.50293 0.472656 0.0175781 0.0351562
0 0.347656 0.120605 0.0234375 0.0244141
0 0.186523 0.217285 0.0234375 0.0322266
0 0.75293 0.631348 0.015625 0.0283203
0 0.841797 0.46582 0.015625 0.0507812
0 0.335938 0.152344 0.0195312 0.0351562
0 0.362793 0.400391 0.0224609 0.0195312
0 0.713867 0.56543 0.0214844 0.0253906
0 0.770508 0.616211 0.0214844 0.0234375
0 0.371582 0.150879 0.0224609 0.0263672
0 0.29834 0.307129 0.0185547 0.0302734
0 0.760742 0.244629 0.0136719 0.0419922
0 0.714355 0.948242 0.0146484 0.0332031
0 0.230957 0.666992 0.0205078 0.0371094
0 0.349609 0.151367 0.0195312 0.0371094
0 0.516113 0.223145 0.0166016 0.0283203
0 0.548828 0.859375 0.015625 0.046875
0 0.775391 0.643555 0.0214844 0.0253906
0 0.142578 0.490234 0.0234375 0.0273438
0 0.232422 0.777344 0.0195312 0.0507812
