0 0.438965 0.65332 0.0341797 0.03125
0 0.310547 0.399414 0.0371094 0.0546875
0 0.414551 0.412598 0.0205078 0.0458984
0 0.359863 0.433594 0.0126953 0.0332031
0 0.397461 0.428711 0.0175781 0.0664062
0 0.345703 0.463867 0.0195312 0.0390625
0 0.478027 0.43457 0.0263672 0.0214844
0 0.428223 0.354492 0.0302734 0.0214844
0 0.453125 0.387695 0.0234375 0.0410156
0 0.332031 0.506836 0.0273438 0.0429688
0 0.432129 0.387695 0.0205078 0.046875
0 0.490234 0.619141 0.0136719 0.0625
0 0.359863 0.64502 0.0263672 0.0322266
0 0.474609 0.391602 0.0175781 0.0449219
0 0.469238 0.418945 0.0283203 0.0371094
0 0.414551 0.430664 0.0263672 0.0527344
0 0.430664 0.268555 0.0234375 0.0332031
0 0.399902 0.535156 0.0322266 0.0566406
0 0.387207 0.348633 0.0322266 0.0449219
0 0.474609 0.687988 0.0488281 0.0244141
0 0.38916 0.32666 0.0400391 0.0302734
0 0.45459 0.401855 0.0244141 0.0380859
0 0.447754 0.463379 0.0185547 0.0361328
0 0.462402 0.559082 0.0166016 0.0556641
0 0.391602 0.392578 0.0214844 0.0371094
0 0.369629 0.395996 0.0205078 0.0595703
0 0.430664 0.447266 0.0253906 0.0527344
0 0.402832 0.476562 0.0263672 0.0429688
0 0.484375 0.561035 0.03125 0.0263672
0 0.454102 0.442383 0.0175781 0.046875
0 0.256836 0.458496 0.0449219 0.0341797
0 0.407227 0.617676 0.046875 0.0205078
0 0.388672 0.514648 0.0351562 0.0585938
0 0.350586 0.497559 0.0273438 0.0439453
0 0.445801 0.64502 0.0302734 0.0361328
0 0.400879 0.358887 0.0341797 0.0341797
0 0.428711 0.338867 0.0273438 0.0390625
0 0.429199 0.498047 0.0244141 0.0664062
0 0.470703 0.581055 0.0449219 0.0214844
0 0.48877 0.49707 0.0400391 0.0273438
0 0.387695 0.591309 0.0273438 0.0673828
0 0.414062 0.375488 0.0292969 0.0341797
0 0.564941 0.557617 0.0419922 0.0234375
0 0.50293 0.624023 0.0195312 0.0664062
0 0.333984 0.52832 0.0390625 0.0332031
0 0.469238 0.648438 0.0341797 0.0449219
0 0.484863 0.458984 0.0166016 0.0527344
0 0.415527 0.560059 0.0205078 0.0654297
0 0.519043 0.489746 0.0478516 0.0302734
0 0.374512 0.479492 0.0263672 0.0566406
0 0.514648 0.524414 0.0449219 0.03125
0 0.470703 0.616211 0.0351562 0.0390625
0 0.361816 0.534668 0.0244141 0.0556641
0 0.544434 0.570801 0.0419922 0.0185547
0 0.529785 0.514648 0.0517578 0.0390625
0 0.378906 0.683105 0.0410156 0.0361328
0 0.383789 0.637207 0.0410156 0.0205078
0 0.446777 0.334473 0.0205078 0.0595703
0 0.563965 0.608398 0.0185547 0.0683594
0 0.464844 0.344238 0.0195312 0.0576172
0 0.486328 0.366211 0.0273438 0.0449219
0 0.382812 0.440918 0.0175781 0.0537109
0 0.541016 0.548828 0.046875 0.0273438
0 0.500977 0.36084 0.0449219 0.0341797
0 0.417969 0.633789 0.0371094 0.0351562
0 0.534668 0.599609 0.0244141 0.0566406
0 0.466309 0.523438 0.0380859 0.0527344
0 0.546875 0.635742 0.0234375 0.0625
0 0.538574 0.700684 0.0478516 0.0283203
0 0.295898 0.375 0.0507812 0.0449219
0 0.285645 0.578125 0.0263672 0.0625
0 0.480469 0.669434 0.0410156 0.0380859
0 0.515625 0.589355 0.0214844 0.0615234
0 0.46582 0.472656 0.0253906 0.0585938
0 0.410156 0.666016 0.0527344 0.0253906
0 0.416504 0.599609 0.0400391 0.0214844
0 0.519043 0.676758 0.0478516 0.0253906
0 0.317383 0.57666 0.0371094 0.0537109
0 0.436035 0.289062 0.0498047 0.0410156
0 0.494629 0.537109 0.0380859 0.0527344
0 0.500977 0.462891 0.0234375 0.0488281
0 0.34668 0.609863 0.0273438 0.0419922
0 0.54834 0.476562 0.0283203 0.0566406
0 0.570312 0.531738 0.0371094 0.0458984
0 0.353027 0.328125 0.0400391 0.0546875
0 0.48291 0.270508 0.0244141 0.0644531
0 0.439453 0.580078 0.0234375 0.0644531
0 0.471191 0.306641 0.0263672 0.0625
0 0.335449 0.566406 0.0419922 0.046875
0 0.192871 0.523438 0.0419922 0.046875
0 0.490723 0.71582 0.0517578 0.03125
0 0.442383 0.70166 0.0429688 0.0380859
0 0.409668 0.304688 0.0439453 0.0351562
0 0.503906 0.397949 0.0410156 0.0439453
