0 0.282715 0.223145 0.0400391 0.0185547
0 0.478027 0.273926 0.0380859 0.0380859
0 0.384766 0.384766 0.046875 0.0332031
0 0.395508 0.532715 0.0332031 0.0361328
0 0.356445 0.394531 0.0527344 0.0234375
0 0.180664 0.302734 0.0488281 0.0234375
0 0.414062 0.458008 0.0546875 0.0214844
0 0.446289 0.283691 0.0585938 0.0205078
0 0.195312 0.398926 0.0332031 0.0361328
0 0.491211 0.358887 0.0566406 0.0244141
0 0.209961 0.29834 0.0253906 0.0341797
0 0.435547 0.398438 0.0332031 0.0332031
0 0.561035 0.436523 0.0439453 0.0332031
0 0.170898 0.486328 0.0292969 0.0371094
0 0.100098 0.679688 0.0498047 0.0214844
0 0.246094 0.320312 0.046875 0.0195312
0 0.0302734 0.517578 0.0449219 0.0429688
0 0.284668 0.262207 0.0615234 0.0322266
0 0.123047 0.620117 0.0351562 0.0488281
0 0.148438 0.327148 0.0292969 0.0371094
0 0.563477 0.50293 0.0449219 0.0371094
0 0.800781 0.481934 0.0605469 0.0283203
0 0.415039 0.306641 0.0507812 0.0273438
0 0.529297 0.352539 0.0410156 0.0332031
0 0.435547 0.644043 0.0546875 0.0302734
0 0.591309 0.454102 0.0302734 0.0351562
0 0.254395 0.21582 0.0341797 0.03125
0 0.212402 0.577637 0.0595703 0.0302734
0 0.212891 0.555176 0.0585938 0.0322266
0 0.612793 0.403809 0.0322266 0.0361328
0 0.480469 0.611816 0.0429688 0.0341797
0 0.615723 0.514648 0.0361328 0.0449219
0 0.0805664 0.508301 0.0458984 0.0322266
