0 0.686523 0.507812 0.03125 0.0449219
0 0.585449 0.512695 0.0556641 0.0390625
0 0.69043 0.615723 0.0546875 0.0341797
0 0.696289 0.541992 0.0605469 0.0214844
0 0.608398 0.691895 0.046875 0.0341797
0 0.691406 0.641602 0.0742188 0.0429688
0 0.632812 0.556641 0.0761719 0.0390625
0 0.643066 0.501953 0.0634766 0.0292969
0 0.688477 0.454102 0.03125 0.0507812
0 0.572266 0.614258 0.0625 0.0429688
0 0.682129 0.478027 0.0283203 0.0576172
0 0.529785 0.617188 0.0302734 0.078125
0 0.54248 0.697754 0.0283203 0.0791016
0 0.566406 0.67334 0.0371094 0.0537109
0 0.658203 0.420898 0.0644531 0.0253906
0 0.584961 0.529297 0.0566406 0.046875
0 0.693848 0.565918 0.0673828 0.0361328
0 0.785645 0.34082 0.0947266 0.0878906
0 0.65332 0.679199 0.0507812 0.0283203
0 0.497559 0.599609 0.0537109 0.0429688
0 0.527344 0.554199 0.0566406 0.0458984
0 0.611328 0.535156 0.0703125 0.0429688
0 0.555176 0.59082 0.0458984 0.0644531
0 0.538086 0.508789 0.0507812 0.0253906
0 0.586914 0.491699 0.0625 0.0302734
0 0.728516 0.763184 0.0292969 0.0810547
0 0.976562 0.0341797 0.046875 0.0683594
0 0.678711 0.589355 0.0507812 0.0380859
0 0.608887 0.656738 0.0576172 0.0341797
0 0.689453 0.896484 0.0429688 0.0839844
0 0.535156 0.530762 0.0488281 0.0576172
0 0.608398 0.424805 0.0566406 0.0332031
0 0.627441 0.605469 0.0615234 0.0371094
0 0.491699 0.520996 0.0556641 0.0302734
0 0.470215 0.550781 0.0654297 0.0234375
0 0.490234 0.67334 0.0546875 0.0537109
0 0.726562 0.438965 0.0292969 0.0771484
0 0.746582 0.397461 0.0673828 0.0390625
0 0.47998 0.57666 0.0517578 0.0341797
0 0.714355 0.470703 0.0322266 0.0800781
0 0.708984 0.504883 0.0351562 0.0527344
0 0.509277 0.661621 0.0419922 0.0693359
0 0.712891 0.798828 0.03125 0.0742188
0 0.586426 0.687012 0.0576172 0.0419922
0 0.595703 0.458984 0.0625 0.0527344
0 0.466797 0.486816 0.0605469 0.0517578
0 0.640625 0.464355 0.0566406 0.0498047
0 0.620117 0.712402 0.0644531 0.0302734
