0 0.390625 0.459473 0.0449219 0.0126953
0 0.592773 0.69043 0.0371094 0.0136719
0 0.54541 0.583984 0.0322266 0.0195312
0 0.426758 0.425293 0.0410156 0.0126953
0 0.334961 0.453125 0.0332031 0.0214844
0 0.321289 0.437012 0.0175781 0.0224609
0 0.408203 0.450684 0.0429688 0.0126953
0 0.357422 0.480469 0.0234375 0.0234375
0 0.460449 0.42041 0.0224609 0.0244141
0 0.383789 0.492188 0.0214844 0.0234375
0 0.544922 0.457031 0.03125 0.0195312
0 0.485352 0.34082 0.0234375 0.0253906
0 0.460449 0.529297 0.0244141 0.0234375
0 0.340332 0.37207 0.0361328 0.0175781
0 0.495117 0.467285 0.0214844 0.0244141
0 0.545898 0.576172 0.0371094 0.015625
0 0.541016 0.405762 0.0273438 0.0263672
0 0.277832 0.641602 0.0322266 0.0175781
0 0.257812 0.439453 0.0273438 0.0253906
0 0.491699 0.413086 0.0400391 0.015625
0 0.338379 0.606934 0.0263672 0.0244141
0 0.460449 0.438965 0.0302734 0.0205078
0 0.314941 0.510742 0.0263672 0.0214844
0 0.508789 0.488281 0.0292969 0.0195312
0 0.529297 0.598633 0.0429688 0.00976562
0 0.356445 0.390625 0.0214844 0.0234375
0 0.313477 0.598633 0.0253906 0.0234375
0 0.549805 0.631348 0.0410156 0.0126953
0 0.510254 0.633789 0.0380859 0.0175781
0 0.543945 0.519043 0.0371094 0.0166016
0 0.294922 0.536621 0.0371094 0.0224609
0 0.370605 0.471191 0.0283203 0.0224609
0 0.255371 0.663086 0.0380859 0.015625
0 0.408691 0.405273 0.0419922 0.0136719
0 0.435059 0.611328 0.0244141 0.0273438
0 0.449219 0.541016 0.0292969 0.0214844
