0 0.449219 0.451172 0.015625 0.0371094
0 0.312012 0.771484 0.0185547 0.0175781
0 0.714844 0.765625 0.0234375 0.0253906
0 0.497559 0.794922 0.0244141 0.0253906
0 0.490234 0.435059 0.0175781 0.0439453
0 0.425781 0.479492 0.0117188 0.0332031
0 0.493652 0.483398 0.0283203 0.0175781
0 0.470215 0.489258 0.0185547 0.015625
0 0.496582 0.499023 0.0185547 0.0253906
0 0.466797 0.51416 0.0214844 0.0107422
0 0.501953 0.759277 0.0234375 0.0302734
0 0.488281 0.453125 0.0214844 0.0214844
0 0.46582 0.442383 0.0234375 0.0292969
0 0.825684 0.812012 0.0283203 0.0126953
0 0.25 0.791992 0.0273438 0.0234375
0 0.532227 0.784668 0.0332031 0.0244141
0 0.464844 0.459961 0.0253906 0.0175781
0 0.311035 0.796387 0.0283203 0.0185547
0 0.403809 0.529785 0.0283203 0.0302734
0 0.570312 0.660645 0.00976562 0.0341797
0 0.46582 0.42334 0.015625 0.0302734
0 0.509766 0.470703 0.0332031 0.0195312
0 0.438477 0.503418 0.0292969 0.0146484
0 0.556641 0.655273 0.0273438 0.0175781
0 0.448242 0.490234 0.0214844 0.0175781
0 0.458008 0.474609 0.0234375 0.015625
0 0.504395 0.437988 0.0146484 0.0419922
0 0.0825195 0.789062 0.0283203 0.0136719
0 0.436523 0.481445 0.0195312 0.0351562
0 0.490234 0.528809 0.0175781 0.0283203
0 0.418945 0.513672 0.0136719 0.0351562
0 0.779785 0.80957 0.0419922 0.0195312
0 0.403809 0.570801 0.0205078 0.0380859
0 0.564453 0.638672 0.0332031 0.0195312
0 0.529785 0.45166 0.0126953 0.0400391
0 0.518555 0.441406 0.0136719 0.0429688
0 0.521973 0.566895 0.0283203 0.0224609
0 0.62793 0.772461 0.03125 0.0351562
0 0.403809 0.502441 0.0244141 0.0283203
0 0.512695 0.385254 0.0234375 0.0361328
0 0.548828 0.540527 0.0214844 0.0380859
0 0.491211 0.630859 0.0234375 0.0292969
