0 0.581543 0.4375 0.108398 0.0664062
0 0.146484 0.868652 0.0703125 0.0576172
0 0.697266 0.506836 0.101562 0.0625
0 0.552734 0.437988 0.046875 0.0634766
0 0.584473 0.344238 0.0927734 0.0400391
0 0.0253906 0.425781 0.046875 0.0605469
0 0.540527 0.375977 0.0361328 0.0546875
0 0.50293 0.741211 0.0664062 0.0351562
0 0.816406 0.564453 0.0449219 0.0644531
0 0.658203 0.351074 0.046875 0.0615234
0 0.248535 0.158203 0.0595703 0.0527344
0 0.170898 0.177246 0.0917969 0.0380859
0 0.0634766 0.426758 0.0410156 0.0664062
0 0.359375 0.59668 0.0820312 0.0488281
0 0.196777 0.419922 0.0615234 0.0605469
