0 0.588867 0.448242 0.0410156 0.0332031
0 0.48291 0.719727 0.0283203 0.0703125
0 0.492676 0.599121 0.0263672 0.0595703
0 0.296387 0.107422 0.0439453 0.0449219
0 0.420898 0.757324 0.0292969 0.0634766
0 0.570312 0.466797 0.0273438 0.0683594
0 0.625977 0.519531 0.0449219 0.0332031
0 0.532227 0.3125 0.0332031 0.0566406
0 0.524414 0.59082 0.0410156 0.0449219
0 0.458008 0.51709 0.0292969 0.0498047
0 0.413086 0.564453 0.0488281 0.0429688
0 0.500977 0.502441 0.0253906 0.0595703
0 0.643555 0.62793 0.0292969 0.0585938
0 0.530273 0.413086 0.0292969 0.0605469
0 0.643555 0.445801 0.0371094 0.0595703
0 0.529297 0.509766 0.03125 0.0585938
0 0.591797 0.853027 0.0351562 0.0791016
0 0.519531 0.644531 0.0429688 0.0507812
0 0.510254 0.557617 0.0458984 0.0332031
