0 0.451172 0.421875 0.0175781 0.0273438
0 0.391113 0.478027 0.0244141 0.0185547
0 0.38623 0.859375 0.0224609 0.0273438
0 0.714844 0.405273 0.00976562 0.0253906
0 0.300293 0.513184 0.0244141 0.0302734
0 0.624023 0.520996 0.0136719 0.0302734
0 0.638672 0.517578 0.0136719 0.0175781
0 0.284668 0.279785 0.0166016 0.0263672
0 0.206543 0.353027 0.0166016 0.0126953
0 0.365723 0.611816 0.0166016 0.0322266
0 0.516602 0.414062 0.0214844 0.0195312
0 0.619141 0.469238 0.0136719 0.0185547
0 0.257812 0.628906 0.0175781 0.0332031
0 0.422363 0.874512 0.0205078 0.0244141
0 0.714844 0.453613 0.00976562 0.0283203
0 0.557617 0.727051 0.0136719 0.0205078
0 0.377441 0.254395 0.0244141 0.0166016
0 0.141113 0.32666 0.0107422 0.0302734
0 0.342285 0.306641 0.0146484 0.0273438
0 0.707031 0.320801 0.0253906 0.0126953
0 0.452637 0.486328 0.0205078 0.0234375
0 0.425781 0.539062 0.0195312 0.0175781
0 0.238281 0.446777 0.0117188 0.0322266
0 0.319824 0.347168 0.0146484 0.0322266
0 0.169922 0.57666 0.0117188 0.0419922
0 0.36084 0.154785 0.0107422 0.0322266
0 0.398926 0.328613 0.0126953 0.0205078
0 0.381348 0.960938 0.0283203 0.0214844
0 0.557617 0.75293 0.00976562 0.0351562
0 0.225098 0.668945 0.0107422 0.0253906
0 0.723145 0.581543 0.0185547 0.0244141
0 0.388184 0.211426 0.0107422 0.0302734
0 0.381836 0.423828 0.00976562 0.0273438
0 0.212402 0.734863 0.0224609 0.0185547
0 0.658691 0.289062 0.0263672 0.0195312
0 0.455078 0.39209 0.0175781 0.0302734
0 0.413574 0.413086 0.0166016 0.03125
0 0.363281 0.272461 0.0195312 0.015625
0 0.118652 0.571777 0.0107422 0.0322266
0 0.362305 0.310059 0.0195312 0.0166016
0 0.400391 0.361328 0.0117188 0.03125
0 0.727539 0.491211 0.0117188 0.0234375
0 0.446777 0.643555 0.0224609 0.0136719
0 0.189453 0.201172 0.00976562 0.03125
0 0.444824 0.498047 0.0166016 0.0273438
0 0.542969 0.517578 0.00976562 0.0273438
0 0.0532227 0.584961 0.0166016 0.0332031
0 0.276367 0.461914 0.0136719 0.0253906
0 0.158203 0.56543 0.0175781 0.0273438
0 0.412109 0.586426 0.0234375 0.0166016
0 0.193848 0.34668 0.0244141 0.0136719
0 0.418945 0.35498 0.015625 0.0224609
0 0.461914 0.219727 0.015625 0.0136719
0 0.445312 0.925781 0.0136719 0.03125
0 0.595703 0.532227 0.0175781 0.0117188
0 0.67334 0.515625 0.0146484 0.0234375
0 0.621094 0.337891 0.015625 0.0195312
0 0.503418 0.678711 0.0185547 0.03125
0 0.569824 0.675781 0.0244141 0.0195312
0 0.162109 0.686523 0.0214844 0.0195312
0 0.046875 0.731934 0.0332031 0.0166016
0 0.476074 0.45166 0.0244141 0.0146484
0 0.42041 0.502441 0.0244141 0.0166016
0 0.207031 0.560059 0.03125 0.0205078
0 0.702637 0.54248 0.0224609 0.0166016
0 0.304199 0.503906 0.0126953 0.0234375
0 0.335449 0.296875 0.0205078 0.0273438
0 0.23584 0.652344 0.0166016 0.0214844
0 0.195801 0.366699 0.0224609 0.0126953
0 0.371094 0.74707 0.015625 0.0234375
0 0.384277 0.599609 0.0126953 0.03125
0 0.530762 0.40625 0.0185547 0.0214844
0 0.10791 0.744141 0.0126953 0.0253906
0 0.134766 0.711426 0.0136719 0.0322266
0 0.347656 0.616699 0.0195312 0.0302734
0 0.274414 0.415527 0.0253906 0.0107422
0 0.733398 0.447754 0.0195312 0.0166016
0 0.506348 0.635742 0.0146484 0.03125
0 0.180176 0.356445 0.0224609 0.0117188
0 0.326172 0.432129 0.0234375 0.0146484
0 0.538086 0.572754 0.015625 0.0126953
0 0.097168 0.594727 0.0185547 0.0351562
0 0.51416 0.39209 0.0146484 0.0244141
0 0.789551 0.399414 0.0126953 0.0273438
0 0.291016 0.629883 0.0195312 0.015625
0 0.48877 0.90332 0.0146484 0.0390625
0 0.162109 0.799805 0.0234375 0.015625
0 0.652344 0.402344 0.0117188 0.03125
0 0.548828 0.431152 0.0136719 0.0302734
0 0.513184 0.528809 0.0126953 0.0283203
0 0.313477 0.702148 0.0136719 0.0273438
0 0.467773 0.298828 0.015625 0.0273438
0 0.365234 0.663574 0.0117188 0.0302734
0 0.369629 0.935059 0.0205078 0.0224609
0 0.667969 0.377441 0.0136719 0.0361328
0 0.501953 0.898926 0.0214844 0.0341797
0 0.648926 0.556152 0.0146484 0.0263672
0 0.419922 0.378906 0.0117188 0.03125
0 0.469727 0.827637 0.00976562 0.0400391
0 0.393066 0.162598 0.0244141 0.0224609
0 0.285645 0.512207 0.0146484 0.0244141
0 0.288086 0.342285 0.0175781 0.0205078
0 0.443848 0.210938 0.0107422 0.0253906
0 0.310547 0.743652 0.0078125 0.0263672
0 0.54248 0.654785 0.0146484 0.0263672
0 0.525391 0.632812 0.0253906 0.0273438
0 0.348633 0.563477 0.0273438 0.0195312
0 0.426758 0.475586 0.0234375 0.0175781
0 0.177734 0.438965 0.0117188 0.0224609
0 0.151367 0.73291 0.0234375 0.0126953
0 0.392578 0.653809 0.015625 0.0302734
0 0.328613 0.541016 0.0146484 0.03125
0 0.422852 0.611816 0.0136719 0.0341797
0 0.478516 0.464844 0.0214844 0.0195312
0 0.671875 0.49707 0.0175781 0.015625
0 0.471191 0.93457 0.0283203 0.0195312
0 0.244141 0.378418 0.0117188 0.0341797
0 0.439453 0.373535 0.0234375 0.0126953
0 0.252441 0.225586 0.0166016 0.0351562
0 0.240723 0.61377 0.0263672 0.0185547
0 0.271973 0.570801 0.0341797 0.0146484
0 0.65332 0.303223 0.0253906 0.0146484
0 0.059082 0.730469 0.0263672 0.0136719
0 0.158691 0.535645 0.0302734 0.0322266
0 0.141113 0.755859 0.0146484 0.0292969
0 0.418457 0.198242 0.0185547 0.0292969
0 0.750977 0.461914 0.0234375 0.015625
0 0.433105 0.435059 0.0244141 0.0283203
0 0.700684 0.464844 0.0185547 0.03125
0 0.615234 0.698242 0.0234375 0.015625
0 0.475098 0.883301 0.0244141 0.0205078
0 0.186035 0.238281 0.0146484 0.0429688
0 0.157715 0.385742 0.0126953 0.0175781
0 0.67041 0.658691 0.0126953 0.0361328
0 0.666504 0.554688 0.0205078 0.0175781
0 0.494141 0.789551 0.0175781 0.0166016
0 0.0356445 0.693359 0.0126953 0.0429688
0 0.661621 0.620117 0.0283203 0.0214844
0 0.0766602 0.799316 0.0146484 0.0263672
0 0.76709 0.477051 0.0224609 0.0126953
0 0.44873 0.364258 0.0283203 0.0136719
0 0.493652 0.26416 0.0205078 0.0166016
0 0.493164 0.838379 0.0117188 0.0341797
0 0.818848 0.577148 0.0283203 0.0332031
0 0.308594 0.290039 0.0175781 0.0253906
0 0.130371 0.434082 0.0263672 0.0185547
0 0.432129 0.686035 0.0126953 0.0283203
0 0.501953 0.412109 0.0136719 0.0195312
0 0.15625 0.235352 0.0175781 0.0507812
0 0.256836 0.486328 0.00976562 0.0292969
0 0.348145 0.336914 0.0224609 0.0136719
0 0.369141 0.556152 0.0136719 0.0263672
0 0.22998 0.473145 0.0224609 0.0185547
0 0.626465 0.313477 0.0107422 0.0292969
0 0.740234 0.655762 0.0253906 0.0185547
0 0.246582 0.702148 0.0107422 0.03125
0 0.74707 0.386719 0.0195312 0.0195312
0 0.750488 0.55127 0.0126953 0.0322266
0 0.269531 0.405762 0.0273438 0.0126953
0 0.506348 0.700684 0.0185547 0.0341797
0 0.212402 0.794922 0.0166016 0.0175781
0 0.470703 0.432129 0.0195312 0.0244141
0 0.692383 0.497559 0.0234375 0.0126953
0 0.22168 0.705078 0.0175781 0.0234375
0 0.211426 0.604004 0.0166016 0.0166016
0 0.584961 0.624512 0.0195312 0.0224609
0 0.166992 0.765137 0.00976562 0.0302734
0 0.205566 0.682129 0.0205078 0.0224609
0 0.175293 0.649902 0.0146484 0.0322266
0 0.619141 0.666016 0.0273438 0.0175781
0 0.113281 0.621582 0.0253906 0.0283203
0 0.401367 0.901367 0.0273438 0.0195312
0 0.542969 0.70752 0.0214844 0.0224609
0 0.321289 0.680176 0.0175781 0.0361328
0 0.476562 0.720703 0.0175781 0.0253906
0 0.173828 0.420898 0.0273438 0.0175781
0 0.282227 0.540039 0.0253906 0.015625
0 0.415039 0.305664 0.0234375 0.0195312
0 0.34668 0.959961 0.015625 0.0351562
0 0.266113 0.323242 0.0185547 0.0292969
0 0.577148 0.783203 0.0136719 0.0429688
0 0.202148 0.411621 0.0253906 0.0185547
0 0.0498047 0.774902 0.015625 0.0322266
0 0.644531 0.748535 0.03125 0.0166016
0 0.350586 0.31543 0.00976562 0.0292969
0 0.438965 0.861816 0.00878906 0.0341797
0 0.628418 0.492676 0.0126953 0.0244141
0 0.357422 0.771484 0.0175781 0.0292969
0 0.262207 0.459961 0.0185547 0.0214844
0 0.505859 0.867188 0.0175781 0.0410156
0 0.186523 0.272461 0.0214844 0.0253906
0 0.0683594 0.700195 0.0175781 0.03125
0 0.400879 0.647461 0.0166016 0.0332031
0 0.337402 0.169922 0.0283203 0.0253906
0 0.508789 0.717285 0.0214844 0.0224609
0 0.461914 0.494629 0.00976562 0.0322266
0 0.114746 0.509766 0.0185547 0.03125
0 0.368164 0.470703 0.0234375 0.015625
0 0.399414 0.191406 0.0175781 0.0175781
0 0.147949 0.788574 0.0283203 0.0146484
0 0.692383 0.637695 0.0234375 0.0195312
0 0.50293 0.481934 0.015625 0.0263672
0 0.233398 0.25 0.0117188 0.03125
0 0.722168 0.667969 0.0263672 0.0175781
0 0.54834 0.625977 0.0146484 0.0273438
0 0.433594 0.9375 0.0273438 0.0292969
0 0.295898 0.752441 0.0195312 0.0166016
0 0.621094 0.440918 0.0175781 0.0263672
0 0.0766602 0.768066 0.0126953 0.0361328
0 0.746582 0.486816 0.0283203 0.0166016
0 0.371582 0.915527 0.0205078 0.0302734
0 0.293945 0.61377 0.0253906 0.0166016
0 0.482422 0.237305 0.0234375 0.0175781
0 0.459473 0.827148 0.0107422 0.0390625
0 0.251465 0.348633 0.0146484 0.0253906
0 0.589844 0.550781 0.0195312 0.0175781
0 0.53125 0.878906 0.0175781 0.0488281
0 0.491211 0.595703 0.0234375 0.0292969
0 0.138184 0.689453 0.0400391 0.015625
0 0.566406 0.496094 0.0273438 0.0214844
0 0.245117 0.283691 0.015625 0.0322266
0 0.249023 0.619629 0.0253906 0.0263672
0 0.668457 0.719727 0.0166016 0.03125
0 0.651855 0.715332 0.0224609 0.0205078
0 0.647461 0.652344 0.015625 0.03125
0 0.465332 0.554688 0.0224609 0.0175781
0 0.413086 0.786621 0.0195312 0.0166016
0 0.474121 0.290039 0.0166016 0.0195312
0 0.131836 0.624023 0.0214844 0.0253906
0 0.45459 0.097168 0.0263672 0.0419922
0 0.558594 0.489258 0.0234375 0.0273438
0 0.285645 0.429688 0.0126953 0.0175781
0 0.508789 0.924316 0.0273438 0.0166016
0 0.496094 0.424316 0.0253906 0.0166016
0 0.450195 0.236328 0.0136719 0.0273438
0 0.318359 0.18457 0.0117188 0.0351562
0 0.390625 0.383301 0.0234375 0.0126953
0 0.42627 0.70752 0.0283203 0.0185547
0 0.519531 0.314453 0.00976562 0.03125
0 0.298828 0.129883 0.0136719 0.0292969
0 0.288086 0.381348 0.0175781 0.0185547
0 0.428711 0.34375 0.0136719 0.0273438
0 0.213379 0.291992 0.0205078 0.0195312
0 0.577148 0.504395 0.0234375 0.0126953
0 0.266113 0.688477 0.0126953 0.03125
0 0.358398 0.244141 0.0234375 0.015625
0 0.515137 0.444824 0.0146484 0.0244141
0 0.130371 0.342773 0.0283203 0.015625
0 0.54248 0.478516 0.0263672 0.015625
0 0.445312 0.618652 0.0175781 0.0302734
0 0.517578 0.737305 0.0234375 0.0234375
0 0.480469 0.701172 0.0292969 0.0175781
0 0.413086 0.80957 0.0136719 0.0351562
0 0.0830078 0.546875 0.0175781 0.0332031
0 0.280762 0.658691 0.0263672 0.0146484
0 0.146484 0.383301 0.015625 0.0322266
0 0.238281 0.746094 0.03125 0.015625
0 0.447266 0.264648 0.0175781 0.0214844
0 0.394531 0.272949 0.015625 0.0322266
0 0.476562 0.223633 0.015625 0.0273438
0 0.349609 0.73584 0.0214844 0.0302734
0 0.449219 0.597168 0.0136719 0.0322266
0 0.19043 0.326172 0.00976562 0.03125
0 0.726562 0.337891 0.0234375 0.0273438
0 0.237793 0.299805 0.0185547 0.0214844
0 0.571777 0.549316 0.0166016 0.0205078
0 0.438477 0.303711 0.0195312 0.0253906
0 0.606445 0.64209 0.0234375 0.0205078
0 0.163574 0.454102 0.0166016 0.0351562
0 0.214844 0.439941 0.0292969 0.0205078
0 0.0610352 0.556641 0.0263672 0.0175781
0 0.142578 0.56543 0.015625 0.0351562
0 0.636719 0.722656 0.0253906 0.0214844
0 0.714844 0.54834 0.0253906 0.0224609
0 0.538574 0.44043 0.0107422 0.0332031
0 0.408691 0.25293 0.0185547 0.0273438
0 0.253418 0.271973 0.0146484 0.0341797
0 0.090332 0.696777 0.0205078 0.0283203
0 0.307617 0.153809 0.0273438 0.0205078
0 0.480469 0.512207 0.0253906 0.0146484
0 0.396484 0.784668 0.015625 0.0244141
0 0.801758 0.37207 0.0195312 0.0292969
0 0.31543 0.241211 0.0214844 0.0175781
0 0.669922 0.587891 0.03125 0.0136719
0 0.547852 0.666504 0.0234375 0.0166016
0 0.0664062 0.631836 0.0253906 0.0390625
0 0.727051 0.361328 0.0263672 0.0195312
0 0.196289 0.753418 0.0117188 0.0361328
0 0.439453 0.657715 0.0253906 0.0146484
0 0.228027 0.59082 0.0146484 0.0175781
0 0.181641 0.494141 0.015625 0.0273438
0 0.439453 0.320312 0.0214844 0.0214844
0 0.102539 0.412598 0.0214844 0.0283203
0 0.220215 0.222656 0.0205078 0.03125
0 0.651367 0.630859 0.0214844 0.0253906
0 0.388184 0.508789 0.0263672 0.015625
0 0.383301 0.79248 0.0126953 0.0302734
0 0.555664 0.787598 0.0253906 0.0166016
0 0.638672 0.672852 0.0273438 0.015625
0 0.498047 0.652344 0.0117188 0.0351562
0 0.529297 0.501953 0.0195312 0.0273438
0 0.700684 0.443848 0.0185547 0.0224609
0 0.558594 0.381836 0.0175781 0.0292969
0 0.401855 0.599121 0.0283203 0.0146484
0 0.55957 0.459473 0.0175781 0.0185547
0 0.713867 0.385254 0.0234375 0.0263672
0 0.266602 0.353516 0.015625 0.0234375
0 0.158203 0.775391 0.0117188 0.0292969
0 0.711914 0.686523 0.0273438 0.0234375
0 0.792969 0.570312 0.0214844 0.0390625
0 0.708984 0.714844 0.0214844 0.0175781
0 0.702148 0.349609 0.015625 0.0332031
0 0.603516 0.410645 0.0117188 0.0263672
0 0.307617 0.38916 0.0195312 0.0126953
0 0.601562 0.678223 0.00976562 0.0380859
0 0.534668 0.731934 0.0322266 0.0205078
0 0.238281 0.212891 0.0117188 0.0371094
0 0.600586 0.626953 0.0195312 0.0175781
0 0.569336 0.443848 0.0195312 0.0126953
0 0.375977 0.694336 0.0175781 0.03125
0 0.151855 0.649414 0.0146484 0.0351562
0 0.368164 0.212402 0.015625 0.0263672
0 0.366211 0.585938 0.0117188 0.0332031
0 0.360352 0.28125 0.0214844 0.0234375
0 0.294434 0.47998 0.0166016 0.0302734
0 0.219727 0.494141 0.0253906 0.0292969
0 0.379883 0.282715 0.0117188 0.0322266
0 0.292969 0.292969 0.0214844 0.0253906
0 0.343262 0.672363 0.0205078 0.0302734
0 0.762695 0.341797 0.0078125 0.03125
0 0.569824 0.717285 0.0244141 0.0126953
0 0.566406 0.650391 0.015625 0.0332031
0 0.402832 0.491699 0.0244141 0.0166016
0 0.275391 0.258301 0.0234375 0.0185547
0 0.558105 0.694336 0.0205078 0.0195312
0 0.599609 0.762695 0.0273438 0.0195312
0 0.57666 0.382812 0.0224609 0.015625
0 0.680176 0.407227 0.0185547 0.0136719
0 0.625488 0.41748 0.0205078 0.0185547
0 0.637207 0.695312 0.0205078 0.03125
0 0.538574 0.681152 0.0263672 0.0166016
0 0.499023 0.357422 0.0195312 0.0214844
0 0.225098 0.388184 0.0224609 0.0185547
0 0.449707 0.75293 0.0224609 0.0273438
0 0.689453 0.710449 0.0214844 0.0302734
0 0.407715 0.276367 0.0146484 0.03125
0 0.265625 0.602539 0.0253906 0.0234375
0 0.163086 0.605469 0.0292969 0.0273438
0 0.408203 0.367676 0.0136719 0.0302734
0 0.321289 0.288574 0.0175781 0.0263672
0 0.769531 0.549805 0.0175781 0.0351562
0 0.481445 0.274902 0.0273438 0.0126953
0 0.413086 0.518066 0.0253906 0.0185547
0 0.297852 0.366211 0.0195312 0.015625
0 0.0864258 0.712891 0.0263672 0.0273438
0 0.25293 0.585449 0.0214844 0.0146484
0 0.333496 0.360352 0.0166016 0.0273438
0 0.604004 0.452148 0.0224609 0.0175781
0 0.186035 0.688477 0.0205078 0.0273438
0 0.59375 0.702148 0.0234375 0.0273438
0 0.236328 0.770996 0.0234375 0.0205078
0 0.297363 0.576172 0.0205078 0.0292969
0 0.197266 0.589844 0.0234375 0.0332031
0 0.35498 0.870117 0.0244141 0.0429688
0 0.359375 0.445312 0.0175781 0.0253906
0 0.1875 0.643066 0.0214844 0.0302734
0 0.645508 0.31543 0.0253906 0.0214844
0 0.471191 0.383789 0.0244141 0.0195312
0 0.72168 0.611328 0.015625 0.0410156
0 0.484375 0.850586 0.0175781 0.0390625
0 0.324219 0.559082 0.0195312 0.0263672
0 0.614258 0.743652 0.0253906 0.0224609
0 0.434082 0.568359 0.0244141 0.0234375
0 0.733887 0.531738 0.0263672 0.0185547
0 0.436035 0.456543 0.0224609 0.0263672
0 0.262207 0.941406 0.0283203 0.0175781
0 0.541504 0.768555 0.0224609 0.0234375
0 0.335938 0.249023 0.0195312 0.0292969
0 0.112305 0.796875 0.0292969 0.0214844
0 0.259766 0.430176 0.0214844 0.0224609
0 0.152832 0.708496 0.0224609 0.0263672
0 0.73877 0.683594 0.0224609 0.0332031
