0 0.569824 0.470215 0.0126953 0.0302734
0 0.661133 0.673828 0.0195312 0.0117188
0 0.431152 0.663086 0.0244141 0.0195312
0 0.609375 0.508301 0.0195312 0.0244141
0 0.597656 0.712402 0.0214844 0.0107422
0 0.647461 0.691895 0.0234375 0.0166016
0 0.628906 0.652344 0.0175781 0.0234375
0 0.585449 0.701172 0.0126953 0.0214844
0 0.598633 0.480469 0.0214844 0.0214844
0 0.435059 0.646484 0.0205078 0.015625
0 0.598145 0.695312 0.0146484 0.0214844
0 0.459961 0.636719 0.0234375 0.015625
0 0.433594 0.494141 0.015625 0.0253906
0 0.460449 0.652832 0.0263672 0.0185547
0 0.496094 0.601562 0.03125 0.0136719
0 0.618652 0.703125 0.00878906 0.0195312
0 0.509277 0.70459 0.0224609 0.0166016
0 0.572266 0.562988 0.0253906 0.0224609
0 0.581543 0.658691 0.0224609 0.0205078
0 0.544434 0.634766 0.0166016 0.015625
0 0.66748 0.654297 0.0126953 0.0332031
0 0.53418 0.542969 0.0136719 0.0214844
0 0.403809 0.585449 0.0263672 0.0166016
0 0.364258 0.491699 0.0175781 0.0263672
0 0.365723 0.506836 0.0205078 0.0234375
0 0.551758 0.527832 0.0292969 0.0166016
0 0.371582 0.580566 0.0244141 0.0146484
0 0.394043 0.518066 0.0126953 0.0302734
0 0.587402 0.628906 0.0126953 0.0371094
0 0.589844 0.552734 0.00976562 0.0253906
0 0.644531 0.652832 0.015625 0.0263672
0 0.619141 0.629883 0.0214844 0.03125
0 0.443848 0.534668 0.0107422 0.0263672
0 0.564453 0.615234 0.0195312 0.0214844
0 0.47168 0.626465 0.015625 0.0263672
0 0.617676 0.683594 0.0283203 0.0136719
0 0.623047 0.64502 0.0234375 0.0322266
0 0.380371 0.556641 0.0244141 0.0253906
0 0.57666 0.672852 0.0263672 0.0292969
0 0.415527 0.558594 0.0244141 0.0195312
0 0.520508 0.54834 0.0195312 0.0244141
0 0.576172 0.625977 0.00976562 0.03125
0 0.627441 0.710449 0.0185547 0.0224609
0 0.544434 0.678223 0.00878906 0.0224609
0 0.480469 0.667969 0.0214844 0.0175781
0 0.50293 0.539062 0.0214844 0.0214844
0 0.55957 0.641602 0.0195312 0.0332031
0 0.523926 0.499023 0.0146484 0.0273438
0 0.441406 0.587891 0.0234375 0.0136719
0 0.407227 0.492188 0.0253906 0.0195312
0 0.360352 0.532227 0.0273438 0.0253906
0 0.65332 0.368164 0.0273438 0.0273438
0 0.445801 0.502441 0.0126953 0.0361328
0 0.451172 0.550293 0.0136719 0.0224609
0 0.479492 0.623047 0.0136719 0.0371094
0 0.489746 0.650391 0.0205078 0.0214844
0 0.367188 0.546875 0.0292969 0.0292969
0 0.610352 0.702637 0.00976562 0.0205078
0 0.501953 0.677734 0.0253906 0.0175781
0 0.481445 0.53418 0.0175781 0.0136719
0 0.63623 0.584473 0.0146484 0.0283203
0 0.44873 0.56543 0.0126953 0.0332031
0 0.418945 0.648438 0.0117188 0.0332031
0 0.552734 0.57959 0.0332031 0.0185547
0 0.424805 0.597656 0.015625 0.0234375
0 0.424805 0.625 0.0136719 0.0234375
0 0.496582 0.62207 0.0244141 0.015625
0 0.540039 0.702148 0.0273438 0.0117188
0 0.374023 0.592773 0.0234375 0.015625
0 0.550781 0.664551 0.0234375 0.0263672
0 0.420898 0.541504 0.0214844 0.0205078
0 0.437988 0.60791 0.0185547 0.0283203
0 0.524902 0.465332 0.0244141 0.0166016
0 0.485352 0.476562 0.0117188 0.0371094
0 0.49707 0.555664 0.0175781 0.0195312
0 0.552734 0.487793 0.0234375 0.0146484
0 0.615234 0.482422 0.0136719 0.0371094
0 0.413086 0.505859 0.0195312 0.0175781
0 0.404785 0.525391 0.0126953 0.0332031
0 0.509766 0.481445 0.0195312 0.0332031
0 0.51709 0.603027 0.0224609 0.0166016
0 0.584961 0.40625 0.0214844 0.03125
0 0.398438 0.60498 0.0292969 0.0244141
0 0.537598 0.618164 0.0185547 0.0273438
0 0.387695 0.509277 0.0195312 0.0263672
0 0.65625 0.384277 0.0292969 0.0224609
0 0.45459 0.616699 0.0224609 0.0244141
0 0.47168 0.602051 0.0175781 0.0302734
0 0.582031 0.381836 0.0195312 0.0390625
0 0.486328 0.720703 0.0292969 0.0195312
0 0.542969 0.595703 0.0175781 0.03125
0 0.558105 0.450195 0.0185547 0.0332031
0 0.404297 0.625977 0.0234375 0.0214844
