0 0.631348 0.414551 0.0322266 0.0478516
0 0.536621 0.386719 0.0458984 0.0351562
0 0.626465 0.624023 0.0185547 0.0546875
0 0.672363 0.535156 0.0322266 0.0253906
0 0.645508 0.572266 0.0488281 0.03125
0 0.625 0.469238 0.0410156 0.0458984
0 0.637695 0.400391 0.0429688 0.0488281
0 0.53418 0.401855 0.0410156 0.0361328
0 0.577148 0.585449 0.0527344 0.0439453
0 0.409668 0.592773 0.0439453 0.0371094
0 0.475586 0.431641 0.0429688 0.0175781
0 0.608398 0.385254 0.0292969 0.0517578
0 0.477051 0.415527 0.0458984 0.0341797
0 0.605469 0.563965 0.03125 0.0517578
0 0.610352 0.439941 0.0429688 0.0224609
0 0.612305 0.630859 0.0214844 0.0625
0 0.632324 0.60498 0.0302734 0.0498047
0 0.535156 0.449707 0.0371094 0.0537109
0 0.538574 0.581055 0.0185547 0.0605469
0 0.574219 0.541504 0.046875 0.0537109
0 0.583984 0.388184 0.0449219 0.0341797
0 0.658691 0.589355 0.0361328 0.0361328
0 0.694824 0.444336 0.0576172 0.0253906
0 0.584473 0.413086 0.0380859 0.0351562
0 0.532227 0.42334 0.0371094 0.0380859
0 0.657715 0.508789 0.0224609 0.0585938
0 0.597168 0.468262 0.0419922 0.0419922
0 0.610352 0.419434 0.03125 0.0322266
0 0.70752 0.488281 0.0263672 0.0507812
0 0.561523 0.419922 0.0253906 0.0625
0 0.567871 0.652344 0.0498047 0.0488281
0 0.685547 0.579102 0.0332031 0.0390625
0 0.427734 0.554688 0.0292969 0.0664062
0 0.460938 0.472168 0.0410156 0.0517578
0 0.547363 0.472168 0.0322266 0.0595703
0 0.678223 0.485352 0.0244141 0.0566406
0 0.500977 0.409668 0.0273438 0.0693359
0 0.587891 0.625 0.03125 0.0488281
0 0.502441 0.497559 0.0224609 0.0771484
0 0.633301 0.497559 0.0380859 0.0537109
0 0.400391 0.504883 0.0273438 0.0527344
