0 0.436035 0.248047 0.0419922 0.0800781
1 0.519043 0.379395 0.0498047 0.0888672
0 0.255371 0.448242 0.0283203 0.0507812
1 0.600098 0.231934 0.0400391 0.0888672
0 0.396484 0.24707 0.0488281 0.0761719
1 0.55127 0.287598 0.0615234 0.0751953
0 0.521484 0.227539 0.0800781 0.0742188
0 0.425781 0.355957 0.0703125 0.0419922
1 0.521973 0.227051 0.0810547 0.0751953
1 0.378418 0.213867 0.0673828 0.0703125
0 0.550781 0.288086 0.0585938 0.0761719
0 0.599609 0.230469 0.0429688 0.09375
0 0.624023 0.220215 0.0488281 0.0673828
1 0.449707 0.326172 0.0771484 0.0488281
0 0.412598 0.57373 0.0712891 0.0517578
0 0.66748 0.215332 0.0478516 0.0927734
0 0.306641 0.606445 0.0683594 0.0683594
0 0.516602 0.0395508 0.0410156 0.0791016
0 0.519531 0.377441 0.046875 0.0908203
0 0.422852 0.458984 0.0371094 0.078125
0 0.751953 0.234375 0.0351562 0.0800781
1 0.4375 0.248047 0.0429688 0.0800781
0 0.746582 0.621582 0.0673828 0.0556641
0 0.576172 0.77002 0.0722656 0.0537109
0 0.482422 0.475098 0.0390625 0.0927734
0 0.397949 0.29834 0.0361328 0.0712891
0 0.674805 0.418945 0.0332031 0.0703125
0 0.310059 0.424805 0.0556641 0.0371094
1 0.397461 0.248047 0.0507812 0.078125
0 0.653809 0.695801 0.0654297 0.0615234
0 0.751953 0.400391 0.0546875 0.0390625
0 0.583496 0.583496 0.0615234 0.0556641
0 0.415039 0.616211 0.0605469 0.0683594
0 0.721191 0.379883 0.0576172 0.0664062
0 0.572266 0.42627 0.0527344 0.0712891
0 0.584473 0.691406 0.0634766 0.0585938
0 0.615723 0.507812 0.0654297 0.0625
