0 0.491699 0.903809 0.0361328 0.0283203
0 0.645996 0.300781 0.0361328 0.0507812
0 0.385742 0.479492 0.0273438 0.0585938
0 0.478027 0.103516 0.0498047 0.0371094
0 0.717285 0.343262 0.0302734 0.0458984
0 0.279785 0.657227 0.0537109 0.0371094
0 0.570801 0.439941 0.0537109 0.0302734
0 0.374023 0.626465 0.0351562 0.0380859
0 0.624023 0.782227 0.03125 0.0664062
0 0.270996 0.230957 0.0322266 0.0576172
0 0.521973 0.717285 0.0458984 0.0419922
0 0.419434 0.262695 0.0419922 0.03125
0 0.351562 0.21582 0.0527344 0.0449219
0 0.369141 0.401367 0.0273438 0.0566406
0 0.440918 0.199219 0.0478516 0.0488281
0 0.558594 0.54834 0.0488281 0.0224609
0 0.375488 0.600098 0.0439453 0.0341797
0 0.739258 0.348633 0.0351562 0.0449219
0 0.264648 0.295898 0.0429688 0.0332031
0 0.687988 0.641113 0.0458984 0.0341797
0 0.37207 0.746094 0.046875 0.0332031
0 0.131836 0.449219 0.046875 0.0371094
0 0.433105 0.283691 0.0458984 0.0419922
0 0.294434 0.560059 0.0302734 0.0576172
0 0.742676 0.212402 0.0576172 0.0380859
0 0.518066 0.290527 0.0400391 0.0478516
0 0.802246 0.527832 0.0322266 0.0576172
0 0.747559 0.566406 0.0419922 0.0429688
0 0.15625 0.412598 0.0351562 0.0498047
0 0.643066 0.334473 0.0302734 0.0556641
0 0.529785 0.851074 0.0322266 0.0634766
0 0.558594 0.763672 0.0488281 0.0371094
0 0.746094 0.668457 0.0292969 0.0498047
0 0.0917969 0.338867 0.0429688 0.0410156
0 0.711914 0.511719 0.0351562 0.0605469
0 0.171875 0.32666 0.0390625 0.0537109
0 0.483398 0.418945 0.0410156 0.0546875
0 0.400391 0.765625 0.03125 0.0644531
0 0.693848 0.671875 0.0478516 0.0371094
0 0.73584 0.768066 0.0322266 0.0615234
0 0.307617 0.296875 0.0449219 0.0429688
0 0.241699 0.303711 0.0400391 0.0527344
0 0.307617 0.631348 0.0351562 0.0478516
