0 0.316895 0.666504 0.0322266 0.0517578
0 0.23584 0.209473 0.0205078 0.0537109
0 0.391113 0.0541992 0.0517578 0.0283203
0 0.313477 0.60791 0.0234375 0.0556641
0 0.791504 0.824219 0.0419922 0.0488281
0 0.21582 0.611816 0.0195312 0.0517578
0 0.150879 0.615723 0.0419922 0.0263672
0 0.787109 0.497559 0.0488281 0.0439453
0 0.76709 0.884277 0.0205078 0.0634766
0 0.246582 0.689941 0.0205078 0.0537109
0 0.289062 0.618652 0.03125 0.0400391
0 0.664062 0.378418 0.0585938 0.0419922
0 0.724609 0.569824 0.0351562 0.0517578
0 0.35791 0.346191 0.0263672 0.0556641
