0 0.347168 0.685547 0.0224609 0.0214844
0 0.532715 0.575195 0.0224609 0.03125
0 0.300781 0.675781 0.0195312 0.0292969
0 0.529297 0.587891 0.0234375 0.0253906
0 0.415527 0.209961 0.0244141 0.0429688
0 0.579102 0.583496 0.0175781 0.0380859
0 0.335449 0.678223 0.0224609 0.0244141
0 0.503418 0.283203 0.0166016 0.046875
0 0.511719 0.460938 0.0214844 0.0390625
0 0.551758 0.446289 0.015625 0.0390625
0 0.498535 0.583496 0.0205078 0.0302734
0 0.545898 0.550781 0.0136719 0.0410156
0 0.618652 0.438965 0.0146484 0.0498047
0 0.339844 0.609863 0.015625 0.0458984
0 0.546387 0.585938 0.0185547 0.0332031
0 0.54248 0.444824 0.0146484 0.0439453
0 0.555664 0.496094 0.015625 0.0449219
0 0.558594 0.55957 0.0195312 0.03125
0 0.342773 0.665527 0.0234375 0.0263672
0 0.385742 0.766602 0.0136719 0.046875
0 0.298828 0.498047 0.0175781 0.0371094
0 0.447266 0.728516 0.0117188 0.0410156
0 0.56543 0.502441 0.015625 0.0419922
0 0.492188 0.444336 0.0175781 0.0332031
0 0.370117 0.649902 0.0136719 0.0439453
0 0.564941 0.583984 0.0224609 0.03125
0 0.508789 0.423828 0.0195312 0.03125
0 0.489258 0.671875 0.0195312 0.03125
0 0.344727 0.568359 0.0214844 0.0234375
0 0.35791 0.645508 0.0146484 0.0449219
0 0.270508 0.663086 0.0136719 0.0449219
0 0.507812 0.577637 0.0175781 0.0341797
0 0.345215 0.701172 0.0224609 0.0253906
0 0.34668 0.626953 0.0136719 0.0371094
0 0.37793 0.342773 0.0253906 0.0273438
0 0.472656 0.520996 0.0175781 0.0458984
0 0.534668 0.614258 0.0224609 0.0234375
0 0.425781 0.789062 0.0273438 0.0292969
0 0.48584 0.637207 0.0166016 0.0439453
0 0.4375 0.700684 0.0253906 0.0244141
0 0.311035 0.65918 0.0146484 0.0429688
0 0.540039 0.661133 0.0175781 0.0390625
0 0.498047 0.664551 0.0117188 0.0439453
0 0.485352 0.305664 0.0273438 0.0253906
0 0.608887 0.440918 0.0126953 0.0458984
0 0.398926 0.419922 0.0244141 0.0253906
0 0.38623 0.496582 0.0166016 0.0419922
0 0.369141 0.524414 0.0234375 0.0273438
0 0.334473 0.766602 0.0166016 0.046875
0 0.486816 0.845703 0.0244141 0.0292969
0 0.374023 0.564941 0.0136719 0.0458984
0 0.49707 0.366211 0.0273438 0.0253906
0 0.37793 0.855469 0.0195312 0.0410156
0 0.498047 0.34668 0.0253906 0.0253906
0 0.373535 0.540039 0.0205078 0.03125
0 0.432129 0.358887 0.0205078 0.0341797
0 0.602051 0.632812 0.0244141 0.0234375
0 0.362793 0.320801 0.0146484 0.0439453
0 0.424805 0.532715 0.0234375 0.0341797
0 0.539062 0.413574 0.0234375 0.0244141
0 0.457031 0.715332 0.0136719 0.0419922
0 0.388184 0.714355 0.0185547 0.0419922
0 0.533203 0.538086 0.015625 0.0410156
0 0.513184 0.403809 0.0263672 0.0283203
0 0.491211 0.498047 0.0253906 0.0351562
0 0.423828 0.612305 0.0175781 0.046875
0 0.430176 0.668945 0.0244141 0.0234375
0 0.59668 0.44043 0.0175781 0.0351562
0 0.598633 0.547852 0.0253906 0.0292969
0 0.47168 0.753906 0.0175781 0.0449219
0 0.576172 0.465332 0.0292969 0.0263672
0 0.366211 0.685547 0.0195312 0.0371094
0 0.571289 0.557617 0.0195312 0.0332031
0 0.441406 0.811035 0.0214844 0.0439453
0 0.575195 0.484863 0.0234375 0.0302734
0 0.545898 0.334961 0.0234375 0.0273438
0 0.617188 0.591309 0.0253906 0.0283203
0 0.355957 0.710449 0.0205078 0.0341797
0 0.484863 0.69043 0.0224609 0.03125
0 0.579102 0.608398 0.0214844 0.03125
0 0.566895 0.408691 0.0224609 0.0361328
