0 0.457031 0.638184 0.0175781 0.0322266
0 0.505371 0.544434 0.0126953 0.0361328
0 0.430664 0.543457 0.0117188 0.0341797
0 0.473145 0.590332 0.0185547 0.0283203
0 0.429688 0.491211 0.0195312 0.0351562
0 0.264648 0.424805 0.0234375 0.0273438
0 0.464355 0.597168 0.0107422 0.0322266
0 0.563477 0.538574 0.0214844 0.0224609
0 0.399414 0.429199 0.0117188 0.0341797
0 0.348633 0.357422 0.0175781 0.0292969
0 0.245117 0.472168 0.0332031 0.0341797
0 0.41748 0.582031 0.0185547 0.03125
0 0.447266 0.558105 0.0234375 0.0244141
0 0.505371 0.609375 0.0224609 0.0351562
0 0.404297 0.566406 0.0234375 0.0195312
0 0.46875 0.67334 0.0136719 0.0380859
0 0.567871 0.644043 0.0244141 0.0185547
0 0.456055 0.615234 0.0214844 0.0136719
0 0.568359 0.601562 0.0117188 0.0332031
0 0.498047 0.470703 0.0351562 0.0253906
0 0.478516 0.577148 0.0214844 0.0234375
0 0.547363 0.593262 0.0244141 0.0166016
0 0.449707 0.583984 0.0146484 0.0292969
0 0.580078 0.602051 0.0136719 0.0341797
0 0.436523 0.347168 0.0195312 0.0380859
0 0.431152 0.581055 0.0185547 0.0332031
0 0.443359 0.646973 0.0214844 0.0185547
0 0.51709 0.5625 0.0126953 0.03125
0 0.341309 0.428711 0.0185547 0.0195312
0 0.505859 0.576172 0.0214844 0.03125
0 0.475586 0.618652 0.0195312 0.0166016
0 0.537598 0.580078 0.0224609 0.0136719
0 0.455566 0.681641 0.0263672 0.0234375
0 0.466309 0.642578 0.0126953 0.03125
0 0.235352 0.390137 0.0292969 0.0322266
0 0.412598 0.549805 0.0166016 0.0371094
0 0.478027 0.496094 0.0205078 0.0136719
0 0.508301 0.647461 0.0205078 0.0273438
0 0.435059 0.473145 0.0205078 0.0283203
0 0.448242 0.489258 0.0253906 0.0175781
0 0.424316 0.327637 0.0185547 0.0341797
0 0.508789 0.663086 0.0117188 0.0351562
0 0.418945 0.510254 0.0214844 0.0341797
0 0.558105 0.615234 0.0126953 0.0292969
0 0.460449 0.537109 0.0263672 0.0175781
0 0.536621 0.554688 0.0283203 0.015625
0 0.399902 0.513672 0.0166016 0.0410156
0 0.442871 0.408203 0.0283203 0.0253906
0 0.494629 0.620605 0.0224609 0.0185547
0 0.345215 0.479004 0.0263672 0.0185547
0 0.445801 0.437012 0.0185547 0.0361328
0 0.424805 0.373535 0.0253906 0.0361328
0 0.409668 0.465332 0.0146484 0.0400391
0 0.536133 0.614258 0.0253906 0.0195312
0 0.422852 0.615234 0.0273438 0.0253906
0 0.422363 0.666016 0.0263672 0.0195312
0 0.692383 0.376465 0.0234375 0.0205078
0 0.268555 0.489746 0.0292969 0.0302734
0 0.447754 0.519043 0.0302734 0.0185547
0 0.439941 0.621094 0.0126953 0.0390625
0 0.558594 0.806641 0.0117188 0.0351562
0 0.375 0.504883 0.0253906 0.0332031
0 0.449219 0.666016 0.0214844 0.0175781
0 0.384277 0.535645 0.0341797 0.0205078
0 0.327148 0.363281 0.0234375 0.0332031
0 0.261719 0.520996 0.0136719 0.0380859
0 0.458984 0.774902 0.0136719 0.0322266
0 0.105469 0.453125 0.0273438 0.0273438
0 0.499023 0.295898 0.0273438 0.0390625
0 0.315918 0.483887 0.0283203 0.0322266
0 0.348145 0.51709 0.0283203 0.0283203
0 0.452637 0.707031 0.0205078 0.03125
0 0.54834 0.655762 0.0205078 0.0341797
