0 0.525391 0.733398 0.03125 0.0429688
0 0.420898 0.438965 0.0273438 0.0283203
0 0.494141 0.519043 0.0195312 0.0361328
0 0.503906 0.410645 0.0273438 0.0224609
0 0.704102 0.464355 0.015625 0.0458984
0 0.467285 0.336426 0.0322266 0.0283203
0 0.493652 0.446289 0.0283203 0.046875
0 0.436523 0.610352 0.0351562 0.0214844
0 0.289062 0.366699 0.03125 0.0380859
0 0.586914 0.411133 0.0371094 0.0214844
0 0.530273 0.566406 0.0332031 0.0214844
0 0.340332 0.563477 0.0224609 0.0585938
0 0.651367 0.509766 0.0332031 0.0351562
0 0.685547 0.571777 0.0273438 0.0439453
0 0.603516 0.575195 0.0214844 0.046875
0 0.589844 0.692871 0.0351562 0.0400391
