0 0.480469 0.336426 0.0175781 0.0439453
0 0.513184 0.437988 0.0283203 0.0244141
0 0.435059 0.45166 0.0126953 0.0478516
0 0.466797 0.456055 0.015625 0.0527344
0 0.478027 0.723145 0.0244141 0.0224609
0 0.510254 0.422852 0.0224609 0.0253906
0 0.476562 0.739746 0.0253906 0.0244141
0 0.522949 0.456055 0.0166016 0.046875
0 0.478027 0.79248 0.0185547 0.0341797
0 0.431641 0.710449 0.0136719 0.0380859
0 0.508301 0.456543 0.0263672 0.0224609
0 0.46875 0.494629 0.0253906 0.0224609
0 0.430664 0.75293 0.0136719 0.046875
0 0.501953 0.381836 0.015625 0.0488281
0 0.616211 0.594727 0.0175781 0.0507812
0 0.362305 0.32373 0.0195312 0.0498047
0 0.491699 0.434082 0.0244141 0.0263672
0 0.44873 0.712891 0.0224609 0.03125
0 0.410156 0.522461 0.0234375 0.0292969
0 0.594727 0.597656 0.0253906 0.0253906
0 0.518555 0.594727 0.0175781 0.0429688
0 0.297852 0.496094 0.0253906 0.0234375
0 0.552246 0.475098 0.0205078 0.0361328
0 0.545898 0.459961 0.0175781 0.0429688
0 0.5625 0.595703 0.0214844 0.0332031
0 0.462891 0.710938 0.0117188 0.046875
0 0.447754 0.493164 0.0224609 0.0332031
0 0.549805 0.511719 0.0175781 0.0410156
0 0.563965 0.513184 0.0166016 0.0458984
0 0.571289 0.332031 0.0195312 0.046875
0 0.541504 0.664551 0.0263672 0.0322266
0 0.402344 0.663574 0.0195312 0.0458984
0 0.47998 0.503418 0.0185547 0.0439453
0 0.450195 0.693848 0.0175781 0.0361328
0 0.540039 0.691406 0.0253906 0.0351562
0 0.523438 0.394043 0.0253906 0.0302734
0 0.433105 0.687012 0.0244141 0.0302734
0 0.545898 0.72168 0.0234375 0.0390625
0 0.571777 0.652832 0.0185547 0.0400391
0 0.535645 0.411133 0.0283203 0.03125
0 0.529297 0.486816 0.0195312 0.0458984
0 0.480957 0.453613 0.0224609 0.0400391
0 0.603516 0.51416 0.0195312 0.0419922
0 0.507324 0.514648 0.0205078 0.0351562
