0 0.423828 0.562012 0.0253906 0.0380859
0 0.478027 0.369141 0.0224609 0.046875
0 0.394531 0.548828 0.0546875 0.046875
0 0.369629 0.59375 0.0263672 0.078125
0 0.33252 0.463867 0.0322266 0.0371094
0 0.361328 0.659668 0.0429688 0.0654297
0 0.491699 0.397949 0.0400391 0.0791016
0 0.577148 0.478516 0.0585938 0.0507812
0 0.542969 0.524414 0.0273438 0.0410156
0 0.375488 0.347656 0.0224609 0.0703125
0 0.408203 0.38916 0.03125 0.0517578
0 0.568359 0.276855 0.0273438 0.0888672
0 0.543945 0.257324 0.0292969 0.106445
0 0.441895 0.474609 0.0322266 0.0449219
0 0.52832 0.580566 0.0429688 0.0400391
0 0.487793 0.335938 0.0361328 0.0410156
0 0.57373 0.537109 0.0478516 0.03125
0 0.515625 0.481445 0.0351562 0.0371094
