0 0.720703 0.304688 0.0175781 0.0429688
0 0.540527 0.466309 0.0341797 0.0458984
0 0.657715 0.118652 0.0283203 0.0263672
0 0.503418 0.493164 0.0576172 0.0644531
1 0.898926 0.613281 0.155273 0.111328
0 0.699219 0.217773 0.0234375 0.0429688
0 0.641602 0.237305 0.0390625 0.0332031
0 0.769531 0.45752 0.0371094 0.0556641
1 0.765625 0.635742 0.130859 0.105469
0 0.608398 0.246582 0.0351562 0.0615234
0 0.651855 0.412598 0.0302734 0.0498047
1 0.77002 0.527344 0.125977 0.0996094
0 0.676758 0.856445 0.0566406 0.0664062
0 0.57959 0.281738 0.0263672 0.0751953
0 0.699219 0.180176 0.0390625 0.0419922
0 0.577637 0.507812 0.0556641 0.0332031
0 0.569824 0.474609 0.0517578 0.0332031
0 0.676758 0.338379 0.0488281 0.0419922
0 0.585938 0.568359 0.0605469 0.0449219
1 0.763184 0.352051 0.110352 0.141602
