1 0.361328 0.779785 0.119141 0.206055
1 0.416504 0.806152 0.118164 0.223633
1 0.477051 0.360352 0.0810547 0.191406
1 0.376953 0.456543 0.0878906 0.180664
1 0.428223 0.230469 0.0927734 0.183594
1 0.375 0.225586 0.121094 0.1875
1 0.239746 0.73877 0.137695 0.0986328
1 0.635742 0.425781 0.0742188 0.210938
1 0.283203 0.254883 0.148438 0.128906
1 0.17627 0.57373 0.124023 0.213867
1 0.55127 0.897949 0.141602 0.172852
1 0.657715 0.792969 0.155273 0.191406
1 0.342285 0.631348 0.155273 0.168945
1 0.522949 0.152344 0.139648 0.212891
1 0.200195 0.286133 0.148438 0.179688
