0 0.402344 0.980469 0.046875 0.0390625
0 0.493652 0.980469 0.0537109 0.0371094
0 0.532715 0.440918 0.0322266 0.0869141
0 0.679199 0.0185547 0.0458984 0.0371094
0 0.375488 0.383301 0.0712891 0.0380859
0 0.372559 0.538086 0.0283203 0.109375
0 0.268066 0.984375 0.0498047 0.03125
0 0.29248 0.606445 0.0400391 0.0917969
0 0.460938 0.440918 0.0742188 0.0791016
0 0.489258 0.660156 0.0351562 0.0820312
0 0.13623 0.814453 0.0302734 0.0859375
0 0.26416 0.608887 0.0498047 0.0849609
0 0.393066 0.525391 0.0439453 0.115234
0 0.367188 0.447754 0.0253906 0.0966797
0 0.242188 0.588867 0.03125 0.0800781
0 0.556152 0.125488 0.0791016 0.0576172
0 0.280273 0.549316 0.0527344 0.0595703
0 0.442383 0.32959 0.0800781 0.0654297
0 0.206543 0.653809 0.0732422 0.0498047
0 0.345703 0.51123 0.0390625 0.0771484
0 0.449219 0.587402 0.0839844 0.0869141
0 0.452148 0.662598 0.0429688 0.0927734
0 0.560059 0.290039 0.0341797 0.115234
0 0.34668 0.566895 0.0429688 0.0712891
0 0.730957 0.418457 0.0693359 0.0888672
0 0.0605469 0.383789 0.0585938 0.0644531
0 0.638184 0.288086 0.0576172 0.115234
0 0.407227 0.577148 0.0429688 0.109375
0 0.660156 0.484375 0.0527344 0.101562
0 0.598145 0.388672 0.0634766 0.0976562
0 0.241211 0.546875 0.0683594 0.0800781
0 0.457031 0.365723 0.0644531 0.0771484
