0 0.351074 0.554688 0.0224609 0.0214844
0 0.365234 0.535645 0.0117188 0.0283203
0 0.408691 0.549805 0.00878906 0.0292969
0 0.472168 0.553711 0.00878906 0.0273438
0 0.442383 0.549805 0.0195312 0.0175781
0 0.398438 0.613281 0.0175781 0.0175781
0 0.480469 0.587891 0.0214844 0.0136719
0 0.459961 0.569824 0.0136719 0.0166016
0 0.427246 0.508789 0.0185547 0.0175781
0 0.484375 0.556152 0.0175781 0.0263672
0 0.445312 0.577148 0.0117188 0.03125
0 0.477539 0.493164 0.015625 0.0195312
0 0.439453 0.495117 0.0253906 0.0136719
0 0.455566 0.625 0.0166016 0.0195312
0 0.374512 0.53418 0.0107422 0.0273438
0 0.419922 0.617188 0.0175781 0.015625
0 0.411621 0.662109 0.0146484 0.0292969
0 0.47168 0.612305 0.0175781 0.0214844
0 0.351562 0.547363 0.0234375 0.0146484
0 0.418945 0.568359 0.0078125 0.0273438
0 0.403809 0.574707 0.0107422 0.0283203
0 0.510742 0.544434 0.00976562 0.0322266
0 0.40332 0.506836 0.0175781 0.0195312
0 0.450195 0.692871 0.0273438 0.0185547
0 0.416992 0.515137 0.015625 0.0263672
0 0.412109 0.57373 0.0078125 0.0302734
0 0.42627 0.54248 0.0205078 0.0224609
0 0.343262 0.469238 0.0185547 0.0185547
0 0.490234 0.593262 0.0195312 0.0166016
0 0.401367 0.458984 0.0175781 0.0292969
0 0.425293 0.468262 0.0224609 0.0126953
0 0.339844 0.488281 0.0175781 0.0253906
0 0.404785 0.531738 0.0224609 0.0126953
0 0.460449 0.600586 0.0205078 0.0253906
0 0.335938 0.547852 0.0117188 0.03125
0 0.45459 0.547363 0.0185547 0.0126953
0 0.398926 0.602051 0.0185547 0.0283203
0 0.19873 0.416992 0.0341797 0.0136719
0 0.42041 0.47998 0.0244141 0.0166016
0 0.384766 0.518555 0.0214844 0.0175781
0 0.466797 0.563477 0.0136719 0.0292969
0 0.387207 0.544922 0.0224609 0.0136719
0 0.470703 0.48584 0.0136719 0.0322266
0 0.411133 0.426758 0.0136719 0.0371094
0 0.350098 0.487793 0.0166016 0.0263672
0 0.415039 0.458496 0.0117188 0.0244141
0 0.33252 0.450684 0.0126953 0.0283203
0 0.276367 0.399414 0.0195312 0.0117188
0 0.381348 0.614746 0.0283203 0.0205078
0 0.466797 0.521484 0.00976562 0.0332031
0 0.424805 0.58252 0.00976562 0.0283203
0 0.40332 0.517578 0.0195312 0.0175781
0 0.381348 0.485352 0.0244141 0.015625
0 0.393555 0.558105 0.0253906 0.0146484
0 0.412598 0.633301 0.0224609 0.0146484
0 0.495117 0.623047 0.015625 0.0371094
0 0.478516 0.626953 0.0214844 0.0175781
0 0.418457 0.600098 0.0205078 0.0185547
0 0.399414 0.637207 0.0195312 0.0185547
0 0.389648 0.493652 0.0214844 0.0126953
0 0.375977 0.566406 0.0234375 0.015625
0 0.291016 0.40918 0.0234375 0.0117188
0 0.375 0.457031 0.0234375 0.0175781
0 0.241211 0.382324 0.0214844 0.0244141
0 0.33252 0.41748 0.0107422 0.0302734
0 0.381836 0.503418 0.0234375 0.0126953
0 0.400391 0.476562 0.0195312 0.0195312
0 0.327148 0.47168 0.00976562 0.03125
0 0.433105 0.525391 0.0205078 0.0195312
0 0.250488 0.393066 0.0224609 0.0263672
0 0.243164 0.418945 0.0273438 0.0136719
0 0.378906 0.580078 0.0234375 0.0136719
0 0.321289 0.42041 0.0136719 0.0302734
0 0.487793 0.457031 0.0224609 0.0117188
0 0.448242 0.464355 0.0273438 0.0205078
0 0.40918 0.493652 0.0195312 0.0166016
0 0.503418 0.477051 0.0146484 0.0322266
0 0.350586 0.569336 0.0214844 0.015625
0 0.344727 0.507812 0.0214844 0.015625
0 0.26416 0.39209 0.0166016 0.0283203
0 0.428711 0.447266 0.0175781 0.0273438
0 0.335938 0.516602 0.0234375 0.0117188
0 0.357422 0.447754 0.00976562 0.0322266
0 0.228027 0.410156 0.0166016 0.0273438
0 0.320312 0.445312 0.0195312 0.0253906
0 0.236328 0.373047 0.0195312 0.0273438
0 0.38623 0.429688 0.0205078 0.0253906
