0 0.483398 0.461914 0.0234375 0.0449219
0 0.299316 0.531738 0.0302734 0.0224609
0 0.292969 0.59082 0.0195312 0.0507812
0 0.307129 0.597168 0.0185547 0.0439453
0 0.285156 0.57373 0.015625 0.0498047
0 0.448242 0.629395 0.0332031 0.0419922
0 0.357422 0.676758 0.015625 0.0488281
0 0.333496 0.534668 0.0205078 0.0439453
0 0.378906 0.66748 0.03125 0.0400391
0 0.466797 0.516602 0.0195312 0.0390625
0 0.366211 0.69043 0.0175781 0.046875
0 0.413086 0.456055 0.0292969 0.0332031
0 0.450684 0.533203 0.0283203 0.03125
0 0.331055 0.474609 0.0175781 0.0429688
0 0.37207 0.500977 0.0371094 0.0253906
0 0.359375 0.439453 0.0351562 0.0390625
0 0.430176 0.479004 0.0341797 0.0244141
0 0.292969 0.516602 0.0390625 0.0175781
0 0.375488 0.72168 0.0205078 0.0488281
0 0.494629 0.576172 0.0185547 0.0507812
0 0.45752 0.562012 0.0244141 0.0419922
0 0.507812 0.0102539 0.0703125 0.0205078
0 0.427734 0.500488 0.0273438 0.0224609
0 0.375 0.475586 0.0410156 0.0371094
0 0.398926 0.516602 0.0302734 0.0332031
0 0.393066 0.717773 0.0166016 0.0390625
0 0.412598 0.642578 0.0361328 0.0234375
0 0.269043 0.497559 0.0341797 0.0185547
0 0.394531 0.549316 0.0136719 0.0380859
0 0.451172 0.670898 0.0351562 0.0332031
0 0.415527 0.710938 0.0341797 0.03125
0 0.486328 0.613281 0.03125 0.0332031
0 0.302734 0.488281 0.0273438 0.0390625
0 0.355469 0.516602 0.0332031 0.0175781
0 0.374023 0.598633 0.0253906 0.0488281
0 0.399902 0.677734 0.0322266 0.0410156
0 0.322754 0.501953 0.0205078 0.046875
0 0.378418 0.443848 0.0341797 0.0263672
0 0.481445 0.486328 0.0214844 0.0546875
0 0.445801 0.599609 0.0244141 0.046875
0 0.478516 0.56543 0.0234375 0.0507812
0 0.420898 0.536133 0.0136719 0.0527344
0 0.442383 0.453125 0.0253906 0.0351562
0 0.390625 0.603516 0.0253906 0.0351562
0 0.453125 0.641602 0.0332031 0.0273438
0 0.424805 0.682617 0.0214844 0.0488281
0 0.411621 0.626953 0.0400391 0.0292969
0 0.331543 0.424805 0.0322266 0.0371094
0 0.355957 0.413086 0.0146484 0.0332031
0 0.45166 0.48291 0.0205078 0.0517578
0 0.318848 0.662598 0.0361328 0.0283203
0 0.55957 0.476074 0.0371094 0.0205078
0 0.464355 0.60791 0.0185547 0.0517578
0 0.345703 0.483398 0.0175781 0.0449219
0 0.379395 0.564453 0.0224609 0.0488281
0 0.442871 0.618164 0.0341797 0.0292969
0 0.347656 0.643555 0.03125 0.0332031
0 0.345703 0.700195 0.015625 0.0605469
0 0.501465 0.481445 0.0244141 0.0527344
0 0.318848 0.637695 0.0263672 0.0371094
0 0.30127 0.459961 0.0302734 0.0371094
0 0.294922 0.551758 0.0332031 0.0410156
0 0.449219 0.695801 0.0351562 0.0341797
0 0.499512 0.44043 0.0166016 0.0507812
0 0.404785 0.585449 0.0322266 0.0439453
0 0.435547 0.552734 0.0234375 0.0449219
0 0.524414 0.467285 0.0332031 0.0478516
0 0.560547 0.496582 0.0371094 0.0400391
0 0.487305 0.658203 0.03125 0.0351562
0 0.548828 0.602051 0.0546875 0.0458984
0 0.331543 0.571289 0.0341797 0.0292969
0 0.542969 0.405762 0.0195312 0.0537109
0 0.518555 0.665039 0.0214844 0.0566406
0 0.464355 0.48291 0.0166016 0.0498047
0 0.269043 0.480469 0.0380859 0.0234375
0 0.588867 0.519043 0.0371094 0.0556641
0 0.464355 0.73291 0.0361328 0.0419922
0 0.492676 0.40625 0.0361328 0.0390625
0 0.628418 0.369629 0.0419922 0.0400391
