0 0.59375 0.523438 0.03125 0.0703125
0 0.351562 0.428711 0.0507812 0.0761719
0 0.541016 0.36084 0.0546875 0.0556641
0 0.563477 0.487793 0.0625 0.0517578
0 0.455078 0.405762 0.0625 0.0361328
0 0.352051 0.344727 0.0537109 0.0566406
0 0.344238 0.395996 0.0283203 0.0751953
0 0.519531 0.415039 0.0566406 0.0332031
0 0.559082 0.408203 0.0556641 0.0742188
0 0.513184 0.438477 0.0751953 0.0390625
0 0.404785 0.428711 0.0478516 0.0703125
0 0.379883 0.592773 0.0644531 0.0371094
0 0.313965 0.530273 0.0556641 0.0546875
0 0.430176 0.438965 0.0419922 0.0537109
0 0.446777 0.50293 0.0966797 0.0507812
0 0.563477 0.448242 0.0605469 0.0410156
0 0.527344 0.378906 0.0429688 0.0664062
0 0.620117 0.479492 0.0625 0.0410156
0 0.487305 0.34082 0.0605469 0.0429688
0 0.411133 0.511719 0.0722656 0.0449219
0 0.529297 0.560547 0.0546875 0.0820312
0 0.538086 0.658203 0.0332031 0.0859375
0 0.317383 0.479004 0.0371094 0.0908203
0 0.618164 0.50293 0.0664062 0.0566406
0 0.53418 0.601562 0.0410156 0.078125
0 0.620117 0.45459 0.0644531 0.0400391
0 0.527344 0.5 0.0390625 0.0859375
0 0.371582 0.44043 0.0380859 0.0683594
0 0.553711 0.602539 0.0332031 0.0761719
0 0.317871 0.340332 0.0322266 0.0869141
0 0.391113 0.362305 0.0361328 0.0878906
0 0.401367 0.461914 0.0488281 0.0527344
0 0.537109 0.309082 0.0664062 0.0673828
0 0.34082 0.500488 0.0292969 0.0927734
0 0.575684 0.646484 0.0712891 0.0429688
0 0.494141 0.389648 0.0390625 0.0839844
0 0.499512 0.668945 0.0478516 0.0878906
0 0.567383 0.553711 0.0566406 0.0371094
0 0.348633 0.578125 0.0722656 0.046875
0 0.369141 0.524414 0.0410156 0.0878906
0 0.344727 0.304199 0.0566406 0.0751953
0 0.489746 0.474609 0.0634766 0.0585938
0 0.564453 0.71582 0.046875 0.0839844
0 0.376465 0.291992 0.0478516 0.0800781
0 0.619141 0.748047 0.0664062 0.0722656
0 0.457031 0.362793 0.0371094 0.0830078
0 0.439941 0.642578 0.0595703 0.0859375
0 0.646484 0.673828 0.0507812 0.0742188
0 0.297363 0.411133 0.0517578 0.0800781
0 0.414551 0.297852 0.0517578 0.0917969
0 0.244629 0.513672 0.0654297 0.0742188
0 0.376953 0.618164 0.0820312 0.0488281
0 0.459473 0.452637 0.0439453 0.102539
0 0.417969 0.380859 0.0351562 0.0742188
0 0.522461 0.708984 0.0449219 0.0839844
0 0.566406 0.349121 0.0625 0.0517578
0 0.260742 0.422852 0.0449219 0.0800781
0 0.618164 0.67627 0.0371094 0.0849609
0 0.306641 0.629883 0.0703125 0.0761719
0 0.320801 0.563965 0.0673828 0.0498047
0 0.243652 0.181152 0.0673828 0.0751953
0 0.601074 0.359375 0.0439453 0.09375
0 0.394531 0.125 0.0546875 0.0996094
0 0.613281 0.40625 0.0546875 0.0742188
0 0.272949 0.507812 0.0634766 0.078125
0 0.288574 0.306152 0.0517578 0.0888672
0 0.615234 0.554199 0.0605469 0.0732422
0 0.430664 0.929688 0.078125 0.0625
0 0.259766 0.361816 0.0625 0.0673828
0 0.603027 0.614746 0.0693359 0.0654297
