0 0.319336 0.436523 0.0449219 0.046875
0 0.60791 0.324707 0.0361328 0.0224609
0 0.554688 0.695801 0.015625 0.0361328
0 0.624512 0.481445 0.0302734 0.0175781
0 0.744141 0.470215 0.0175781 0.0517578
0 0.472656 0.581055 0.0253906 0.0351562
0 0.496582 0.610352 0.0341797 0.03125
0 0.741211 0.630859 0.0234375 0.0449219
0 0.387207 0.35498 0.0205078 0.0439453
0 0.76709 0.423828 0.0302734 0.0273438
0 0.569336 0.441895 0.0292969 0.0263672
0 0.481445 0.682617 0.0273438 0.03125
0 0.578613 0.461914 0.0322266 0.03125
0 0.666016 0.547852 0.0175781 0.0449219
0 0.438477 0.577148 0.0234375 0.0390625
0 0.662109 0.658691 0.0253906 0.0322266
0 0.460449 0.708984 0.0244141 0.0332031
0 0.541504 0.724121 0.0263672 0.0302734
0 0.418457 0.684082 0.0185547 0.0400391
0 0.577148 0.653809 0.0175781 0.0537109
0 0.403809 0.641113 0.0439453 0.0302734
0 0.673828 0.449219 0.0273438 0.0429688
0 0.669434 0.754395 0.0146484 0.0361328
0 0.42627 0.596191 0.0224609 0.0322266
0 0.362793 0.613281 0.0283203 0.0273438
0 0.691406 0.717285 0.0214844 0.0302734
0 0.643555 0.688477 0.0234375 0.0390625
0 0.687988 0.415039 0.0263672 0.0195312
0 0.505371 0.512695 0.0283203 0.0410156
0 0.669922 0.597168 0.0253906 0.0595703
0 0.640137 0.392578 0.0166016 0.0371094
0 0.518066 0.718262 0.0263672 0.0380859
0 0.568359 0.51123 0.0292969 0.0341797
0 0.665527 0.702637 0.0185547 0.0419922
0 0.734375 0.717285 0.0371094 0.0322266
0 0.568848 0.557129 0.0380859 0.0302734
0 0.653809 0.492676 0.0283203 0.0263672
0 0.47998 0.634766 0.0205078 0.0449219
0 0.74707 0.425293 0.0234375 0.0322266
0 0.466797 0.351562 0.03125 0.0371094
0 0.617188 0.507324 0.0234375 0.0537109
0 0.507324 0.640625 0.0302734 0.0234375
0 0.590332 0.344238 0.0263672 0.0576172
0 0.607422 0.70752 0.0351562 0.0283203
0 0.692383 0.603027 0.0273438 0.0166016
0 0.535156 0.550293 0.0234375 0.0400391
0 0.532227 0.603516 0.03125 0.0253906
0 0.576172 0.601562 0.0234375 0.0410156
0 0.460449 0.32373 0.0439453 0.0224609
0 0.717773 0.575684 0.0390625 0.0185547
0 0.508301 0.581543 0.0263672 0.0283203
0 0.714844 0.478027 0.0273438 0.0380859
0 0.705078 0.612793 0.0273438 0.0439453
0 0.625977 0.436035 0.0351562 0.0283203
0 0.612793 0.312988 0.0400391 0.0185547
0 0.412598 0.380859 0.0224609 0.046875
0 0.5625 0.654297 0.0136719 0.0410156
0 0.661133 0.405273 0.0273438 0.0351562
0 0.600098 0.576172 0.0205078 0.0488281
0 0.464355 0.404297 0.0322266 0.0292969
0 0.730957 0.553711 0.0244141 0.0273438
0 0.750977 0.405762 0.0390625 0.0185547
0 0.769531 0.390625 0.0410156 0.0195312
0 0.438477 0.47168 0.0253906 0.0351562
0 0.528809 0.782715 0.0283203 0.0341797
0 0.606445 0.662109 0.0351562 0.0429688
0 0.598633 0.749023 0.0214844 0.0429688
0 0.456055 0.556641 0.0253906 0.03125
0 0.425781 0.429199 0.015625 0.0380859
0 0.593262 0.784668 0.0302734 0.0263672
0 0.618652 0.36377 0.0146484 0.0419922
0 0.603516 0.407715 0.0371094 0.0400391
0 0.719238 0.523438 0.0263672 0.046875
0 0.595703 0.499023 0.0175781 0.0605469
0 0.393555 0.430664 0.03125 0.03125
0 0.574219 0.400391 0.0136719 0.0410156
0 0.714844 0.683594 0.0214844 0.0410156
0 0.51416 0.655273 0.0185547 0.0390625
0 0.720215 0.453125 0.0302734 0.0332031
0 0.378418 0.533691 0.0244141 0.0478516
0 0.501953 0.428711 0.0253906 0.046875
0 0.435059 0.62793 0.0263672 0.0332031
0 0.505371 0.746582 0.0341797 0.0341797
