0 0.451172 0.663574 0.0175781 0.0439453
0 0.480957 0.527344 0.0263672 0.0429688
0 0.643555 0.498047 0.0292969 0.0273438
0 0.369141 0.418457 0.0234375 0.0439453
0 0.491211 0.786621 0.0214844 0.104492
0 0.684082 0.729492 0.0244141 0.0488281
0 0.323242 0.512207 0.0214844 0.0283203
0 0.687012 0.540527 0.0361328 0.0244141
0 0.703125 0.519531 0.046875 0.0488281
0 0.639648 0.654297 0.0371094 0.0273438
0 0.477051 0.621094 0.0224609 0.0429688
0 0.541992 0.634277 0.0332031 0.0419922
0 0.353027 0.513672 0.0478516 0.0253906
0 0.444336 0.544922 0.0253906 0.0625
0 0.654297 0.831055 0.0507812 0.0410156
0 0.633789 0.675781 0.0390625 0.0585938
0 0.525391 0.480957 0.0253906 0.0595703
0 0.600586 0.82373 0.0527344 0.0673828
0 0.5625 0.798828 0.0429688 0.0390625
0 0.433105 0.431152 0.0478516 0.0224609
0 0.53418 0.416992 0.0292969 0.0527344
0 0.511719 0.544922 0.0273438 0.0644531
0 0.695312 0.799805 0.0429688 0.0410156
0 0.556641 0.344727 0.0507812 0.0625
0 0.543945 0.709961 0.0332031 0.0566406
0 0.788086 0.499512 0.0410156 0.0283203
