0 0.555664 0.580566 0.0117188 0.0517578
0 0.487305 0.458008 0.0292969 0.0332031
0 0.498047 0.642578 0.0136719 0.0761719
0 0.483398 0.664551 0.0136719 0.0537109
0 0.494141 0.497559 0.015625 0.0537109
0 0.421875 0.503906 0.0175781 0.0507812
0 0.564941 0.494629 0.0185547 0.0615234
0 0.44873 0.499512 0.0126953 0.0478516
0 0.542969 0.579102 0.0234375 0.0527344
0 0.574707 0.563477 0.0146484 0.0585938
0 0.649414 0.519531 0.0371094 0.0449219
0 0.435547 0.476074 0.015625 0.0771484
0 0.536133 0.729492 0.0351562 0.0273438
0 0.537598 0.771973 0.0380859 0.0478516
0 0.46875 0.42041 0.046875 0.0322266
0 0.591797 0.690918 0.0234375 0.0537109
0 0.460449 0.458984 0.0205078 0.0546875
0 0.439941 0.779297 0.0283203 0.0390625
0 0.515625 0.538086 0.0332031 0.0371094
0 0.561035 0.726562 0.0263672 0.0449219
0 0.566895 0.400391 0.0263672 0.0527344
0 0.555664 0.680176 0.0234375 0.0478516
0 0.547363 0.525391 0.0205078 0.0605469
0 0.541992 0.441406 0.0195312 0.0585938
0 0.574219 0.432129 0.0195312 0.0556641
0 0.530762 0.683594 0.0341797 0.0292969
0 0.578125 0.64502 0.0253906 0.0478516
0 0.411133 0.741699 0.0429688 0.0595703
0 0.513184 0.459961 0.0263672 0.0429688
0 0.414551 0.393555 0.0302734 0.0351562
0 0.477051 0.504883 0.0244141 0.0390625
0 0.549805 0.617676 0.0351562 0.0244141
0 0.625 0.358398 0.0332031 0.046875
0 0.478516 0.830078 0.0195312 0.0683594
0 0.422852 0.529297 0.0273438 0.0351562
0 0.625977 0.401855 0.0253906 0.0419922
0 0.549805 0.331543 0.0273438 0.0498047
0 0.663086 0.688477 0.0253906 0.0664062
0 0.521484 0.618652 0.0234375 0.0595703
0 0.464355 0.699707 0.0224609 0.0654297
0 0.411621 0.645508 0.0361328 0.0429688
