0 0.555664 0.581055 0.0175781 0.0292969
0 0.400879 0.652344 0.0205078 0.0820312
0 0.697266 0.588867 0.0273438 0.0917969
0 0.493164 0.595703 0.0214844 0.0742188
0 0.146484 0.833984 0.0273438 0.132812
0 0.294922 0.511719 0.0429688 0.0605469
0 0.570312 0.691895 0.0234375 0.0888672
0 0.362305 0.221191 0.0234375 0.0791016
0 0.337402 0.271973 0.0400391 0.0419922
0 0.578125 0.602539 0.0273438 0.0644531
0 0.376953 0.609375 0.0351562 0.0488281
0 0.60791 0.299805 0.0458984 0.046875
0 0.250977 0.438965 0.0292969 0.0908203
0 0.368164 0.652832 0.0253906 0.0751953
0 0.473145 0.474609 0.0419922 0.0703125
0 0.608398 0.580078 0.0332031 0.0605469
0 0.691406 0.243652 0.0234375 0.0908203
0 0.509766 0.277832 0.0195312 0.0732422
0 0.668945 0.568359 0.0371094 0.0800781
0 0.605957 0.520508 0.0263672 0.0839844
0 0.484375 0.267578 0.0332031 0.0742188
0 0.63623 0.706055 0.0400391 0.0996094
0 0.638184 0.246094 0.0302734 0.0742188
0 0.539062 0.646484 0.03125 0.0820312
