0 0.55127 0.578125 0.0107422 0.03125
0 0.483887 0.907227 0.0205078 0.0273438
0 0.541016 0.401855 0.0332031 0.0263672
0 0.482422 0.556152 0.0136719 0.0458984
0 0.511719 0.379395 0.0234375 0.0458984
0 0.514648 0.507324 0.0273438 0.0185547
0 0.490234 0.559082 0.0136719 0.0458984
0 0.479492 0.509766 0.0195312 0.0410156
0 0.483887 0.478516 0.0361328 0.0292969
0 0.515625 0.525391 0.0332031 0.0292969
0 0.537109 0.566406 0.0253906 0.0390625
0 0.460449 0.470215 0.0166016 0.0400391
0 0.438477 0.553223 0.0214844 0.0439453
0 0.751465 0.470703 0.0244141 0.0253906
0 0.53125 0.371582 0.0175781 0.0361328
0 0.4375 0.504395 0.0175781 0.0498047
0 0.544434 0.434082 0.0185547 0.0322266
0 0.550781 0.506348 0.0195312 0.0341797
0 0.537109 0.510742 0.0175781 0.046875
0 0.515625 0.445801 0.0273438 0.0400391
0 0.342285 0.476562 0.0302734 0.0410156
0 0.422363 0.576172 0.0341797 0.0175781
0 0.429199 0.537109 0.0263672 0.03125
0 0.532227 0.337891 0.015625 0.0410156
0 0.576172 0.50293 0.0117188 0.0449219
0 0.518066 0.553223 0.0185547 0.0400391
0 0.509277 0.49707 0.0263672 0.0253906
0 0.66748 0.478516 0.0146484 0.0429688
0 0.489258 0.412598 0.0136719 0.0478516
0 0.762207 0.451172 0.0322266 0.0214844
0 0.25 0.909668 0.0429688 0.0205078
0 0.501953 0.564941 0.0253906 0.0419922
0 0.507812 0.475098 0.0175781 0.0419922
0 0.385742 0.436523 0.0292969 0.0292969
0 0.379883 0.640625 0.0273438 0.0410156
0 0.556152 0.435059 0.0166016 0.0361328
0 0.318848 0.914062 0.0537109 0.0234375
0 0.729492 0.487793 0.015625 0.0419922
0 0.458008 0.512695 0.0253906 0.0429688
0 0.0976562 0.905273 0.0429688 0.0195312
0 0.394531 0.464355 0.0253906 0.0458984
0 0.541016 0.460449 0.015625 0.0458984
0 0.585938 0.282227 0.03125 0.0214844
0 0.769531 0.471191 0.0273438 0.0244141
0 0.650879 0.527344 0.0361328 0.015625
0 0.375977 0.57373 0.046875 0.0205078
0 0.211914 0.600586 0.03125 0.0351562
0 0.545898 0.683105 0.0410156 0.0244141
0 0.467285 0.446289 0.0361328 0.0195312
0 0.686523 0.545898 0.03125 0.0195312
0 0.790527 0.531738 0.0283203 0.0341797
0 0.42334 0.430176 0.0146484 0.0439453
0 0.523926 0.467285 0.0224609 0.0361328
0 0.683594 0.477539 0.0253906 0.0390625
0 0.640625 0.498047 0.0273438 0.0253906
0 0.179199 0.910645 0.0400391 0.0205078
0 0.699707 0.765137 0.0146484 0.0458984
0 0.692383 0.56543 0.0234375 0.0273438
0 0.50293 0.431641 0.0273438 0.0292969
0 0.130371 0.905762 0.0361328 0.0224609
0 0.564453 0.496582 0.015625 0.0478516
0 0.701172 0.526367 0.0332031 0.0292969
0 0.78125 0.461914 0.0214844 0.03125
0 0.680664 0.591309 0.015625 0.0439453
0 0.249023 0.595215 0.0371094 0.0263672
0 0.547363 0.363281 0.0166016 0.0449219
0 0.401855 0.32373 0.0166016 0.0517578
0 0.773438 0.574219 0.03125 0.0195312
0 0.213867 0.814941 0.0390625 0.0400391
0 0.138672 0.874023 0.0351562 0.0234375
0 0.624512 0.700684 0.0361328 0.0205078
0 0.472168 0.41748 0.0205078 0.0478516
0 0.34082 0.546875 0.0292969 0.0410156
0 0.461426 0.564453 0.0341797 0.0214844
0 0.807617 0.549805 0.0273438 0.0195312
0 0.842773 0.519531 0.0273438 0.03125
0 0.500977 0.348145 0.0371094 0.0224609
0 0.520508 0.62207 0.0195312 0.0449219
0 0.737305 0.630859 0.03125 0.03125
0 0.312012 0.679688 0.0400391 0.0273438
0 0.556152 0.327148 0.0283203 0.0214844
0 0.71875 0.69043 0.0292969 0.0273438
0 0.352051 0.688477 0.0341797 0.0273438
0 0.595703 0.688965 0.015625 0.0439453
0 0.461914 0.541504 0.0253906 0.0380859
0 0.75293 0.587891 0.0117188 0.0527344
0 0.38916 0.54834 0.0361328 0.0263672
0 0.516602 0.597168 0.0195312 0.0478516
0 0.806152 0.489258 0.0302734 0.0273438
0 0.146484 0.898438 0.0332031 0.0292969
0 0.497559 0.532227 0.0185547 0.0410156
0 0.631836 0.539551 0.03125 0.0224609
0 0.712891 0.507324 0.015625 0.0419922
0 0.606445 0.571777 0.015625 0.0419922
0 0.450195 0.433105 0.0371094 0.0185547
0 0.490234 0.816895 0.0351562 0.0380859
0 0.571289 0.336914 0.03125 0.0429688
0 0.5625 0.463867 0.0292969 0.0234375
0 0.710938 0.557129 0.0253906 0.0244141
0 0.588867 0.555664 0.0234375 0.0410156
0 0.399414 0.603027 0.0253906 0.0478516
0 0.501465 0.614258 0.0126953 0.0488281
0 0.664062 0.506836 0.0292969 0.0253906
0 0.41748 0.38916 0.0185547 0.0478516
0 0.517578 0.879395 0.0253906 0.0341797
0 0.583496 0.598633 0.0361328 0.0390625
0 0.387207 0.655762 0.0283203 0.0439453
0 0.820312 0.583984 0.0371094 0.0195312
0 0.39209 0.526367 0.0341797 0.0390625
0 0.561523 0.599121 0.0332031 0.0224609
0 0.638672 0.596191 0.0175781 0.0595703
0 0.489746 0.754883 0.0263672 0.0390625
0 0.720215 0.470703 0.0185547 0.0410156
0 0.273926 0.546387 0.0419922 0.0400391
0 0.171875 0.525391 0.046875 0.0390625
0 0.551758 0.525879 0.0234375 0.0361328
0 0.652344 0.554199 0.03125 0.0263672
0 0.388672 0.342285 0.0214844 0.0517578
0 0.770996 0.276367 0.0205078 0.0410156
0 0.617676 0.380371 0.0205078 0.0595703
0 0.272949 0.184082 0.0380859 0.0380859
0 0.419434 0.460938 0.0263672 0.046875
0 0.23877 0.558594 0.0419922 0.0390625
0 0.199707 0.348145 0.0400391 0.0478516
0 0.34082 0.407715 0.0371094 0.0283203
0 0.418457 0.666992 0.0322266 0.0351562
0 0.701172 0.391113 0.0253906 0.0419922
0 0.433594 0.685547 0.0273438 0.0410156
0 0.244141 0.405762 0.0332031 0.0458984
0 0.155273 0.691895 0.0410156 0.0283203
