1 0.125977 0.333008 0.152344 0.212891
1 0.624023 0.413086 0.167969 0.255859
1 0.265625 0.729004 0.109375 0.254883
1 0.165039 0.678223 0.158203 0.233398
1 0.385742 0.206055 0.0878906 0.246094
1 0.0332031 0.542969 0.0664062 0.257812
1 0.935059 0.619629 0.125977 0.256836
1 0.108887 0.478516 0.12207 0.248047
1 0.327148 0.453613 0.152344 0.276367
1 0.439941 0.107422 0.163086 0.214844
1 0.132324 0.198242 0.118164 0.193359
1 0.589844 0.605469 0.197266 0.263672
1 0.725098 0.209473 0.211914 0.231445
1 0.787598 0.638672 0.202148 0.185547
1 0.62207 0.737305 0.1875 0.15625
1 0.181152 0.84375 0.194336 0.166016
