0 0.447266 0.755859 0.03125 0.0722656
0 0.525879 0.544434 0.0419922 0.0283203
0 0.533203 0.416016 0.0273438 0.0546875
0 0.344727 0.177734 0.046875 0.0390625
0 0.325195 0.426758 0.0292969 0.0644531
0 0.335449 0.630371 0.0302734 0.0654297
0 0.358398 0.335938 0.046875 0.0371094
0 0.562988 0.705078 0.0439453 0.0488281
0 0.355957 0.129395 0.0439453 0.0400391
0 0.668457 0.724609 0.0380859 0.0566406
0 0.349609 0.480957 0.0410156 0.0556641
0 0.298828 0.621094 0.0410156 0.0585938
0 0.664551 0.358398 0.0361328 0.0527344
0 0.608398 0.348145 0.0332031 0.0576172
0 0.57666 0.785645 0.0439453 0.0576172
