0 0.54834 0.499023 0.0244141 0.0605469
0 0.52832 0.286621 0.0292969 0.0693359
0 0.40625 0.306152 0.0625 0.0439453
0 0.490723 0.365723 0.0341797 0.0810547
0 0.478027 0.57666 0.0576172 0.0380859
0 0.482422 0.296875 0.0351562 0.0566406
0 0.487793 0.421387 0.0361328 0.0693359
0 0.54834 0.590332 0.0498047 0.0341797
0 0.558594 0.446777 0.0605469 0.0322266
0 0.568848 0.600586 0.0341797 0.0683594
0 0.462402 0.546875 0.0576172 0.0488281
0 0.393066 0.501465 0.0380859 0.0654297
0 0.513184 0.495117 0.0283203 0.0800781
0 0.210938 0.373047 0.0429688 0.0644531
0 0.401367 0.605469 0.0625 0.0566406
0 0.530762 0.404785 0.0517578 0.0634766
0 0.481445 0.50293 0.046875 0.0722656
0 0.362305 0.533691 0.0566406 0.0302734
0 0.38916 0.572754 0.0478516 0.0654297
0 0.570312 0.407227 0.0351562 0.0703125
0 0.524902 0.472656 0.0341797 0.0722656
0 0.507324 0.549805 0.0576172 0.0664062
0 0.545898 0.429688 0.0546875 0.0371094
0 0.587891 0.486328 0.03125 0.0722656
0 0.249023 0.437988 0.0527344 0.0576172
0 0.506348 0.269043 0.0263672 0.0771484
0 0.220215 0.691895 0.0478516 0.0400391
0 0.487793 0.48291 0.0439453 0.0615234
0 0.56543 0.484375 0.0390625 0.0605469
0 0.527344 0.621582 0.0625 0.0458984
0 0.133789 0.366699 0.0527344 0.0576172
0 0.371582 0.323242 0.0869141 0.0566406
0 0.500977 0.449707 0.0253906 0.0810547
0 0.302246 0.506836 0.0439453 0.0703125
0 0.507812 0.197266 0.03125 0.0898438
0 0.447754 0.585938 0.0283203 0.0742188
0 0.134277 0.144043 0.0615234 0.0380859
0 0.237305 0.523438 0.0371094 0.0839844
0 0.53418 0.356445 0.0546875 0.0449219
0 0.456055 0.352051 0.0605469 0.0439453
0 0.212891 0.591797 0.0390625 0.0664062
0 0.514648 0.392578 0.046875 0.0566406
0 0.481445 0.64209 0.0566406 0.0517578
0 0.435059 0.294922 0.0654297 0.0664062
0 0.119141 0.375977 0.0546875 0.0585938
0 0.277344 0.538086 0.0644531 0.0507812
0 0.458984 0.40332 0.0292969 0.0820312
0 0.537598 0.529785 0.0556641 0.0439453
0 0.231445 0.462891 0.0605469 0.0625
0 0.601074 0.475098 0.0341797 0.0654297
0 0.594238 0.584961 0.0322266 0.0742188
0 0.102051 0.55957 0.0478516 0.0644531
0 0.639648 0.44873 0.0566406 0.0439453
0 0.323242 0.520508 0.0332031 0.078125
0 0.424316 0.504395 0.0634766 0.0615234
0 0.55957 0.560547 0.0585938 0.0351562
0 0.506348 0.655273 0.0576172 0.0429688
0 0.533691 0.220215 0.0419922 0.0732422
0 0.269043 0.564453 0.0576172 0.0664062
0 0.555664 0.646484 0.0546875 0.0566406
0 0.123535 0.413086 0.0498047 0.0761719
0 0.27002 0.494629 0.0478516 0.0654297
0 0.607422 0.635742 0.0683594 0.0566406
0 0.481934 0.188965 0.0478516 0.0830078
0 0.246582 0.409668 0.0673828 0.0478516
0 0.426758 0.5625 0.0429688 0.0644531
0 0.355469 0.491211 0.0410156 0.0683594
0 0.123535 0.311523 0.0380859 0.0839844
0 0.439453 0.249023 0.0625 0.0410156
0 0.35791 0.246582 0.0439453 0.104492
0 0.243164 0.602539 0.0605469 0.0800781
0 0.379395 0.514648 0.0556641 0.0351562
0 0.472656 0.269531 0.0585938 0.0625
0 0.206055 0.320312 0.0488281 0.0703125
0 0.559082 0.324219 0.0537109 0.0351562
0 0.257812 0.26709 0.0546875 0.0712891
0 0.220703 0.516113 0.0351562 0.0830078
0 0.445312 0.437988 0.0429688 0.0712891
0 0.201172 0.496582 0.03125 0.0888672
0 0.443359 0.62793 0.0429688 0.0722656
0 0.163574 0.339844 0.0595703 0.0488281
0 0.400879 0.342773 0.0654297 0.0566406
0 0.572266 0.525879 0.0410156 0.0654297
0 0.184082 0.433105 0.0478516 0.0732422
0 0.50293 0.739258 0.0449219 0.0585938
0 0.358398 0.567383 0.0527344 0.0644531
0 0.438965 0.662598 0.0693359 0.0478516
0 0.370117 0.205566 0.0507812 0.0830078
0 0.134766 0.175293 0.0566406 0.0634766
0 0.186523 0.536133 0.0410156 0.0839844
0 0.160645 0.394531 0.0419922 0.0839844
0 0.187012 0.611816 0.0361328 0.0830078
0 0.356445 0.128418 0.0703125 0.0634766
0 0.631836 0.514648 0.0605469 0.0449219
0 0.230957 0.262695 0.0595703 0.0664062
0 0.40918 0.208008 0.0644531 0.0566406
0 0.548828 0.275879 0.0429688 0.0595703
0 0.29541 0.436035 0.0673828 0.0478516
0 0.517578 0.316406 0.0253906 0.0742188
0 0.61084 0.415039 0.0302734 0.0859375
0 0.162598 0.46582 0.0341797 0.0859375
0 0.615234 0.162598 0.0527344 0.0634766
0 0.648438 0.485352 0.0644531 0.0410156
0 0.213867 0.233887 0.0644531 0.0419922
0 0.49707 0.697266 0.0859375 0.0585938
0 0.249023 0.719727 0.0488281 0.0742188
0 0.273438 0.287109 0.0507812 0.0664062
0 0.538574 0.190918 0.0458984 0.0673828
0 0.0810547 0.390625 0.0625 0.0429688
0 0.197266 0.399902 0.0410156 0.0791016
0 0.586426 0.705078 0.0478516 0.078125
0 0.371582 0.445312 0.0615234 0.0722656
0 0.737793 0.496094 0.0615234 0.0703125
0 0.303223 0.174316 0.0400391 0.0751953
0 0.386719 0.267578 0.046875 0.0761719
0 0.32666 0.573242 0.0400391 0.0820312
0 0.234863 0.360352 0.0458984 0.0761719
0 0.0942383 0.522949 0.0634766 0.0751953
0 0.286133 0.229492 0.0507812 0.0839844
0 0.243652 0.76123 0.0693359 0.0537109
0 0.156738 0.55127 0.0380859 0.0791016
0 0.280273 0.119629 0.0664062 0.0517578
0 0.574219 0.371582 0.0371094 0.0771484
0 0.185059 0.721191 0.0537109 0.0556641
0 0.598633 0.324219 0.0351562 0.0742188
0 0.40625 0.694336 0.0703125 0.0546875
0 0.262695 0.664551 0.0527344 0.0771484
0 0.15625 0.195801 0.0390625 0.0849609
0 0.366211 0.620605 0.0488281 0.0751953
0 0.133301 0.480957 0.0478516 0.0849609
0 0.701172 0.629395 0.0683594 0.0615234
0 0.196777 0.67041 0.0439453 0.0810547
0 0.321777 0.84375 0.0595703 0.0878906
0 0.162109 0.64209 0.0546875 0.0693359
0 0.138184 0.226562 0.0537109 0.0859375
0 0.0859375 0.668945 0.0683594 0.0761719
0 0.655273 0.383301 0.046875 0.0810547
0 0.0429688 0.494141 0.0605469 0.0625
0 0.209473 0.201172 0.0654297 0.0722656
0 0.473633 0.757812 0.0390625 0.0917969
0 0.347168 0.70459 0.0498047 0.0849609
0 0.136719 0.792969 0.0625 0.0664062
0 0.306152 0.763672 0.0556641 0.0878906
