0 0.560547 0.683105 0.0351562 0.0244141
0 0.783691 0.776367 0.0400391 0.0507812
0 0.524902 0.736816 0.0419922 0.0283203
0 0.663574 0.541504 0.0302734 0.0419922
0 0.407715 0.828125 0.0302734 0.046875
0 0.431152 0.712402 0.0537109 0.0224609
0 0.384277 0.46875 0.0419922 0.0253906
0 0.698242 0.643555 0.0351562 0.0410156
0 0.559082 0.626465 0.0244141 0.0556641
0 0.52002 0.345215 0.0400391 0.0302734
0 0.300781 0.679688 0.0351562 0.0292969
0 0.441406 0.813477 0.0292969 0.046875
0 0.750488 0.435059 0.0380859 0.0341797
0 0.726562 0.838379 0.0429688 0.0224609
0 0.611816 0.79834 0.0244141 0.0302734
0 0.369629 0.539062 0.0439453 0.0429688
0 0.310547 0.788574 0.0371094 0.0380859
0 0.237305 0.706543 0.0332031 0.0478516
0 0.783203 0.213379 0.0195312 0.0556641
0 0.755859 0.34375 0.03125 0.0390625
0 0.606445 0.671875 0.0292969 0.0488281
0 0.467285 0.769043 0.0439453 0.0283203
0 0.527832 0.777344 0.0263672 0.0546875
0 0.269531 0.729004 0.0292969 0.0556641
0 0.619141 0.539062 0.0371094 0.0332031
0 0.295898 0.731445 0.0214844 0.0546875
0 0.284668 0.867676 0.0400391 0.0361328
