0 0.382324 0.436523 0.0322266 0.0566406
0 0.405762 0.516602 0.0400391 0.0390625
0 0.539551 0.492676 0.0419922 0.0302734
0 0.418457 0.475586 0.0166016 0.0644531
0 0.39502 0.509277 0.0439453 0.0361328
0 0.59668 0.492676 0.0253906 0.0458984
0 0.347656 0.517578 0.0332031 0.0605469
0 0.551758 0.506348 0.0410156 0.0537109
0 0.308594 0.553711 0.0371094 0.0683594
0 0.364258 0.393555 0.0292969 0.0566406
0 0.426758 0.445312 0.0234375 0.0625
0 0.45166 0.477051 0.0341797 0.0458984
0 0.447754 0.449219 0.0322266 0.046875
0 0.406738 0.551758 0.0380859 0.0449219
0 0.565918 0.463867 0.0537109 0.0332031
0 0.51709 0.479004 0.0478516 0.0302734
0 0.575195 0.515137 0.0253906 0.0673828
0 0.598145 0.541016 0.0224609 0.0625
0 0.509766 0.505371 0.0429688 0.0478516
0 0.398926 0.470703 0.0361328 0.0625
0 0.407227 0.408691 0.0175781 0.0732422
0 0.475098 0.519531 0.0439453 0.0625
0 0.373535 0.35791 0.0400391 0.0517578
0 0.454102 0.557617 0.0488281 0.0253906
0 0.380859 0.551758 0.0390625 0.0507812
0 0.564453 0.571777 0.0371094 0.0576172
0 0.504395 0.538086 0.0341797 0.0527344
0 0.343262 0.354492 0.0205078 0.0761719
0 0.436035 0.521973 0.0458984 0.0537109
0 0.62793 0.562012 0.0253906 0.0556641
0 0.364746 0.501953 0.0400391 0.0546875
0 0.435059 0.385254 0.0205078 0.0732422
0 0.622559 0.525391 0.0283203 0.0507812
0 0.359375 0.57373 0.0449219 0.0498047
0 0.31543 0.599609 0.0253906 0.0605469
0 0.481445 0.459961 0.0351562 0.0507812
0 0.461914 0.623047 0.0488281 0.0273438
