0 0.516113 0.464355 0.0205078 0.0166016
0 0.52832 0.446777 0.0195312 0.0185547
0 0.578613 0.67334 0.0185547 0.0185547
0 0.593262 0.617188 0.0126953 0.0214844
0 0.563965 0.603027 0.00878906 0.0341797
0 0.499512 0.444824 0.0205078 0.0146484
0 0.580566 0.589844 0.0244141 0.0175781
0 0.509277 0.655273 0.00878906 0.03125
0 0.485352 0.466797 0.015625 0.0175781
0 0.530762 0.647949 0.0224609 0.0263672
0 0.528809 0.661133 0.0166016 0.0234375
0 0.577637 0.506348 0.0205078 0.0263672
0 0.542969 0.486328 0.0117188 0.0332031
0 0.459473 0.520996 0.0166016 0.0224609
0 0.619141 0.587891 0.015625 0.0136719
0 0.609375 0.571777 0.0234375 0.0146484
0 0.568359 0.577637 0.0175781 0.0263672
0 0.584961 0.585938 0.0195312 0.015625
0 0.553711 0.606445 0.0117188 0.0332031
0 0.526855 0.47168 0.0244141 0.0136719
0 0.458984 0.493164 0.0214844 0.0117188
0 0.555176 0.579102 0.0126953 0.0371094
0 0.518555 0.5 0.0234375 0.0273438
0 0.491211 0.519531 0.0253906 0.015625
0 0.573242 0.492188 0.0234375 0.0117188
0 0.420898 0.489746 0.0234375 0.0126953
0 0.52002 0.645996 0.0146484 0.0263672
0 0.57373 0.557617 0.0205078 0.0175781
0 0.633789 0.493164 0.0175781 0.046875
0 0.509766 0.479004 0.0214844 0.0146484
0 0.395996 0.469727 0.0146484 0.03125
0 0.592285 0.515625 0.0205078 0.0195312
0 0.396973 0.493652 0.0166016 0.0263672
0 0.579102 0.630859 0.015625 0.0332031
0 0.532715 0.458984 0.0205078 0.0136719
0 0.419434 0.479492 0.0224609 0.0175781
0 0.544434 0.617188 0.0107422 0.03125
0 0.601562 0.523438 0.015625 0.0292969
0 0.406738 0.494629 0.0185547 0.0283203
0 0.567383 0.458984 0.0117188 0.03125
0 0.583008 0.472168 0.0234375 0.0302734
0 0.437988 0.508301 0.0146484 0.0283203
0 0.524414 0.627441 0.0234375 0.0205078
0 0.599609 0.584961 0.015625 0.0292969
0 0.593262 0.557617 0.0224609 0.0195312
0 0.524902 0.702637 0.0205078 0.0166016
0 0.558105 0.638672 0.0126953 0.0351562
0 0.528809 0.617676 0.0224609 0.0244141
0 0.518066 0.44043 0.0205078 0.0195312
0 0.456543 0.483398 0.0283203 0.00976562
0 0.549316 0.458496 0.0205078 0.0146484
0 0.557617 0.539551 0.0273438 0.0205078
0 0.586426 0.573242 0.0205078 0.0195312
0 0.618164 0.514648 0.015625 0.0351562
0 0.448242 0.501465 0.0175781 0.0263672
0 0.592285 0.495605 0.0185547 0.0302734
0 0.45459 0.465332 0.0205078 0.0126953
0 0.601074 0.482422 0.0263672 0.0195312
0 0.54834 0.670898 0.0244141 0.0234375
0 0.534668 0.74707 0.0185547 0.0195312
0 0.533691 0.724609 0.0224609 0.0332031
0 0.574707 0.612305 0.0205078 0.0195312
0 0.615234 0.608398 0.0175781 0.0332031
0 0.578613 0.654297 0.0166016 0.0292969
0 0.558105 0.691406 0.0205078 0.0292969
0 0.458008 0.445312 0.0175781 0.0253906
0 0.478027 0.496582 0.0166016 0.0302734
0 0.532715 0.335938 0.0126953 0.0332031
0 0.605957 0.605957 0.0146484 0.0322266
0 0.365723 0.456055 0.0205078 0.0273438
0 0.613281 0.559082 0.0195312 0.0205078
0 0.518555 0.586914 0.0175781 0.0253906
0 0.544922 0.585449 0.0136719 0.0283203
0 0.538086 0.362305 0.0234375 0.0175781
0 0.535156 0.384277 0.0214844 0.0205078
0 0.626953 0.557129 0.0136719 0.0302734
0 0.616211 0.535645 0.0253906 0.0244141
0 0.40332 0.445801 0.0195312 0.0322266
0 0.672363 0.5 0.0185547 0.03125
0 0.350586 0.462891 0.0175781 0.0214844
0 0.321777 0.458496 0.0244141 0.0185547
