0 0.827637 0.494141 0.0322266 0.015625
0 0.451172 0.598633 0.0136719 0.0253906
0 0.355469 0.698242 0.00976562 0.0195312
0 0.499023 0.486328 0.0390625 0.0136719
0 0.358398 0.500488 0.0332031 0.0107422
0 0.416992 0.729492 0.0253906 0.03125
0 0.458984 0.6875 0.0410156 0.0214844
0 0.391602 0.600586 0.0234375 0.0234375
0 0.315918 0.665039 0.0361328 0.015625
0 0.301758 0.463867 0.0332031 0.0136719
0 0.629395 0.645996 0.0283203 0.0224609
0 0.302734 0.748047 0.0195312 0.0253906
0 0.645508 0.798828 0.03125 0.0371094
0 0.55957 0.64209 0.0371094 0.0166016
0 0.366211 0.767578 0.0390625 0.0253906
0 0.492188 0.574219 0.0253906 0.0332031
0 0.676758 0.69873 0.0234375 0.0341797
0 0.11377 0.611816 0.0361328 0.0146484
0 0.445312 0.535156 0.0390625 0.0175781
0 0.359863 0.565918 0.0244141 0.0224609
0 0.211914 0.617188 0.0351562 0.0175781
0 0.109863 0.580078 0.0263672 0.0253906
0 0.486328 0.640137 0.0390625 0.0224609
0 0.351562 0.605957 0.0234375 0.0302734
0 0.631836 0.704102 0.0292969 0.0429688
0 0.596191 0.733398 0.0224609 0.0351562
0 0.537109 0.731934 0.0273438 0.0341797
0 0.427246 0.549316 0.0341797 0.0224609
0 0.616699 0.558594 0.0380859 0.03125
0 0.703613 0.742676 0.0302734 0.0322266
