0 0.541016 0.352539 0.00976562 0.0273438
0 0.461426 0.407715 0.0107422 0.0263672
0 0.436035 0.362305 0.0107422 0.0234375
0 0.604492 0.429199 0.0117188 0.0263672
0 0.566895 0.299805 0.0205078 0.015625
0 0.690918 0.5 0.0224609 0.0234375
0 0.503906 0.376953 0.0136719 0.0234375
0 0.468262 0.583496 0.0146484 0.0205078
0 0.569336 0.337402 0.00976562 0.0224609
0 0.553711 0.376953 0.00976562 0.0273438
0 0.695312 0.541504 0.0195312 0.0185547
0 0.520996 0.713379 0.0126953 0.0224609
0 0.597656 0.304199 0.0136719 0.0244141
0 0.305664 0.449219 0.015625 0.0253906
0 0.528809 0.320801 0.0126953 0.0244141
0 0.470215 0.47168 0.0146484 0.0175781
0 0.548828 0.586426 0.0175781 0.0166016
0 0.302734 0.341309 0.0117188 0.0185547
0 0.66748 0.496582 0.0146484 0.0185547
0 0.624023 0.375 0.0117188 0.0175781
0 0.477539 0.449219 0.015625 0.0253906
0 0.557129 0.294922 0.0185547 0.0117188
0 0.49707 0.393066 0.00976562 0.0263672
0 0.600586 0.568848 0.0078125 0.0224609
0 0.550293 0.637207 0.0126953 0.0322266
0 0.585449 0.620605 0.0146484 0.0205078
0 0.51709 0.415039 0.0107422 0.0234375
0 0.458008 0.621094 0.0175781 0.0136719
0 0.571289 0.685059 0.0214844 0.0146484
0 0.533203 0.372559 0.0117188 0.0244141
0 0.464355 0.601562 0.0205078 0.00976562
0 0.51123 0.353027 0.0107422 0.0224609
0 0.554688 0.64209 0.00976562 0.0322266
0 0.591797 0.259766 0.015625 0.0234375
0 0.487793 0.353027 0.0166016 0.0185547
0 0.488281 0.620117 0.0214844 0.0117188
0 0.384766 0.320312 0.0214844 0.015625
0 0.655273 0.523926 0.0214844 0.0107422
0 0.516602 0.601074 0.0078125 0.0224609
0 0.523438 0.510742 0.0136719 0.0273438
0 0.51416 0.483887 0.00878906 0.0322266
0 0.547852 0.39502 0.00976562 0.0263672
0 0.516113 0.624023 0.0185547 0.0117188
0 0.535156 0.482422 0.015625 0.0253906
0 0.430176 0.374023 0.0146484 0.0214844
0 0.574219 0.400391 0.015625 0.0195312
0 0.563477 0.322754 0.015625 0.0126953
0 0.527344 0.619141 0.0175781 0.0117188
0 0.460938 0.541992 0.00976562 0.0273438
0 0.521484 0.482422 0.00976562 0.0351562
0 0.53418 0.460938 0.0078125 0.0253906
0 0.641602 0.506836 0.0117188 0.0253906
0 0.481934 0.395508 0.00878906 0.0234375
0 0.555664 0.732422 0.0195312 0.015625
0 0.609863 0.635742 0.0185547 0.0195312
0 0.65918 0.577637 0.015625 0.0263672
0 0.607422 0.367676 0.0136719 0.0205078
0 0.649902 0.597656 0.0205078 0.0136719
0 0.585938 0.551758 0.0195312 0.015625
0 0.679199 0.529297 0.0146484 0.0195312
0 0.722656 0.547363 0.0175781 0.0185547
0 0.626465 0.558105 0.0205078 0.0126953
0 0.499023 0.521973 0.0117188 0.0263672
0 0.681641 0.559082 0.0195312 0.0146484
0 0.550293 0.42334 0.0126953 0.0244141
0 0.461914 0.518555 0.0136719 0.0273438
0 0.508789 0.716309 0.015625 0.0166016
0 0.542969 0.501953 0.00976562 0.0253906
0 0.439941 0.376953 0.00878906 0.0292969
0 0.523438 0.347656 0.00976562 0.0292969
0 0.508789 0.583984 0.00976562 0.0292969
0 0.585938 0.349609 0.00976562 0.0273438
0 0.657227 0.328125 0.0175781 0.0175781
0 0.514648 0.514648 0.0175781 0.0195312
0 0.472656 0.651367 0.0195312 0.0136719
0 0.473145 0.549316 0.0166016 0.0283203
0 0.626465 0.341797 0.0107422 0.0253906
0 0.46582 0.381348 0.015625 0.0263672
0 0.661133 0.512207 0.015625 0.0185547
0 0.487305 0.570312 0.0214844 0.0136719
0 0.588867 0.649902 0.0117188 0.0244141
0 0.57959 0.341309 0.0126953 0.0224609
0 0.588867 0.268066 0.015625 0.0185547
0 0.633301 0.351562 0.0126953 0.0214844
0 0.535156 0.70166 0.015625 0.0185547
0 0.589844 0.601562 0.0195312 0.0117188
0 0.429199 0.617676 0.0126953 0.0302734
0 0.503906 0.351562 0.00976562 0.0253906
0 0.539062 0.606445 0.0214844 0.0136719
0 0.606445 0.286621 0.0136719 0.0146484
0 0.675293 0.589844 0.0185547 0.0136719
0 0.533203 0.341797 0.0117188 0.0214844
0 0.528809 0.655273 0.0166016 0.0273438
0 0.596191 0.283203 0.0126953 0.0214844
0 0.569336 0.381836 0.00976562 0.03125
0 0.560059 0.394531 0.0146484 0.0195312
0 0.495117 0.465332 0.0195312 0.0185547
0 0.54248 0.304688 0.0126953 0.0273438
0 0.481934 0.422363 0.0166016 0.0185547
0 0.568359 0.360352 0.0117188 0.0195312
0 0.592285 0.350098 0.0107422 0.0244141
0 0.509766 0.401367 0.0195312 0.0175781
0 0.517578 0.580078 0.0136719 0.03125
0 0.516113 0.366211 0.0185547 0.0117188
0 0.580078 0.463379 0.00976562 0.0302734
0 0.480469 0.469238 0.0136719 0.0244141
0 0.510742 0.464355 0.0175781 0.0185547
0 0.522461 0.675781 0.0253906 0.0136719
0 0.620117 0.546387 0.0175781 0.0185547
0 0.517578 0.433594 0.0175781 0.0273438
0 0.60498 0.616211 0.0146484 0.0292969
0 0.527832 0.472656 0.00878906 0.0253906
0 0.589844 0.441406 0.0117188 0.0253906
0 0.583496 0.381348 0.0107422 0.0283203
0 0.441895 0.437988 0.0146484 0.0263672
0 0.425293 0.338379 0.0205078 0.0205078
0 0.469238 0.56543 0.0185547 0.0175781
0 0.456543 0.398438 0.00878906 0.0292969
0 0.472168 0.527344 0.0166016 0.0214844
0 0.610352 0.429199 0.015625 0.0244141
0 0.556641 0.337402 0.015625 0.0185547
0 0.427734 0.346191 0.0214844 0.0166016
0 0.456543 0.558105 0.00878906 0.0283203
0 0.599609 0.651367 0.0175781 0.0175781
0 0.611816 0.351562 0.0224609 0.00976562
0 0.688477 0.345215 0.0078125 0.0283203
0 0.51123 0.536133 0.00878906 0.0273438
0 0.490723 0.547363 0.0107422 0.0224609
0 0.605469 0.548828 0.00976562 0.0253906
0 0.512207 0.642578 0.0244141 0.0117188
0 0.646973 0.532715 0.0224609 0.0126953
0 0.569824 0.595703 0.0244141 0.0136719
0 0.509766 0.447754 0.015625 0.0205078
0 0.561523 0.614258 0.0195312 0.0234375
0 0.560547 0.28418 0.0175781 0.0195312
0 0.53418 0.558105 0.015625 0.0224609
0 0.626465 0.568359 0.0224609 0.0136719
0 0.489258 0.483887 0.0195312 0.0126953
0 0.553223 0.347656 0.0107422 0.0214844
0 0.5 0.558594 0.00976562 0.0273438
0 0.64209 0.32666 0.0205078 0.0126953
0 0.594727 0.487305 0.00976562 0.0195312
0 0.46582 0.353027 0.0175781 0.0244141
0 0.416504 0.412109 0.0107422 0.0292969
0 0.555176 0.507324 0.0126953 0.0244141
0 0.399902 0.565918 0.0107422 0.0224609
0 0.681152 0.575195 0.0205078 0.0214844
0 0.615234 0.397461 0.0175781 0.0253906
0 0.466797 0.44873 0.0175781 0.0263672
0 0.531738 0.303223 0.0126953 0.0205078
0 0.556641 0.478516 0.0175781 0.0175781
0 0.615234 0.596191 0.0195312 0.0126953
0 0.375977 0.401855 0.0078125 0.0283203
0 0.430664 0.421875 0.0136719 0.0195312
0 0.596191 0.589844 0.0185547 0.0136719
0 0.527832 0.588379 0.00878906 0.0283203
0 0.527344 0.373047 0.00976562 0.0253906
0 0.441895 0.414062 0.00878906 0.0292969
0 0.488281 0.516602 0.00976562 0.0273438
0 0.537109 0.639648 0.015625 0.0195312
0 0.503418 0.59668 0.0107422 0.0234375
0 0.726562 0.470215 0.0136719 0.0302734
0 0.521973 0.704102 0.0166016 0.0195312
0 0.552246 0.311523 0.0205078 0.015625
0 0.631348 0.529785 0.00878906 0.0283203
0 0.619141 0.36377 0.0136719 0.0224609
0 0.417969 0.370605 0.015625 0.0283203
0 0.589844 0.577148 0.0117188 0.0253906
0 0.60791 0.527832 0.0126953 0.0205078
0 0.439453 0.537109 0.0136719 0.0234375
0 0.544922 0.351562 0.0078125 0.0273438
0 0.575684 0.273438 0.0146484 0.0214844
0 0.543945 0.455566 0.0136719 0.0283203
0 0.44873 0.561035 0.0126953 0.0283203
0 0.499023 0.5 0.0136719 0.0175781
0 0.534668 0.526367 0.00878906 0.0273438
0 0.482422 0.546875 0.0117188 0.0253906
0 0.466309 0.407227 0.0107422 0.0253906
0 0.466797 0.285645 0.0214844 0.0107422
0 0.459961 0.427734 0.0195312 0.0175781
0 0.59668 0.521973 0.0214844 0.0126953
0 0.666016 0.401367 0.0117188 0.0253906
0 0.522461 0.527344 0.0195312 0.0195312
0 0.445312 0.601562 0.0175781 0.0234375
0 0.449219 0.408691 0.0078125 0.0263672
0 0.609375 0.331055 0.0195312 0.0175781
0 0.420898 0.605469 0.0214844 0.0175781
0 0.579102 0.513672 0.0234375 0.0117188
0 0.572754 0.636719 0.0146484 0.0214844
0 0.586914 0.474609 0.00976562 0.0273438
0 0.564941 0.428223 0.0185547 0.0166016
0 0.566895 0.658691 0.0146484 0.0224609
0 0.458496 0.330566 0.00878906 0.0263672
0 0.581055 0.653809 0.00976562 0.0302734
0 0.60498 0.688965 0.0166016 0.0146484
0 0.65918 0.316406 0.0214844 0.015625
0 0.54248 0.282227 0.0185547 0.0195312
0 0.539062 0.672363 0.015625 0.0244141
0 0.487305 0.610352 0.0214844 0.0175781
0 0.458496 0.498047 0.0126953 0.0195312
0 0.490723 0.366699 0.0205078 0.0185547
0 0.520508 0.550781 0.00976562 0.0273438
0 0.550781 0.708984 0.0195312 0.0195312
0 0.451172 0.505859 0.0195312 0.0136719
0 0.583984 0.529297 0.0195312 0.015625
0 0.533203 0.416992 0.0117188 0.0234375
0 0.579102 0.291016 0.015625 0.0175781
0 0.569824 0.316406 0.0146484 0.0136719
0 0.470703 0.629395 0.0214844 0.0107422
0 0.44873 0.612305 0.0185547 0.015625
0 0.476074 0.430176 0.0166016 0.0224609
0 0.496582 0.580566 0.0185547 0.0126953
0 0.436035 0.494141 0.0185547 0.015625
0 0.59668 0.625 0.00976562 0.0292969
0 0.431152 0.39502 0.0224609 0.0146484
0 0.635742 0.611328 0.0175781 0.0273438
0 0.429199 0.382812 0.0166016 0.0195312
0 0.498047 0.716797 0.015625 0.0234375
0 0.541016 0.382324 0.0136719 0.0185547
0 0.446289 0.333984 0.0175781 0.0214844
0 0.588379 0.304688 0.0107422 0.0214844
0 0.550781 0.675781 0.00976562 0.0253906
0 0.566406 0.571777 0.0136719 0.0283203
0 0.592285 0.561035 0.0205078 0.0146484
0 0.701172 0.328613 0.0078125 0.0283203
0 0.503418 0.329102 0.0166016 0.0175781
0 0.565918 0.269531 0.0185547 0.015625
0 0.456055 0.654297 0.0136719 0.03125
0 0.477539 0.501953 0.0117188 0.0273438
0 0.568848 0.501953 0.0146484 0.0195312
0 0.476562 0.663086 0.0234375 0.0136719
0 0.457031 0.472168 0.00976562 0.0322266
0 0.500488 0.612793 0.0107422 0.0244141
0 0.624023 0.484375 0.0117188 0.0253906
0 0.537598 0.57959 0.0146484 0.0263672
0 0.601074 0.318359 0.0166016 0.0234375
0 0.557129 0.539062 0.0107422 0.0214844
0 0.644043 0.344727 0.0126953 0.0273438
0 0.648926 0.475098 0.0185547 0.0205078
0 0.693848 0.32959 0.00878906 0.0283203
0 0.466797 0.493652 0.0136719 0.0244141
0 0.650391 0.508301 0.015625 0.0244141
0 0.515625 0.663574 0.0195312 0.0146484
0 0.535156 0.497559 0.015625 0.0263672
0 0.451172 0.375977 0.015625 0.0253906
0 0.420898 0.661133 0.00976562 0.0292969
0 0.517578 0.318848 0.0117188 0.0244141
0 0.498535 0.276855 0.0126953 0.0224609
0 0.658691 0.547852 0.0166016 0.0234375
0 0.508301 0.702637 0.0185547 0.0224609
0 0.650391 0.219727 0.0117188 0.0273438
0 0.446289 0.52832 0.00976562 0.0292969
0 0.683594 0.312988 0.00976562 0.0283203
0 0.441895 0.466309 0.0146484 0.0322266
0 0.653809 0.371094 0.0205078 0.0136719
0 0.580566 0.32373 0.0166016 0.0185547
0 0.44043 0.58252 0.0214844 0.0244141
0 0.34668 0.560547 0.0195312 0.015625
0 0.492188 0.346191 0.0175781 0.0205078
0 0.726074 0.328125 0.0185547 0.0214844
0 0.723633 0.347656 0.0117188 0.0234375
0 0.490723 0.699707 0.0166016 0.0263672
0 0.664551 0.307129 0.0166016 0.0224609
0 0.633789 0.481445 0.0117188 0.03125
0 0.524414 0.725586 0.0175781 0.0234375
0 0.46582 0.274902 0.0195312 0.0146484
0 0.477539 0.586914 0.0195312 0.0195312
