0 0.0317383 0.632812 0.0615234 0.0351562
0 0.634277 0.740723 0.0380859 0.0439453
0 0.474609 0.645508 0.046875 0.0175781
0 0.429199 0.841797 0.0185547 0.0625
0 0.450195 0.481445 0.0332031 0.0644531
0 0.497559 0.608398 0.0322266 0.0429688
0 0.986328 0.898926 0.0273438 0.0283203
0 0.498535 0.571289 0.0478516 0.0761719
0 0.271973 0.611328 0.0556641 0.09375
0 0.221191 0.482422 0.0556641 0.0488281
0 0.283691 0.458984 0.0185547 0.0625
0 0.729492 0.62793 0.0546875 0.0332031
0 0.412598 0.637207 0.0205078 0.0712891
1 0.520508 0.409668 0.126953 0.157227
0 0.439453 0.53125 0.0351562 0.0507812
0 0.237793 0.553711 0.0322266 0.0566406
0 0.341797 0.0610352 0.03125 0.0810547
0 0.47168 0.616211 0.0214844 0.0566406
0 0.790527 0.62207 0.0498047 0.0722656
0 0.430664 0.666992 0.0527344 0.0371094
0 0.476562 0.664551 0.0546875 0.0458984
0 0.64209 0.702148 0.0185547 0.0625
0 0.797852 0.547852 0.0566406 0.0292969
0 0.666992 0.635742 0.0136719 0.0566406
0 0.692383 0.619141 0.0410156 0.0546875
0 0.229492 0.51123 0.0332031 0.0615234
0 0.526855 0.255371 0.0458984 0.0810547
0 0.435547 0.614746 0.0273438 0.0712891
0 0.541992 0.132324 0.0371094 0.0791016
0 0.612305 0.697754 0.0390625 0.0595703
0 0.455078 0.432617 0.0195312 0.0800781
0 0.316406 0.45166 0.0488281 0.0322266
0 0.674805 0.593262 0.0527344 0.0302734
0 0.258789 0.50293 0.0410156 0.0449219
0 0.626953 0.639648 0.0195312 0.0742188
0 0.183105 0.526367 0.0556641 0.0273438
0 0.647461 0.487793 0.0371094 0.0712891
0 0.671875 0.478516 0.0273438 0.0703125
0 0.21875 0.559082 0.0332031 0.0615234
0 0.629395 0.524414 0.0615234 0.0332031
0 0.463379 0.57666 0.0498047 0.0302734
0 0.467285 0.525391 0.0478516 0.0820312
0 0.0317383 0.461914 0.0537109 0.0449219
0 0.212891 0.328125 0.0410156 0.0683594
0 0.211426 0.753906 0.0322266 0.0683594
0 0.76123 0.635742 0.0244141 0.0664062
0 0.850098 0.13623 0.0576172 0.0478516
0 0.272461 0.524902 0.0449219 0.0419922
0 0.0332031 0.505859 0.0566406 0.0253906
0 0.301758 0.485352 0.0371094 0.0488281
0 0.429199 0.29248 0.0537109 0.0537109
0 0.660156 0.5625 0.0429688 0.0449219
0 0.166992 0.558594 0.0488281 0.0546875
0 0.242188 0.265137 0.0449219 0.0595703
0 0.708008 0.681152 0.0449219 0.0439453
0 0.632812 0.450195 0.0390625 0.0683594
0 0.456055 0.214355 0.0488281 0.0673828
