0 0.626465 0.279785 0.0537109 0.0224609
0 0.726562 0.532227 0.0488281 0.0292969
0 0.655762 0.311035 0.0556641 0.0419922
0 0.349609 0.411621 0.0664062 0.0283203
0 0.619141 0.254883 0.0507812 0.0234375
0 0.710938 0.611328 0.0507812 0.0273438
0 0.593262 0.398438 0.0673828 0.0351562
0 0.133301 0.335449 0.0458984 0.0361328
0 0.759766 0.546387 0.0351562 0.0400391
0 0.75 0.662598 0.0507812 0.0263672
0 0.394531 0.783203 0.0488281 0.0292969
0 0.783691 0.757812 0.0419922 0.0410156
0 0.40332 0.635742 0.046875 0.0390625
0 0.452148 0.629395 0.046875 0.0341797
