0 0.211914 0.481445 0.0390625 0.0136719
0 0.566406 0.644043 0.0585938 0.0146484
0 0.318848 0.569336 0.0751953 0.0175781
0 0.341797 0.275391 0.0625 0.046875
0 0.777832 0.206055 0.0341797 0.0527344
0 0.337402 0.586914 0.0556641 0.0292969
0 0.573242 0.329102 0.0878906 0.0332031
0 0.560059 0.571289 0.0576172 0.0332031
0 0.555176 0.458496 0.0888672 0.0361328
0 0.193359 0.452637 0.078125 0.0185547
0 0.461914 0.436523 0.0839844 0.0214844
0 0.105957 0.688477 0.0732422 0.0410156
0 0.652344 0.568359 0.0703125 0.0390625
