0 0.654785 0.474609 0.0615234 0.0234375
0 0.377441 0.546387 0.0654297 0.0263672
0 0.593262 0.479492 0.0283203 0.0449219
0 0.678223 0.469727 0.0849609 0.0214844
0 0.631836 0.419434 0.0605469 0.0244141
0 0.591797 0.45166 0.0625 0.0302734
0 0.797852 0.553223 0.0625 0.0400391
0 0.555664 0.453613 0.0253906 0.0439453
0 0.226074 0.482422 0.0439453 0.0273438
0 0.604492 0.400391 0.0292969 0.0429688
0 0.411621 0.466309 0.0380859 0.0322266
0 0.695312 0.41748 0.0351562 0.0458984
0 0.749023 0.439453 0.0644531 0.015625
0 0.543945 0.46582 0.0292969 0.0449219
0 0.286621 0.445801 0.0693359 0.0263672
0 0.5625 0.356934 0.0546875 0.0322266
0 0.527344 0.370117 0.0605469 0.0253906
0 0.561523 0.527344 0.0566406 0.0234375
0 0.524902 0.491699 0.0302734 0.0478516
0 0.411621 0.363281 0.0283203 0.046875
0 0.448242 0.466797 0.0253906 0.0546875
0 0.672852 0.423828 0.0253906 0.0507812
0 0.691406 0.493164 0.0664062 0.0292969
0 0.642578 0.52832 0.0488281 0.0292969
0 0.56543 0.404785 0.0351562 0.0380859
0 0.542969 0.537109 0.0683594 0.0195312
0 0.388672 0.481445 0.0507812 0.0410156
0 0.500977 0.576172 0.0683594 0.0273438
0 0.701172 0.55957 0.0625 0.0214844
0 0.555664 0.499023 0.0488281 0.0410156
0 0.788574 0.446777 0.0712891 0.0185547
0 0.436523 0.352051 0.0449219 0.0419922
0 0.385254 0.392578 0.0302734 0.0449219
0 0.52002 0.425293 0.0478516 0.0400391
0 0.77832 0.55957 0.0683594 0.0371094
0 0.48291 0.594727 0.0419922 0.0410156
0 0.82666 0.530762 0.0712891 0.0205078
0 0.725586 0.34082 0.0703125 0.0253906
0 0.421387 0.556641 0.0361328 0.046875
0 0.299805 0.520996 0.0273438 0.0419922
0 0.364746 0.505371 0.0634766 0.0361328
0 0.666992 0.509277 0.0488281 0.0380859
0 0.701172 0.619141 0.0761719 0.0292969
0 0.626465 0.495117 0.0498047 0.03125
0 0.496582 0.338867 0.0576172 0.0410156
0 0.822754 0.500488 0.0478516 0.0439453
0 0.589844 0.623047 0.0664062 0.0390625
0 0.78125 0.521484 0.0644531 0.03125
0 0.661133 0.546875 0.0644531 0.0273438
0 0.59375 0.646973 0.0585938 0.0380859
0 0.664551 0.582031 0.0498047 0.0390625
0 0.487793 0.5 0.0537109 0.0390625
0 0.623047 0.60791 0.046875 0.0498047
0 0.596191 0.543457 0.0517578 0.0263672
0 0.915039 0.476074 0.0410156 0.0517578
0 0.76123 0.72168 0.0341797 0.0488281
0 0.545898 0.630859 0.0507812 0.046875
