0 0.45166 0.313965 0.0205078 0.0439453
0 0.461914 0.639648 0.0195312 0.046875
0 0.562012 0.318359 0.0185547 0.0332031
0 0.594238 0.512695 0.0166016 0.0351562
0 0.587891 0.460449 0.0195312 0.0400391
0 0.443848 0.609375 0.0185547 0.0488281
0 0.605957 0.67041 0.0126953 0.0478516
0 0.593262 0.702637 0.0263672 0.0263672
0 0.367188 0.510742 0.0195312 0.0429688
0 0.48584 0.269043 0.0205078 0.0439453
0 0.581543 0.821289 0.0224609 0.046875
0 0.561035 0.832031 0.0126953 0.0488281
0 0.525879 0.833008 0.0263672 0.0273438
0 0.416504 0.543945 0.0166016 0.0527344
0 0.59375 0.689941 0.0253906 0.0244141
0 0.545898 0.212891 0.0175781 0.0566406
0 0.692871 0.482422 0.0146484 0.0507812
0 0.482422 0.789062 0.0195312 0.0488281
0 0.460938 0.28418 0.0136719 0.0488281
0 0.349609 0.462402 0.0214844 0.0283203
0 0.614746 0.674805 0.0166016 0.0429688
0 0.460938 0.355957 0.0175781 0.0517578
0 0.374023 0.397949 0.0136719 0.0517578
0 0.62207 0.75 0.0195312 0.0371094
0 0.413086 0.53418 0.0136719 0.0507812
0 0.48584 0.680176 0.0224609 0.0361328
0 0.385254 0.470215 0.0185547 0.0498047
0 0.435547 0.650879 0.0175781 0.0361328
0 0.43457 0.617676 0.0214844 0.0478516
0 0.382812 0.632812 0.0175781 0.0488281
0 0.505371 0.789062 0.0263672 0.0292969
0 0.472168 0.496094 0.0244141 0.0488281
0 0.48584 0.806152 0.0205078 0.0478516
0 0.572266 0.681152 0.0253906 0.0263672
0 0.383301 0.400391 0.0146484 0.0546875
0 0.390137 0.594727 0.0146484 0.0507812
0 0.380371 0.495117 0.0185547 0.0410156
0 0.505371 0.503418 0.0263672 0.0224609
0 0.553711 0.331543 0.0195312 0.0537109
0 0.788086 0.621582 0.015625 0.0400391
0 0.623535 0.705078 0.0166016 0.0429688
0 0.555176 0.266113 0.0224609 0.0400391
0 0.552246 0.254395 0.0283203 0.0361328
0 0.459473 0.515625 0.0283203 0.0273438
0 0.59082 0.666016 0.0214844 0.0390625
0 0.499512 0.841797 0.0244141 0.0410156
0 0.442871 0.51123 0.0205078 0.0380859
0 0.486816 0.503418 0.0244141 0.0419922
0 0.38916 0.521973 0.0146484 0.0498047
0 0.493164 0.317383 0.0136719 0.0449219
0 0.545898 0.362305 0.015625 0.0449219
0 0.514648 0.808105 0.0273438 0.0224609
0 0.539062 0.455078 0.015625 0.046875
0 0.556152 0.580566 0.0146484 0.0498047
0 0.527832 0.440918 0.0126953 0.0498047
0 0.402832 0.480957 0.0185547 0.0458984
0 0.538086 0.382812 0.0234375 0.0390625
0 0.537109 0.226074 0.015625 0.0556641
0 0.553711 0.616211 0.0175781 0.0449219
0 0.354492 0.501953 0.015625 0.0546875
0 0.501465 0.772949 0.0283203 0.0263672
0 0.489258 0.623535 0.0253906 0.0458984
0 0.404297 0.532227 0.0117188 0.0488281
0 0.871582 0.556152 0.0224609 0.0322266
0 0.526855 0.820312 0.0283203 0.0273438
0 0.66748 0.698242 0.0263672 0.0429688
0 0.550781 0.845703 0.0195312 0.0449219
0 0.722656 0.727539 0.0234375 0.046875
0 0.581543 0.516602 0.0185547 0.0488281
0 0.600098 0.423828 0.0146484 0.0527344
0 0.566406 0.572754 0.015625 0.0478516
0 0.708496 0.644531 0.0263672 0.0371094
0 0.599121 0.488281 0.0283203 0.0390625
0 0.362305 0.462891 0.015625 0.0429688
0 0.452148 0.671387 0.0195312 0.0341797
0 0.500977 0.304688 0.0136719 0.0507812
0 0.516113 0.85498 0.0224609 0.0400391
0 0.506836 0.659668 0.0234375 0.0341797
0 0.507324 0.686035 0.0185547 0.0419922
0 0.47168 0.61084 0.0273438 0.0419922
0 0.342773 0.492188 0.015625 0.0488281
0 0.505371 0.609863 0.0185547 0.0439453
0 0.57666 0.649902 0.0263672 0.0341797
0 0.561523 0.649902 0.0292969 0.0244141
0 0.57666 0.589355 0.0263672 0.0361328
0 0.418457 0.625488 0.0263672 0.0283203
0 0.553711 0.487793 0.0195312 0.0361328
0 0.371582 0.633789 0.0185547 0.0507812
0 0.448242 0.290527 0.0253906 0.0361328
0 0.415039 0.801758 0.0292969 0.03125
0 0.529785 0.796387 0.0283203 0.0302734
0 0.447266 0.832031 0.0234375 0.0410156
0 0.528809 0.509277 0.0166016 0.0458984
0 0.475586 0.291016 0.0253906 0.0332031
0 0.452148 0.706055 0.015625 0.0507812
0 0.511719 0.519043 0.0273438 0.0263672
0 0.410156 0.498047 0.0273438 0.0351562
0 0.53125 0.299805 0.0234375 0.0253906
0 0.492676 0.591309 0.0244141 0.0224609
0 0.368164 0.483398 0.0195312 0.0332031
0 0.456055 0.37207 0.0195312 0.0507812
0 0.513184 0.878906 0.0244141 0.0234375
0 0.34668 0.226074 0.03125 0.0517578
0 0.322266 0.705078 0.0234375 0.0449219
0 0.540039 0.415039 0.0195312 0.0429688
0 0.856445 0.716797 0.0195312 0.0507812
0 0.786133 0.571289 0.015625 0.0527344
0 0.634277 0.501953 0.0283203 0.03125
0 0.576172 0.498535 0.0136719 0.0439453
0 0.383301 0.547852 0.0244141 0.0410156
0 0.478027 0.675781 0.0185547 0.0390625
0 0.517578 0.430664 0.015625 0.0527344
0 0.464844 0.809082 0.0175781 0.0537109
0 0.522949 0.577637 0.0205078 0.0400391
0 0.683594 0.48291 0.0136719 0.0517578
0 0.415527 0.775391 0.0244141 0.0429688
0 0.507812 0.582031 0.0175781 0.0449219
0 0.512207 0.486328 0.0224609 0.0410156
0 0.647949 0.379883 0.0166016 0.0507812
0 0.46582 0.248535 0.0292969 0.0263672
0 0.680664 0.711426 0.015625 0.0517578
0 0.655273 0.21582 0.0175781 0.0546875
0 0.418945 0.65918 0.0136719 0.0507812
0 0.475586 0.354004 0.0175781 0.0537109
0 0.637207 0.538086 0.0341797 0.0390625
0 0.621094 0.661621 0.0234375 0.0400391
0 0.550781 0.538574 0.0214844 0.0380859
0 0.360352 0.405273 0.0273438 0.03125
0 0.399902 0.424316 0.0302734 0.0244141
0 0.571289 0.708984 0.0195312 0.0488281
0 0.319336 0.491211 0.0292969 0.0292969
0 0.612305 0.418945 0.0195312 0.0507812
0 0.402344 0.349609 0.0234375 0.0546875
0 0.475586 0.310547 0.0234375 0.0332031
0 0.773438 0.743164 0.0332031 0.0351562
0 0.433105 0.529297 0.0205078 0.0410156
0 0.779297 0.259766 0.0214844 0.0527344
0 0.636719 0.753906 0.0253906 0.0332031
0 0.524902 0.680176 0.0166016 0.0458984
0 0.496582 0.263672 0.0263672 0.0410156
0 0.592773 0.384277 0.0332031 0.0283203
0 0.535645 0.495605 0.0244141 0.0400391
0 0.699707 0.705078 0.0283203 0.0273438
0 0.483398 0.65332 0.0273438 0.0234375
0 0.559082 0.515137 0.0185547 0.0439453
0 0.367188 0.604004 0.0292969 0.0283203
0 0.863281 0.44043 0.0273438 0.0332031
0 0.665527 0.237793 0.0185547 0.0458984
0 0.577148 0.546387 0.0234375 0.0302734
0 0.603516 0.326172 0.0234375 0.0292969
0 0.633789 0.189453 0.015625 0.0585938
0 0.553711 0.297852 0.0292969 0.0351562
0 0.600586 0.883301 0.0136719 0.0498047
0 0.357422 0.424805 0.0351562 0.0234375
0 0.442871 0.794922 0.0283203 0.0332031
0 0.737305 0.623047 0.0195312 0.0429688
0 0.398438 0.617676 0.0195312 0.0498047
0 0.59375 0.785645 0.0292969 0.0263672
0 0.546875 0.874512 0.0292969 0.0283203
0 0.445312 0.478516 0.0175781 0.0507812
0 0.713379 0.543945 0.0205078 0.0527344
0 0.551758 0.810059 0.0273438 0.0380859
0 0.293945 0.39502 0.0195312 0.0517578
0 0.757812 0.625 0.0292969 0.0292969
0 0.79248 0.328125 0.0263672 0.0410156
0 0.569336 0.475586 0.0234375 0.03125
0 0.379395 0.22998 0.0322266 0.0419922
0 0.695312 0.373047 0.0195312 0.0527344
0 0.487793 0.571289 0.0263672 0.03125
0 0.633789 0.828613 0.0292969 0.0302734
0 0.621094 0.266113 0.0214844 0.0498047
0 0.60791 0.723633 0.0283203 0.0273438
0 0.717285 0.596191 0.0224609 0.0556641
0 0.275391 0.419434 0.0195312 0.0400391
0 0.799316 0.349609 0.0205078 0.0507812
0 0.379883 0.438965 0.03125 0.0244141
0 0.505859 0.353516 0.0253906 0.0390625
0 0.622559 0.455078 0.0263672 0.0292969
0 0.602051 0.258301 0.0146484 0.0556641
0 0.368164 0.568848 0.0214844 0.0478516
0 0.723633 0.217773 0.0195312 0.0546875
0 0.570312 0.404297 0.0273438 0.0410156
0 0.623535 0.793457 0.0263672 0.0380859
0 0.496094 0.463867 0.03125 0.0273438
0 0.660156 0.34668 0.0292969 0.0292969
0 0.602051 0.814453 0.0185547 0.0449219
0 0.640625 0.249023 0.0273438 0.0429688
0 0.40918 0.584473 0.0292969 0.0263672
0 0.707031 0.793945 0.0214844 0.0507812
0 0.66748 0.870605 0.0322266 0.0283203
0 0.728516 0.689453 0.0234375 0.0449219
0 0.438965 0.263672 0.0302734 0.0390625
0 0.469727 0.752441 0.0195312 0.0400391
0 0.310547 0.558594 0.0273438 0.0429688
0 0.470703 0.728516 0.0214844 0.0371094
0 0.810059 0.639648 0.0322266 0.0273438
0 0.706543 0.763184 0.0244141 0.0380859
0 0.470215 0.199707 0.0283203 0.0380859
0 0.640137 0.847168 0.0283203 0.0263672
0 0.441406 0.400391 0.0195312 0.0546875
0 0.399902 0.395508 0.0205078 0.0488281
0 0.633789 0.42041 0.0214844 0.0458984
0 0.665039 0.736816 0.0214844 0.0458984
0 0.445312 0.732422 0.0195312 0.0566406
0 0.523926 0.64502 0.0205078 0.0517578
0 0.527344 0.76416 0.0234375 0.0498047
0 0.513184 0.71875 0.0283203 0.0332031
0 0.769043 0.580078 0.0185547 0.0566406
0 0.76709 0.490234 0.0205078 0.0566406
0 0.610352 0.44873 0.0214844 0.0419922
0 0.615234 0.210449 0.0234375 0.0478516
0 0.602051 0.763672 0.0341797 0.0292969
0 0.584473 0.257812 0.0244141 0.0449219
0 0.557617 0.896973 0.03125 0.0283203
0 0.712402 0.669434 0.0283203 0.0302734
0 0.574219 0.60791 0.0273438 0.0302734
0 0.670898 0.162109 0.03125 0.0332031
0 0.539062 0.930176 0.0332031 0.0302734
0 0.73291 0.468262 0.0263672 0.0478516
0 0.527344 0.336914 0.0195312 0.0410156
0 0.493652 0.750977 0.0283203 0.0351562
0 0.771973 0.648438 0.0244141 0.03125
0 0.677246 0.42334 0.0205078 0.0498047
0 0.839355 0.424316 0.0263672 0.0498047
0 0.589844 0.730469 0.0253906 0.0410156
0 0.625 0.347168 0.0371094 0.0302734
0 0.528809 0.950195 0.0283203 0.03125
0 0.575684 0.839844 0.0185547 0.046875
0 0.587891 0.414551 0.0175781 0.0517578
0 0.652344 0.312012 0.0195312 0.0537109
0 0.584961 0.632324 0.0292969 0.0322266
0 0.603516 0.567871 0.0234375 0.0400391
0 0.525391 0.551758 0.0253906 0.0371094
0 0.569336 0.349609 0.0214844 0.0449219
0 0.623535 0.308105 0.0322266 0.0302734
0 0.598145 0.854492 0.0224609 0.0429688
0 0.680176 0.274414 0.0224609 0.0566406
0 0.592285 0.352051 0.0244141 0.0380859
0 0.611816 0.168945 0.0263672 0.0449219
0 0.637695 0.675293 0.0253906 0.0498047
0 0.484863 0.891602 0.0302734 0.0351562
0 0.508789 0.904297 0.0214844 0.0449219
0 0.32959 0.51709 0.0205078 0.0478516
0 0.650391 0.882324 0.0273438 0.0361328
0 0.435059 0.683594 0.0205078 0.0390625
0 0.741699 0.283691 0.0283203 0.0458984
0 0.608887 0.530273 0.0263672 0.0371094
0 0.488281 0.712891 0.0253906 0.0449219
0 0.650879 0.505859 0.0283203 0.0390625
0 0.772461 0.536133 0.03125 0.0429688
