0 0.682617 0.649414 0.0566406 0.0527344
0 0.566406 0.774414 0.0742188 0.0761719
0 0.561523 0.319824 0.0761719 0.0537109
0 0.373535 0.60791 0.0615234 0.0693359
0 0.231445 0.70459 0.0527344 0.0869141
0 0.634766 0.438965 0.0625 0.0810547
0 0.647461 0.469727 0.0664062 0.0527344
0 0.460449 0.572754 0.0400391 0.0771484
0 0.327148 0.555176 0.0410156 0.0927734
0 0.21582 0.545898 0.0449219 0.09375
0 0.74707 0.416504 0.0683594 0.0615234
0 0.350586 0.291016 0.0664062 0.0664062
0 0.0722656 0.202148 0.0585938 0.101562
0 0.576172 0.245605 0.0664062 0.0615234
0 0.55957 0.556152 0.0566406 0.0830078
