0 0.187012 0.271484 0.0361328 0.0605469
0 0.365234 0.595215 0.03125 0.0634766
0 0.477051 0.278809 0.0283203 0.0595703
0 0.669434 0.821289 0.0263672 0.0585938
0 0.401367 0.854492 0.0292969 0.0625
0 0.0737305 0.525391 0.0302734 0.0488281
0 0.211426 0.164062 0.0263672 0.0683594
0 0.783691 0.179199 0.0517578 0.0517578
0 0.376465 0.547363 0.0283203 0.0556641
0 0.331543 0.847656 0.0361328 0.0546875
0 0.424805 0.650391 0.0292969 0.0527344
0 0.0820312 0.378418 0.03125 0.0673828
0 0.560547 0.504883 0.046875 0.0429688
0 0.647949 0.626465 0.0341797 0.0615234
0 0.367676 0.29541 0.0283203 0.0634766
0 0.269043 0.473633 0.0302734 0.0566406
0 0.484863 0.32666 0.0283203 0.0634766
0 0.150879 0.494141 0.0263672 0.0625
0 0.494141 0.568848 0.0253906 0.0595703
0 0.533203 0.318848 0.0292969 0.0673828
0 0.136719 0.539062 0.0488281 0.0390625
0 0.714844 0.951172 0.0527344 0.0566406
0 0.648926 0.703125 0.0322266 0.0683594
0 0.496582 0.610352 0.0458984 0.0371094
0 0.0258789 0.369141 0.0380859 0.0527344
0 0.389648 0.523438 0.0332031 0.0566406
0 0.40918 0.319336 0.0449219 0.0527344
