0 0.449707 0.594238 0.0283203 0.0146484
0 0.435547 0.537598 0.0332031 0.0244141
0 0.443359 0.515137 0.03125 0.0322266
0 0.433594 0.616699 0.0273438 0.0224609
0 0.424316 0.623535 0.0263672 0.0341797
0 0.438477 0.529297 0.0332031 0.0195312
0 0.652344 0.599609 0.0332031 0.0410156
0 0.413574 0.628906 0.0166016 0.0332031
0 0.441895 0.50293 0.0283203 0.0390625
0 0.428223 0.596191 0.0302734 0.0302734
0 0.46875 0.475098 0.0292969 0.0498047
0 0.433594 0.554688 0.0332031 0.0175781
0 0.653809 0.578125 0.0498047 0.0800781
0 0.668457 0.64209 0.0205078 0.0478516
0 0.640625 0.610352 0.0332031 0.03125
0 0.669434 0.681641 0.0419922 0.0546875
0 0.427734 0.478027 0.0273438 0.0146484
0 0.441895 0.575195 0.0302734 0.03125
0 0.458008 0.647949 0.0332031 0.0205078
0 0.45752 0.685547 0.0400391 0.0253906
0 0.513672 0.723145 0.0253906 0.0185547
0 0.457031 0.564453 0.0117188 0.0488281
0 0.322266 0.560547 0.046875 0.0527344
0 0.420898 0.514648 0.0214844 0.0332031
0 0.380371 0.563477 0.0283203 0.0351562
0 0.759277 0.542969 0.0302734 0.0546875
0 0.396484 0.63916 0.0292969 0.0341797
0 0.47168 0.626465 0.0351562 0.0166016
0 0.476074 0.587891 0.0302734 0.0253906
0 0.55127 0.760742 0.0341797 0.0234375
0 0.393066 0.659668 0.0302734 0.0322266
0 0.416992 0.567383 0.03125 0.03125
0 0.438477 0.658691 0.0332031 0.0361328
0 0.38623 0.550293 0.0224609 0.0341797
0 0.396484 0.602539 0.0253906 0.0292969
0 0.483887 0.429199 0.0341797 0.0380859
0 0.381348 0.613281 0.0322266 0.0234375
0 0.53418 0.733398 0.0195312 0.0429688
