0 0.674805 0.450684 0.0429688 0.0244141
0 0.697754 0.289551 0.0556641 0.0517578
0 0.459473 0.363281 0.0537109 0.0371094
0 0.539551 0.781738 0.0576172 0.0498047
0 0.518066 0.419922 0.0341797 0.0703125
0 0.800293 0.42041 0.0458984 0.0263672
0 0.655762 0.624512 0.0400391 0.0576172
0 0.528809 0.552246 0.0517578 0.0458984
0 0.628906 0.736328 0.046875 0.0527344
0 0.328125 0.458984 0.0195312 0.0527344
0 0.795898 0.57373 0.0507812 0.0361328
0 0.736328 0.660645 0.0371094 0.0556641
0 0.583496 0.642578 0.0517578 0.03125
0 0.421875 0.330078 0.0527344 0.0429688
0 0.564941 0.737305 0.0419922 0.0351562
0 0.662598 0.765625 0.0478516 0.046875
0 0.518066 0.769043 0.0537109 0.0458984
0 0.536133 0.821289 0.0625 0.046875
0 0.505371 0.69873 0.0341797 0.0595703
0 0.606934 0.576172 0.0517578 0.0488281
