0 0.464844 0.476074 0.0625 0.0400391
0 0.553223 0.584961 0.0771484 0.0527344
0 0.446289 0.514648 0.0859375 0.0742188
0 0.396973 0.576172 0.0791016 0.0507812
0 0.651367 0.498535 0.0742188 0.0439453
0 0.310059 0.494141 0.0693359 0.0820312
0 0.558594 0.547363 0.078125 0.0595703
0 0.497559 0.598633 0.0498047 0.0917969
0 0.358887 0.550293 0.0830078 0.0400391
0 0.563477 0.620605 0.0878906 0.0537109
0 0.408203 0.523438 0.0585938 0.0644531
0 0.601562 0.645508 0.0644531 0.0683594
1 0.694336 0.433594 0.203125 0.0976562
0 0.291992 0.558105 0.0625 0.0712891
0 0.194824 0.523438 0.0673828 0.0761719
1 0.839844 0.726562 0.220703 0.201172
