0 0.470703 0.578613 0.0175781 0.0244141
0 0.563965 0.682129 0.0224609 0.0166016
0 0.562012 0.655762 0.0361328 0.0107422
0 0.409668 0.818359 0.0205078 0.0214844
0 0.456543 0.403809 0.0302734 0.0146484
0 0.623047 0.608887 0.0625 0.0107422
0 0.691406 0.785156 0.0332031 0.0195312
0 0.394531 0.791016 0.0429688 0.0136719
0 0.73584 0.995605 0.0341797 0.00878906
0 0.432617 0.757324 0.0195312 0.0224609
0 0.664551 0.771484 0.0380859 0.0214844
0 0.415039 0.750977 0.0214844 0.0234375
0 0.473633 0.39502 0.03125 0.0244141
0 0.618164 0.653809 0.0410156 0.0185547
0 0.655273 0.641113 0.0488281 0.0205078
0 0.857422 0.609375 0.0527344 0.00976562
0 0.587891 0.651367 0.0253906 0.0214844
0 0.638672 0.628418 0.0507812 0.0146484
0 0.787598 0.990234 0.0439453 0.0175781
0 0.466309 0.437012 0.0439453 0.0205078
0 0.65332 0.748535 0.03125 0.0224609
0 0.725586 0.763672 0.046875 0.0175781
0 0.795898 0.748535 0.0390625 0.0205078
0 0.553223 0.314453 0.0400391 0.0273438
