0 0.00585938 0.550781 0.0117188 0.0546875
0 0.00537109 0.615234 0.0107422 0.0644531
0 0.316895 0.40918 0.0361328 0.0410156
0 0.368652 0.791504 0.0322266 0.0615234
0 0.379883 0.779297 0.0527344 0.0585938
0 0.0795898 0.360352 0.0537109 0.0410156
0 0.379883 0.402344 0.0605469 0.0390625
0 0.519043 0.803711 0.0263672 0.0566406
0 0.140137 0.529297 0.0517578 0.0546875
0 0.208984 0.699219 0.0332031 0.0605469
0 0.197754 0.391113 0.0458984 0.0478516
0 0.0615234 0.659668 0.0449219 0.0341797
0 0.466309 0.422363 0.0537109 0.0419922
0 0.330078 0.647461 0.03125 0.0605469
0 0.191895 0.822266 0.0537109 0.0371094
0 0.184082 0.793945 0.0458984 0.0449219
0 0.36377 0.828125 0.0537109 0.0429688
0 0.0810547 0.803711 0.0566406 0.0410156
0 0.115723 0.79248 0.0498047 0.0478516
0 0.511719 0.428711 0.0449219 0.0488281
