0 0.368164 0.455566 0.0253906 0.0244141
0 0.415039 0.821289 0.0234375 0.03125
0 0.337891 0.369141 0.0195312 0.0429688
0 0.571777 0.366211 0.0166016 0.0488281
0 0.466797 0.79834 0.0390625 0.0263672
0 0.467773 0.756836 0.0253906 0.0351562
0 0.495605 0.618164 0.0478516 0.0234375
0 0.474609 0.742676 0.0234375 0.0322266
0 0.611328 0.388184 0.015625 0.0361328
0 0.515137 0.603516 0.0380859 0.0214844
0 0.271973 0.631348 0.0244141 0.0283203
0 0.445801 0.759277 0.0166016 0.0498047
0 0.355469 0.352051 0.0371094 0.0244141
0 0.429688 0.802734 0.0371094 0.0234375
0 0.425293 0.742188 0.0283203 0.0449219
0 0.584473 0.470703 0.0263672 0.0429688
0 0.280762 0.580078 0.0126953 0.0488281
0 0.603027 0.378418 0.0263672 0.0439453
0 0.337891 0.652832 0.0371094 0.0283203
0 0.527832 0.622559 0.0400391 0.0244141
0 0.297852 0.560547 0.0292969 0.0371094
0 0.407227 0.772949 0.0195312 0.0537109
0 0.4375 0.180176 0.0332031 0.0322266
0 0.593262 0.627441 0.0185547 0.0400391
0 0.583496 0.367188 0.0185547 0.046875
0 0.570312 0.495117 0.015625 0.0507812
0 0.314453 0.601562 0.0195312 0.046875
0 0.674316 0.350098 0.0205078 0.0556641
0 0.410156 0.605957 0.0332031 0.0283203
0 0.381836 0.415527 0.0332031 0.0244141
0 0.435547 0.477539 0.015625 0.0566406
0 0.292969 0.623047 0.0351562 0.0292969
0 0.364258 0.37207 0.0351562 0.0273438
0 0.529785 0.51123 0.0322266 0.0302734
0 0.415039 0.291504 0.0332031 0.0185547
0 0.34082 0.582031 0.0371094 0.0253906
0 0.435547 0.708984 0.0332031 0.0175781
0 0.370117 0.341797 0.0390625 0.0234375
0 0.359375 0.705078 0.0273438 0.0371094
0 0.588867 0.511719 0.0195312 0.0449219
0 0.424316 0.848145 0.0341797 0.0263672
0 0.713379 0.40332 0.0419922 0.0234375
0 0.601562 0.47168 0.0292969 0.0390625
0 0.61084 0.350098 0.0205078 0.0458984
0 0.458984 0.392578 0.0175781 0.0507812
0 0.362305 0.679199 0.0292969 0.0185547
0 0.345703 0.552734 0.0390625 0.0253906
0 0.639648 0.630371 0.0390625 0.0263672
0 0.359375 0.410645 0.0292969 0.0458984
0 0.651855 0.651367 0.0380859 0.0195312
0 0.304199 0.381836 0.0205078 0.0507812
0 0.433105 0.597656 0.0185547 0.0527344
0 0.399414 0.727051 0.03125 0.0244141
0 0.646973 0.505371 0.0302734 0.0380859
0 0.367188 0.487305 0.0371094 0.0292969
0 0.673828 0.310059 0.0410156 0.0205078
0 0.658203 0.345703 0.015625 0.0410156
0 0.705078 0.42627 0.0351562 0.0322266
0 0.502441 0.805176 0.0361328 0.0263672
0 0.347656 0.606934 0.0351562 0.0244141
0 0.435547 0.549316 0.0273438 0.0361328
0 0.621094 0.553711 0.0351562 0.0390625
0 0.570312 0.319336 0.0253906 0.0390625
0 0.349609 0.453613 0.0195312 0.0439453
0 0.352539 0.632324 0.0351562 0.0263672
0 0.314453 0.543457 0.0234375 0.0458984
0 0.650391 0.585938 0.0390625 0.0195312
0 0.399902 0.67041 0.0400391 0.0205078
0 0.462891 0.723633 0.0253906 0.0429688
0 0.651367 0.373047 0.03125 0.0449219
0 0.354492 0.269043 0.0292969 0.0419922
0 0.53418 0.379395 0.0234375 0.0400391
0 0.517578 0.501465 0.0234375 0.0341797
0 0.456055 0.47998 0.0195312 0.0517578
0 0.321289 0.438477 0.0214844 0.0449219
0 0.339844 0.723145 0.0214844 0.0400391
0 0.683594 0.380859 0.0351562 0.0488281
0 0.397949 0.57666 0.0322266 0.0380859
0 0.661133 0.459961 0.0234375 0.0371094
0 0.489258 0.851562 0.0332031 0.0332031
0 0.338379 0.207031 0.0205078 0.0507812
0 0.651367 0.42627 0.0371094 0.0302734
0 0.587402 0.59668 0.0302734 0.0449219
0 0.418457 0.512695 0.0205078 0.046875
0 0.430176 0.392578 0.0302734 0.0332031
0 0.389648 0.391602 0.0332031 0.03125
0 0.462402 0.599121 0.0283203 0.0478516
0 0.471191 0.548828 0.0341797 0.0351562
