0 0.52832 0.447266 0.0175781 0.046875
0 0.537109 0.445801 0.0234375 0.0478516
0 0.517578 0.59082 0.0429688 0.0292969
0 0.518555 0.440918 0.0253906 0.0419922
0 0.515625 0.62207 0.03125 0.0371094
0 0.379395 0.589355 0.0283203 0.0419922
0 0.375977 0.472656 0.0214844 0.046875
0 0.516602 0.37793 0.03125 0.0449219
0 0.587891 0.533203 0.0273438 0.0429688
0 0.397461 0.484375 0.0332031 0.0332031
0 0.354004 0.472656 0.0224609 0.0507812
0 0.378418 0.406738 0.0302734 0.0556641
0 0.436523 0.646973 0.0410156 0.0419922
0 0.410156 0.583984 0.0273438 0.0390625
0 0.540527 0.948242 0.0185547 0.0371094
0 0.489258 0.662109 0.0351562 0.03125
