0 0.477539 0.365723 0.0214844 0.0244141
0 0.575684 0.439453 0.0126953 0.0371094
0 0.559082 0.385742 0.0224609 0.0273438
0 0.61377 0.38916 0.0224609 0.0283203
0 0.452637 0.645996 0.0341797 0.0185547
0 0.434082 0.632324 0.0302734 0.0224609
0 0.387207 0.620117 0.0185547 0.0371094
0 0.568848 0.466309 0.0244141 0.0244141
0 0.606445 0.439941 0.0117188 0.0361328
0 0.553711 0.368164 0.015625 0.0351562
0 0.37793 0.647949 0.0214844 0.0322266
0 0.486328 0.598633 0.0195312 0.0371094
0 0.394531 0.501953 0.0234375 0.0410156
0 0.410156 0.616699 0.0273438 0.0205078
0 0.378906 0.583984 0.0253906 0.0234375
0 0.524902 0.621582 0.0185547 0.0322266
0 0.40332 0.635742 0.0253906 0.0273438
0 0.339355 0.613281 0.0166016 0.0429688
0 0.269043 0.638184 0.0146484 0.0322266
0 0.491211 0.480469 0.015625 0.0351562
0 0.512695 0.354004 0.0234375 0.0322266
0 0.397461 0.478516 0.0273438 0.0195312
0 0.480469 0.608398 0.015625 0.0371094
0 0.526855 0.388184 0.0126953 0.0380859
0 0.525391 0.366699 0.0214844 0.0205078
0 0.649414 0.382812 0.0253906 0.0351562
0 0.347656 0.615723 0.015625 0.0439453
0 0.522461 0.432617 0.0351562 0.0175781
0 0.587891 0.431152 0.0136719 0.0400391
0 0.600586 0.414062 0.0175781 0.0371094
0 0.562988 0.441406 0.0205078 0.0332031
0 0.622559 0.349121 0.0166016 0.0400391
0 0.458984 0.61377 0.0195312 0.0322266
0 0.525391 0.491211 0.0136719 0.0410156
0 0.460449 0.375977 0.0185547 0.0449219
0 0.559082 0.579102 0.0224609 0.03125
0 0.578125 0.403809 0.03125 0.0185547
0 0.603516 0.373047 0.0214844 0.03125
0 0.58252 0.374023 0.0185547 0.0449219
0 0.602539 0.332031 0.0332031 0.0234375
0 0.543457 0.381348 0.0126953 0.0400391
0 0.51416 0.400391 0.0166016 0.0410156
0 0.550781 0.472656 0.0195312 0.0332031
0 0.369141 0.570312 0.0175781 0.0371094
0 0.59375 0.456055 0.015625 0.03125
0 0.464355 0.598145 0.0224609 0.0263672
0 0.530762 0.305664 0.0224609 0.0371094
0 0.370117 0.625 0.0214844 0.0253906
0 0.529785 0.654785 0.0283203 0.0166016
0 0.414062 0.549316 0.015625 0.0400391
0 0.599609 0.315918 0.03125 0.0244141
0 0.510742 0.485352 0.015625 0.0507812
0 0.538086 0.592773 0.0195312 0.0429688
0 0.400879 0.565918 0.0283203 0.0205078
0 0.453125 0.630371 0.03125 0.0166016
0 0.512695 0.619141 0.0234375 0.03125
0 0.516602 0.45166 0.0234375 0.0361328
0 0.476562 0.633301 0.0273438 0.0224609
0 0.475586 0.50293 0.0175781 0.0390625
0 0.405762 0.657715 0.0322266 0.0419922
0 0.512695 0.333008 0.0214844 0.0351562
0 0.487793 0.655273 0.0302734 0.03125
0 0.374023 0.700195 0.0253906 0.015625
0 0.618164 0.423828 0.0175781 0.0390625
0 0.492676 0.449707 0.0146484 0.0439453
0 0.578125 0.32666 0.0234375 0.0341797
0 0.575684 0.501465 0.0146484 0.0380859
0 0.522949 0.529785 0.0205078 0.0361328
0 0.569824 0.359375 0.0244141 0.0292969
0 0.532715 0.338867 0.0185547 0.0332031
0 0.547363 0.335938 0.0263672 0.0292969
0 0.537109 0.456543 0.03125 0.0244141
0 0.435547 0.58252 0.0214844 0.0380859
0 0.561035 0.413086 0.0302734 0.0292969
0 0.470703 0.336426 0.0195312 0.0400391
0 0.543945 0.508789 0.0214844 0.0371094
0 0.36084 0.643555 0.0146484 0.0351562
0 0.39209 0.585938 0.0302734 0.0234375
0 0.410645 0.600098 0.0302734 0.0244141
0 0.496094 0.412109 0.03125 0.0351562
0 0.346191 0.567383 0.0224609 0.0253906
0 0.282227 0.637207 0.0175781 0.0322266
0 0.431641 0.660645 0.0253906 0.0478516
0 0.463867 0.351562 0.0175781 0.0371094
0 0.481445 0.327148 0.0195312 0.0371094
0 0.437012 0.477051 0.0126953 0.0439453
0 0.654297 0.416992 0.0234375 0.0292969
0 0.429688 0.490723 0.0175781 0.0400391
0 0.634766 0.408203 0.0136719 0.0390625
0 0.464844 0.669922 0.0292969 0.0292969
0 0.470703 0.574219 0.0175781 0.0410156
0 0.494629 0.369141 0.0166016 0.0429688
0 0.359863 0.517578 0.0302734 0.0214844
0 0.562988 0.632324 0.0146484 0.0400391
0 0.356445 0.600098 0.0253906 0.0283203
0 0.445312 0.602051 0.0175781 0.0458984
0 0.432129 0.563965 0.0244141 0.0400391
0 0.495117 0.583496 0.0292969 0.0302734
0 0.373535 0.477051 0.0146484 0.0361328
0 0.51709 0.641602 0.0302734 0.0195312
0 0.490723 0.518066 0.0205078 0.0341797
0 0.303223 0.656738 0.0302734 0.0244141
0 0.380859 0.542969 0.015625 0.0332031
0 0.414551 0.692871 0.0283203 0.0341797
0 0.46582 0.282227 0.0273438 0.0253906
0 0.34082 0.656738 0.0332031 0.0283203
0 0.644043 0.319336 0.0322266 0.0390625
0 0.507812 0.272461 0.015625 0.0449219
0 0.541016 0.423828 0.0195312 0.0429688
0 0.565918 0.511719 0.0146484 0.0410156
0 0.446777 0.29248 0.0224609 0.0322266
0 0.432129 0.529297 0.0244141 0.0390625
0 0.587402 0.657227 0.0263672 0.03125
0 0.519531 0.29541 0.0234375 0.0380859
0 0.507812 0.383789 0.0234375 0.0351562
0 0.47168 0.469727 0.0253906 0.0371094
0 0.28125 0.69043 0.0195312 0.0390625
0 0.22168 0.61084 0.0136719 0.0478516
0 0.552246 0.308594 0.0263672 0.0371094
0 0.31543 0.625 0.0292969 0.0273438
0 0.491211 0.297363 0.0234375 0.0302734
0 0.429688 0.432129 0.0253906 0.0419922
0 0.458984 0.42334 0.0273438 0.0341797
0 0.463867 0.54541 0.03125 0.0322266
0 0.316895 0.597656 0.0341797 0.0195312
