0 0.652832 0.625977 0.0322266 0.0136719
0 0.931641 0.793945 0.0234375 0.0429688
0 0.320312 0.379883 0.03125 0.0234375
0 0.32373 0.398926 0.0283203 0.0244141
0 0.709961 0.520508 0.046875 0.0175781
0 0.327148 0.620117 0.0273438 0.0195312
0 0.830566 0.835938 0.0205078 0.0605469
0 0.804688 0.905273 0.0371094 0.0234375
0 0.422852 0.476074 0.0351562 0.0244141
0 0.34375 0.414551 0.015625 0.0400391
0 0.255859 0.515137 0.0371094 0.0361328
0 0.516602 0.71875 0.0175781 0.0429688
0 0.573242 0.985352 0.0253906 0.0273438
0 0.777832 0.904297 0.0283203 0.0292969
0 0.602539 0.385742 0.0195312 0.0351562
0 0.427246 0.380859 0.0263672 0.0195312
0 0.862793 0.970703 0.0244141 0.0351562
0 0.667969 0.77832 0.015625 0.0507812
0 0.658203 0.894531 0.0253906 0.0292969
0 0.604492 0.51416 0.0175781 0.0341797
0 0.384277 0.368652 0.0126953 0.0263672
0 0.272949 0.40918 0.0146484 0.0351562
0 0.631836 0.841797 0.0214844 0.0292969
0 0.908691 0.960938 0.0419922 0.0234375
0 0.400391 0.366699 0.0292969 0.0166016
0 0.713867 0.623047 0.0195312 0.046875
0 0.456543 0.211426 0.0146484 0.0400391
0 0.0917969 0.691895 0.0214844 0.0380859
0 0.431152 0.688965 0.0322266 0.0224609
0 0.617188 0.941406 0.0136719 0.0449219
0 0.830078 0.90625 0.0410156 0.0234375
0 0.322754 0.571777 0.0341797 0.0205078
0 0.717285 0.91748 0.0400391 0.0224609
0 0.580078 0.975098 0.0136719 0.0458984
0 0.868164 0.994629 0.0507812 0.0107422
0 0.420898 0.727051 0.0234375 0.0263672
0 0.53125 0.869141 0.03125 0.0371094
0 0.625977 0.482422 0.0117188 0.0371094
0 0.487793 0.456543 0.0166016 0.0302734
0 0.572266 0.540039 0.0351562 0.0371094
0 0.785156 0.729492 0.0390625 0.0429688
0 0.322754 0.40918 0.0283203 0.0253906
0 0.36084 0.695312 0.0166016 0.0234375
0 0.394531 0.651855 0.0117188 0.0380859
0 0.807129 0.819336 0.0400391 0.0429688
0 0.634277 0.644043 0.0361328 0.0244141
0 0.610352 0.585938 0.0234375 0.0390625
0 0.58252 0.620605 0.0400391 0.0185547
0 0.746582 0.652344 0.0302734 0.0371094
0 0.950684 0.979004 0.0244141 0.0380859
0 0.498535 0.564453 0.0126953 0.0585938
0 0.535645 0.984863 0.0205078 0.0302734
0 0.608887 0.753906 0.0244141 0.0410156
0 0.370117 0.710449 0.0136719 0.0341797
0 0.605469 0.417969 0.0332031 0.0195312
0 0.279297 0.382812 0.0273438 0.0332031
0 0.375 0.722168 0.0195312 0.0244141
0 0.466309 0.714844 0.0341797 0.03125
0 0.894531 0.790039 0.0195312 0.0429688
0 0.492188 0.436035 0.0332031 0.0224609
0 0.304688 0.711914 0.0292969 0.0625
0 0.664551 0.803711 0.0263672 0.0585938
0 0.306152 0.420898 0.0224609 0.046875
0 0.527344 0.431641 0.0175781 0.03125
0 0.37207 0.398926 0.0136719 0.0361328
0 0.878906 0.944336 0.0488281 0.0195312
0 0.419434 0.306641 0.0146484 0.0371094
0 0.712891 0.707031 0.0273438 0.0253906
0 0.538574 0.460938 0.0185547 0.0332031
0 0.51709 0.567871 0.0302734 0.0244141
0 0.337402 0.644531 0.0244141 0.0332031
0 0.49707 0.989746 0.0195312 0.0205078
0 0.304199 0.541992 0.0205078 0.0488281
0 0.86377 0.69043 0.0380859 0.0195312
0 0.539551 0.921387 0.0244141 0.0576172
0 0.564941 0.602539 0.0302734 0.0234375
0 0.334473 0.541016 0.0166016 0.0429688
0 0.618652 0.821289 0.0185547 0.0585938
0 0.554199 0.477051 0.0224609 0.0419922
0 0.739746 0.909668 0.0263672 0.0615234
0 0.805176 0.864746 0.0205078 0.0302734
0 0.648438 0.586914 0.0371094 0.0195312
0 0.679199 0.407227 0.0380859 0.0234375
0 0.32373 0.423828 0.0244141 0.0214844
0 0.599121 0.679199 0.0263672 0.0263672
0 0.759766 0.914062 0.0332031 0.0136719
0 0.350098 0.555664 0.0302734 0.0195312
0 0.268066 0.564941 0.0166016 0.0439453
0 0.496094 0.721191 0.015625 0.0458984
0 0.331543 0.325195 0.0439453 0.0253906
0 0.484863 0.808594 0.0419922 0.0253906
0 0.779785 0.939941 0.0263672 0.0380859
0 0.730957 0.481445 0.0224609 0.0390625
0 0.369141 0.667969 0.0175781 0.0507812
0 0.512695 0.542969 0.0351562 0.0195312
0 0.637695 0.435547 0.0175781 0.0488281
0 0.550781 0.745605 0.0371094 0.0302734
0 0.669922 0.458008 0.0292969 0.015625
0 0.484375 0.831543 0.0234375 0.0341797
0 0.915527 0.792969 0.0283203 0.0253906
0 0.608887 0.489746 0.0283203 0.0166016
0 0.302734 0.608887 0.0253906 0.0498047
0 0.76709 0.955078 0.0341797 0.0234375
0 0.443359 0.402344 0.0234375 0.03125
0 0.375488 0.194336 0.0126953 0.0371094
0 0.580566 0.404297 0.0400391 0.0214844
0 0.804688 0.950195 0.015625 0.0546875
0 0.371094 0.356934 0.0195312 0.0458984
0 0.558105 0.66748 0.0302734 0.0322266
0 0.48877 0.560059 0.0126953 0.0556641
0 0.665527 0.986328 0.0205078 0.0273438
0 0.693359 0.837891 0.0351562 0.0234375
0 0.523438 0.983887 0.0292969 0.0322266
0 0.755859 0.992188 0.0292969 0.015625
0 0.53418 0.781738 0.0351562 0.0439453
0 0.605469 0.359375 0.0234375 0.0429688
0 0.643555 0.660645 0.03125 0.0322266
0 0.234863 0.421387 0.0458984 0.0166016
0 0.397461 0.385254 0.0371094 0.0244141
0 0.793457 0.990234 0.0244141 0.0195312
0 0.646973 0.609375 0.0400391 0.0214844
0 0.234863 0.553223 0.0322266 0.0244141
0 0.236816 0.408691 0.0458984 0.0166016
0 0.536133 0.541992 0.0351562 0.0292969
0 0.483887 0.789062 0.0400391 0.0253906
0 0.56543 0.712402 0.0390625 0.0322266
0 0.89502 0.822754 0.0302734 0.0166016
0 0.649902 0.74707 0.0244141 0.0429688
0 0.249023 0.439453 0.0371094 0.0332031
0 0.637207 0.481934 0.0185547 0.0419922
0 0.896484 0.97168 0.03125 0.0351562
0 0.33252 0.36084 0.0283203 0.0224609
0 0.397461 0.237793 0.0234375 0.0361328
0 0.749023 0.691895 0.015625 0.0478516
0 0.525879 0.905762 0.0205078 0.0478516
0 0.352051 0.399414 0.0205078 0.0390625
0 0.356445 0.724121 0.0175781 0.0517578
0 0.771484 0.48291 0.0292969 0.0439453
0 0.349609 0.358398 0.0195312 0.046875
0 0.358887 0.837891 0.0419922 0.0253906
0 0.47168 0.956543 0.0410156 0.0244141
0 0.947266 0.947754 0.046875 0.0205078
0 0.359375 0.336426 0.015625 0.0400391
0 0.220215 0.774414 0.0302734 0.0429688
0 0.431641 0.709473 0.0351562 0.0205078
0 0.599121 0.927246 0.0185547 0.0654297
0 0.685547 0.787109 0.0253906 0.0546875
0 0.429688 0.501953 0.0292969 0.03125
0 0.321289 0.537598 0.0214844 0.0458984
0 0.460449 0.398438 0.0244141 0.0273438
0 0.525879 0.591797 0.0458984 0.0214844
0 0.918457 0.82666 0.0205078 0.0439453
0 0.533691 0.638184 0.0205078 0.0419922
0 0.400391 0.35498 0.0390625 0.0126953
0 0.772461 0.882324 0.0390625 0.0166016
0 0.55127 0.975586 0.0322266 0.0429688
0 0.590332 0.648438 0.0341797 0.046875
0 0.423828 0.775391 0.0449219 0.0253906
0 0.222656 0.464844 0.0273438 0.0390625
0 0.387207 0.672363 0.0205078 0.0517578
0 0.451172 0.803711 0.0390625 0.0351562
0 0.641113 0.805176 0.0244141 0.0498047
0 0.437988 0.425781 0.0341797 0.0214844
0 0.438965 0.236328 0.0146484 0.0390625
0 0.935059 0.905762 0.0185547 0.0595703
0 0.540527 0.32666 0.0283203 0.0341797
0 0.898438 0.85791 0.0488281 0.0283203
0 0.382812 0.474121 0.0292969 0.0263672
0 0.541992 0.506836 0.03125 0.0175781
0 0.626465 0.57666 0.0185547 0.0458984
0 0.394043 0.70752 0.0361328 0.0302734
0 0.480957 0.540039 0.0244141 0.0371094
0 0.757812 0.647461 0.015625 0.046875
0 0.587402 0.440918 0.0244141 0.0439453
0 0.572266 0.640625 0.0351562 0.0234375
0 0.438477 0.311523 0.0175781 0.0449219
0 0.554688 0.425293 0.0351562 0.0244141
0 0.428223 0.344727 0.0224609 0.0273438
0 0.361328 0.582031 0.0273438 0.0234375
0 0.612793 0.733398 0.0302734 0.046875
0 0.611328 0.977539 0.015625 0.0429688
0 0.51123 0.749512 0.0400391 0.0361328
0 0.47168 0.740234 0.0351562 0.0449219
0 0.506348 0.275879 0.0361328 0.0458984
0 0.683105 0.892578 0.0205078 0.0390625
0 0.693359 0.856445 0.0371094 0.0195312
0 0.487305 0.50293 0.0390625 0.0234375
0 0.516113 0.322266 0.0361328 0.0214844
0 0.253418 0.566406 0.0224609 0.0351562
0 0.667969 0.355469 0.0214844 0.0507812
0 0.258301 0.481445 0.0361328 0.0332031
0 0.861328 0.880859 0.0371094 0.03125
0 0.643555 0.873535 0.0332031 0.0322266
0 0.639648 0.774902 0.0253906 0.0419922
0 0.241699 0.595703 0.0302734 0.0253906
0 0.539551 0.278809 0.0224609 0.0439453
0 0.573242 0.468262 0.0214844 0.0439453
0 0.495117 0.840332 0.0214844 0.0400391
0 0.48584 0.689453 0.0498047 0.0332031
0 0.63916 0.948242 0.0341797 0.0234375
0 0.350098 0.607422 0.0263672 0.0449219
0 0.608887 0.443359 0.0263672 0.0332031
0 0.327148 0.729004 0.0429688 0.0419922
0 0.627441 0.406738 0.0380859 0.0205078
0 0.614258 0.464844 0.0175781 0.0351562
0 0.834473 0.671387 0.0166016 0.0537109
0 0.706543 0.871582 0.0341797 0.0185547
0 0.748535 0.730469 0.0400391 0.0292969
0 0.290527 0.434082 0.0341797 0.0341797
0 0.768066 0.506348 0.0341797 0.0439453
0 0.380859 0.325195 0.0371094 0.0195312
0 0.471191 0.981934 0.0302734 0.0361328
0 0.427734 0.663574 0.0351562 0.0224609
0 0.262207 0.615234 0.0185547 0.0488281
0 0.456055 0.484375 0.0390625 0.0175781
0 0.53418 0.56543 0.0214844 0.0410156
0 0.368652 0.606934 0.0302734 0.0361328
0 0.373047 0.888184 0.0214844 0.0380859
0 0.572266 0.566406 0.0371094 0.0175781
0 0.290039 0.345215 0.0410156 0.0302734
0 0.214844 0.394531 0.046875 0.0253906
0 0.47168 0.929688 0.0390625 0.0410156
0 0.467773 0.46582 0.0410156 0.0175781
0 0.577637 0.777832 0.0380859 0.0322266
0 0.699219 0.601074 0.0175781 0.0400391
0 0.830078 0.960938 0.0332031 0.0410156
0 0.465332 0.773926 0.0244141 0.0380859
0 0.49707 0.473145 0.0253906 0.0361328
0 0.680664 0.570312 0.0292969 0.0410156
0 0.825684 0.692383 0.0205078 0.0546875
0 0.62793 0.626465 0.0371094 0.0224609
0 0.301758 0.495605 0.0292969 0.0419922
0 0.844238 0.943359 0.0205078 0.046875
0 0.493164 0.864258 0.0332031 0.0390625
0 0.368164 0.306641 0.0390625 0.0195312
0 0.579102 0.934082 0.0273438 0.0439453
0 0.398438 0.760254 0.0351562 0.0322266
0 0.672852 0.478516 0.0234375 0.0292969
0 0.504395 0.611328 0.0302734 0.0429688
0 0.547852 0.336914 0.0292969 0.0332031
0 0.563477 0.311523 0.0214844 0.0429688
0 0.318359 0.583984 0.0292969 0.0253906
0 0.632812 0.984375 0.0371094 0.0253906
0 0.809082 0.675781 0.0185547 0.0507812
0 0.247559 0.881836 0.0458984 0.0351562
0 0.251953 0.374023 0.0273438 0.0527344
0 0.575195 0.588379 0.0371094 0.0283203
0 0.334473 0.951172 0.0263672 0.0507812
0 0.533691 0.683105 0.0224609 0.0537109
0 0.467285 0.524414 0.0380859 0.0273438
0 0.42334 0.747559 0.0283203 0.0341797
0 0.34668 0.683105 0.0332031 0.0537109
0 0.719238 0.65918 0.0263672 0.0546875
0 0.220703 0.576172 0.0234375 0.0332031
0 0.457031 0.432617 0.0234375 0.0410156
0 0.683594 0.924316 0.0410156 0.0263672
0 0.628906 0.53418 0.0429688 0.0175781
0 0.557129 0.264648 0.0302734 0.0449219
0 0.46582 0.120117 0.0175781 0.046875
0 0.641602 0.513672 0.0410156 0.0273438
0 0.37793 0.739746 0.0390625 0.0322266
0 0.682129 0.523438 0.0400391 0.0292969
0 0.370605 0.939453 0.0400391 0.0566406
0 0.487305 0.224121 0.0214844 0.0595703
0 0.868164 0.724609 0.0429688 0.0292969
0 0.399414 0.425781 0.0390625 0.0273438
0 0.442383 0.46582 0.0234375 0.03125
0 0.305176 0.866699 0.0400391 0.0400391
0 0.51709 0.46875 0.0205078 0.046875
0 0.825684 0.880859 0.0322266 0.0253906
0 0.789062 0.685547 0.0332031 0.0351562
0 0.353516 0.921875 0.0429688 0.0292969
0 0.828125 0.928223 0.0351562 0.0244141
0 0.418457 0.441895 0.0400391 0.0205078
0 0.386719 0.963867 0.0234375 0.0703125
0 0.317383 0.830566 0.0390625 0.0478516
0 0.875 0.919922 0.0410156 0.0292969
0 0.274902 0.53418 0.0419922 0.0214844
0 0.396973 0.160645 0.0185547 0.0341797
0 0.445312 0.922852 0.0449219 0.0429688
0 0.910645 0.909668 0.0302734 0.0615234
0 0.506836 0.230469 0.0234375 0.0566406
0 0.367188 0.76709 0.0351562 0.0380859
