0 0.19043 0.650391 0.0722656 0.03125
0 0.193848 0.679688 0.0849609 0.0507812
0 0.483398 0.728027 0.0527344 0.0634766
0 0.33252 0.77832 0.0732422 0.03125
0 0.34082 0.56543 0.078125 0.0371094
0 0.509277 0.663086 0.0791016 0.0332031
0 0.430664 0.512695 0.09375 0.0292969
0 0.464844 0.754395 0.0722656 0.0322266
0 0.443848 0.529297 0.0830078 0.0292969
0 0.272949 0.373047 0.0419922 0.0546875
0 0.467285 0.543457 0.0791016 0.0283203
0 0.500977 0.68457 0.0761719 0.0390625
0 0.210449 0.587891 0.0849609 0.0273438
0 0.282715 0.623047 0.0830078 0.0332031
0 0.376953 0.387207 0.0605469 0.0556641
0 0.233887 0.605469 0.0810547 0.0234375
0 0.40332 0.498047 0.0703125 0.0214844
0 0.434082 0.381836 0.0615234 0.0605469
0 0.157227 0.552246 0.0566406 0.0556641
0 0.190918 0.699219 0.0654297 0.0507812
0 0.23291 0.628418 0.0556641 0.0458984
0 0.28418 0.668945 0.0488281 0.0625
0 0.335449 0.742188 0.0673828 0.0332031
0 0.371582 0.558105 0.0751953 0.0341797
0 0.277344 0.781738 0.0722656 0.0302734
0 0.510254 0.735352 0.0576172 0.0546875
0 0.475098 0.387207 0.0712891 0.0537109
0 0.434082 0.722656 0.0498047 0.0625
0 0.251953 0.359863 0.0625 0.0576172
0 0.49707 0.628906 0.0527344 0.0644531
0 0.232422 0.437012 0.0527344 0.0576172
0 0.245605 0.691895 0.0654297 0.0439453
0 0.431152 0.462402 0.0712891 0.0537109
0 0.32666 0.65332 0.0869141 0.0371094
0 0.387695 0.540039 0.078125 0.0410156
0 0.242188 0.668457 0.0761719 0.0517578
0 0.286621 0.728027 0.0595703 0.0576172
0 0.26123 0.746582 0.0537109 0.0478516
0 0.212891 0.5625 0.0722656 0.0410156
0 0.190918 0.533203 0.0791016 0.046875
0 0.527344 0.626465 0.046875 0.0673828
0 0.439453 0.571777 0.0488281 0.0595703
0 0.170898 0.612793 0.0566406 0.0458984
0 0.285645 0.354004 0.0419922 0.0673828
0 0.399414 0.462891 0.0585938 0.0546875
0 0.307129 0.764648 0.0986328 0.03125
0 0.478027 0.413086 0.0654297 0.0546875
0 0.433594 0.346191 0.101562 0.0556641
0 0.35498 0.336426 0.0751953 0.0341797
0 0.15625 0.57666 0.078125 0.0556641
0 0.458008 0.655762 0.0664062 0.0537109
0 0.189941 0.456055 0.0693359 0.0566406
0 0.274414 0.407715 0.0546875 0.0576172
0 0.369141 0.36377 0.0644531 0.0556641
0 0.303711 0.598145 0.0722656 0.0517578
0 0.379395 0.595703 0.0576172 0.0527344
0 0.549316 0.602539 0.0458984 0.0761719
0 0.379395 0.762695 0.0537109 0.0625
0 0.449219 0.476562 0.0644531 0.0585938
0 0.507812 0.580566 0.0859375 0.0419922
0 0.375977 0.799805 0.0566406 0.0664062
0 0.513672 0.530273 0.0546875 0.0585938
0 0.305176 0.383301 0.0361328 0.0712891
0 0.432129 0.412598 0.0458984 0.0595703
0 0.393555 0.411621 0.0644531 0.0556641
0 0.335449 0.401367 0.0595703 0.0703125
0 0.305664 0.541504 0.0546875 0.0615234
0 0.254395 0.560059 0.0810547 0.0439453
0 0.210449 0.409668 0.0791016 0.0380859
0 0.246582 0.469727 0.0693359 0.0527344
0 0.409668 0.706543 0.0673828 0.0615234
0 0.491699 0.48877 0.0654297 0.0576172
0 0.329102 0.69043 0.078125 0.046875
0 0.581543 0.539062 0.0634766 0.0585938
0 0.575195 0.640625 0.0742188 0.0644531
0 0.589844 0.455566 0.0917969 0.0732422
0 0.334961 0.46582 0.0683594 0.0585938
0 0.617188 0.569824 0.0722656 0.0693359
0 0.53125 0.420898 0.0625 0.0722656
