0 0.371094 0.366211 0.0214844 0.0429688
0 0.422852 0.425293 0.0136719 0.0458984
0 0.674316 0.611328 0.0205078 0.0429688
0 0.577148 0.353027 0.0136719 0.0419922
0 0.496582 0.437012 0.0224609 0.0322266
0 0.350586 0.69873 0.0292969 0.0205078
0 0.495605 0.558105 0.0244141 0.0380859
0 0.411133 0.518555 0.015625 0.0488281
0 0.567871 0.490723 0.0244141 0.0458984
0 0.539551 0.359375 0.0185547 0.0488281
0 0.617676 0.38623 0.0205078 0.0283203
0 0.493164 0.460938 0.0175781 0.0410156
0 0.460938 0.45752 0.0292969 0.0283203
0 0.568848 0.509766 0.0302734 0.0332031
0 0.414062 0.42627 0.0175781 0.0517578
0 0.584961 0.342285 0.015625 0.0361328
0 0.544434 0.469238 0.0224609 0.0400391
0 0.44043 0.477539 0.0175781 0.0527344
0 0.365234 0.455078 0.0195312 0.0390625
0 0.397461 0.358887 0.0175781 0.0458984
0 0.431641 0.430664 0.0175781 0.0429688
0 0.391113 0.382324 0.0244141 0.0302734
0 0.577637 0.387207 0.0263672 0.0302734
0 0.453125 0.376953 0.0253906 0.0292969
0 0.543945 0.263672 0.015625 0.0527344
0 0.569824 0.408691 0.0263672 0.0224609
0 0.493652 0.407715 0.0283203 0.0361328
0 0.553223 0.457031 0.0166016 0.046875
0 0.59375 0.325684 0.015625 0.0419922
0 0.368652 0.435059 0.0322266 0.0458984
0 0.427734 0.46582 0.0175781 0.0488281
0 0.560547 0.357422 0.015625 0.0449219
0 0.437988 0.381348 0.0146484 0.0517578
0 0.401367 0.623047 0.0234375 0.0410156
0 0.45166 0.401855 0.0146484 0.0478516
0 0.63916 0.317383 0.0263672 0.03125
0 0.378906 0.367676 0.0214844 0.0361328
0 0.552246 0.311035 0.0224609 0.0322266
0 0.480957 0.46582 0.0205078 0.0527344
0 0.402344 0.519043 0.0175781 0.0458984
0 0.615234 0.297363 0.0292969 0.0244141
0 0.499512 0.508301 0.0146484 0.0478516
0 0.537598 0.491699 0.0302734 0.0341797
0 0.594238 0.38623 0.0166016 0.0439453
0 0.416992 0.362305 0.0273438 0.0332031
0 0.480957 0.601074 0.0224609 0.0419922
0 0.556641 0.248535 0.015625 0.0517578
0 0.394531 0.404297 0.0253906 0.0292969
0 0.535645 0.25293 0.0146484 0.046875
0 0.469727 0.256348 0.0136719 0.0498047
0 0.462402 0.478027 0.0263672 0.0283203
0 0.563477 0.563965 0.015625 0.0478516
0 0.587891 0.424805 0.0136719 0.0507812
0 0.502441 0.760742 0.0185547 0.0585938
0 0.430664 0.501953 0.0253906 0.0273438
0 0.598633 0.29834 0.0253906 0.0361328
0 0.484863 0.585449 0.0205078 0.0498047
0 0.38916 0.620605 0.0166016 0.0517578
0 0.568848 0.20752 0.0146484 0.0498047
0 0.488281 0.509277 0.015625 0.0498047
0 0.496094 0.570312 0.0292969 0.0371094
0 0.636719 0.38623 0.0292969 0.0263672
0 0.417969 0.21875 0.0195312 0.0527344
0 0.525879 0.35791 0.0244141 0.0263672
0 0.374512 0.592773 0.0244141 0.0371094
0 0.65625 0.469727 0.0214844 0.046875
0 0.37793 0.791016 0.0234375 0.0371094
0 0.390625 0.46582 0.015625 0.0507812
0 0.462891 0.273438 0.0175781 0.0488281
0 0.370117 0.404297 0.0273438 0.0273438
0 0.394043 0.652832 0.0185547 0.0439453
0 0.509277 0.549316 0.0185547 0.0478516
0 0.472168 0.395996 0.0185547 0.0458984
0 0.604004 0.404297 0.0185547 0.0488281
0 0.55127 0.289551 0.0283203 0.0283203
0 0.663086 0.62207 0.0253906 0.0351562
0 0.365723 0.352539 0.0224609 0.0449219
0 0.463379 0.408691 0.0185547 0.0380859
0 0.408691 0.663574 0.0185547 0.0498047
0 0.632812 0.302246 0.0273438 0.0380859
0 0.571289 0.434082 0.0253906 0.0322266
0 0.664551 0.597656 0.0283203 0.0351562
0 0.458496 0.49707 0.0205078 0.0390625
0 0.521484 0.305664 0.0253906 0.0292969
0 0.478516 0.163574 0.015625 0.0537109
0 0.526855 0.518555 0.0224609 0.0410156
0 0.397461 0.553223 0.0253906 0.0478516
0 0.483887 0.281738 0.0322266 0.0322266
0 0.430664 0.326172 0.0195312 0.0410156
0 0.348145 0.713867 0.0302734 0.0273438
0 0.352539 0.38916 0.015625 0.0478516
0 0.356445 0.47168 0.0234375 0.0351562
0 0.506836 0.453613 0.0253906 0.0361328
0 0.408691 0.580566 0.0166016 0.0498047
0 0.512207 0.419922 0.0185547 0.046875
0 0.38916 0.279297 0.0146484 0.0546875
0 0.730469 0.561523 0.0253906 0.0566406
0 0.413574 0.39502 0.0205078 0.0419922
0 0.519043 0.66748 0.0283203 0.0302734
0 0.621094 0.273926 0.0214844 0.0380859
0 0.614258 0.486816 0.0292969 0.0361328
0 0.500488 0.251953 0.0302734 0.0351562
0 0.543945 0.32373 0.0195312 0.0380859
0 0.512695 0.484375 0.0175781 0.0488281
0 0.660156 0.541992 0.0332031 0.03125
0 0.601562 0.459473 0.0214844 0.0458984
0 0.629883 0.339355 0.0292969 0.0302734
0 0.637695 0.759766 0.0332031 0.0351562
0 0.452637 0.437012 0.0263672 0.0322266
0 0.609375 0.423828 0.0175781 0.0449219
0 0.333496 0.544434 0.0283203 0.0380859
0 0.612793 0.366211 0.0244141 0.0351562
0 0.608398 0.346191 0.0214844 0.0439453
0 0.658203 0.280762 0.0175781 0.0517578
0 0.376465 0.287598 0.0185547 0.0556641
0 0.476562 0.364258 0.0175781 0.0488281
0 0.35498 0.771973 0.0244141 0.0439453
0 0.341309 0.69043 0.0302734 0.03125
0 0.430664 0.520508 0.0253906 0.0371094
0 0.570801 0.267578 0.0166016 0.0546875
0 0.70166 0.323242 0.0185547 0.0566406
0 0.373047 0.481445 0.0195312 0.0488281
0 0.382324 0.42627 0.0263672 0.0341797
0 0.362793 0.804688 0.0283203 0.0410156
0 0.697754 0.671875 0.0341797 0.0410156
0 0.600586 0.276367 0.03125 0.0292969
0 0.52002 0.622559 0.0283203 0.0400391
0 0.744141 0.662598 0.0292969 0.0595703
0 0.444336 0.322754 0.0195312 0.0458984
0 0.568359 0.465332 0.0253906 0.0439453
0 0.505859 0.626465 0.0214844 0.0439453
0 0.280273 0.703613 0.0332031 0.0322266
0 0.573242 0.536133 0.0253906 0.0390625
0 0.640137 0.720215 0.0322266 0.0400391
0 0.384277 0.775391 0.0224609 0.046875
0 0.455566 0.351562 0.0283203 0.0273438
0 0.281738 0.43457 0.0263672 0.0429688
0 0.306641 0.46582 0.0234375 0.0507812
0 0.498047 0.381348 0.0273438 0.0263672
0 0.324219 0.419434 0.0214844 0.0517578
0 0.583496 0.216309 0.0205078 0.0478516
0 0.622559 0.239746 0.0244141 0.0576172
0 0.658691 0.71875 0.0263672 0.0488281
0 0.547852 0.614746 0.0234375 0.0458984
0 0.534668 0.145996 0.0263672 0.0439453
0 0.626953 0.546875 0.0195312 0.0546875
0 0.482422 0.623047 0.0214844 0.0390625
0 0.320312 0.378906 0.0273438 0.0351562
0 0.387695 0.680664 0.0292969 0.0332031
0 0.272461 0.565918 0.03125 0.0341797
0 0.308594 0.730957 0.0214844 0.0498047
0 0.620605 0.653809 0.0263672 0.0361328
0 0.54541 0.172363 0.0283203 0.0244141
0 0.55127 0.537598 0.0224609 0.0537109
0 0.314453 0.526855 0.0195312 0.0458984
0 0.723633 0.354492 0.0195312 0.0585938
0 0.234375 0.689941 0.0273438 0.0537109
0 0.504883 0.317871 0.0195312 0.0458984
0 0.678711 0.321777 0.0234375 0.0517578
0 0.309082 0.679688 0.0283203 0.0449219
0 0.753418 0.452637 0.0341797 0.0380859
0 0.623047 0.628418 0.0273438 0.0419922
0 0.643066 0.35498 0.0185547 0.0458984
0 0.535156 0.714355 0.0273438 0.0478516
0 0.519531 0.277832 0.0292969 0.0322266
0 0.609863 0.571289 0.0244141 0.0546875
0 0.278809 0.734375 0.0244141 0.0351562
0 0.589844 0.481934 0.0214844 0.0498047
0 0.480957 0.320801 0.0205078 0.0458984
0 0.356445 0.325684 0.0234375 0.0400391
0 0.275879 0.664551 0.0263672 0.0458984
0 0.652832 0.394043 0.0263672 0.0439453
0 0.563965 0.723145 0.0244141 0.0478516
0 0.408691 0.471191 0.0263672 0.0361328
0 0.414551 0.327148 0.0224609 0.0390625
0 0.581055 0.575195 0.0234375 0.0527344
0 0.48584 0.665527 0.0263672 0.0419922
0 0.547852 0.79541 0.03125 0.0439453
0 0.577148 0.308594 0.0253906 0.0332031
0 0.463379 0.595215 0.0205078 0.0478516
0 0.436035 0.577148 0.0205078 0.0488281
0 0.535156 0.195312 0.0292969 0.0351562
0 0.461914 0.664062 0.0214844 0.0527344
