0 0.501465 0.493652 0.0283203 0.0244141
0 0.474609 0.623535 0.0214844 0.0458984
0 0.382812 0.519531 0.0332031 0.0136719
0 0.518066 0.565918 0.0166016 0.0283203
0 0.419922 0.422852 0.0273438 0.0273438
0 0.522461 0.67334 0.0292969 0.0263672
0 0.498047 0.547852 0.0214844 0.0371094
0 0.433105 0.552246 0.0166016 0.0322266
0 0.474609 0.583984 0.0273438 0.0253906
0 0.495117 0.609375 0.0292969 0.0253906
0 0.461914 0.454102 0.0371094 0.0292969
0 0.375488 0.45166 0.0341797 0.0244141
0 0.496582 0.71582 0.0224609 0.03125
0 0.574707 0.476074 0.0302734 0.0283203
0 0.555664 0.743652 0.0429688 0.0322266
0 0.487305 0.428711 0.0234375 0.0136719
0 0.621582 0.670898 0.0126953 0.0429688
0 0.541016 0.444824 0.0273438 0.0302734
0 0.444336 0.290039 0.0292969 0.0175781
0 0.506348 0.327148 0.0126953 0.0371094
0 0.415527 0.548828 0.0224609 0.0273438
0 0.516602 0.287109 0.0351562 0.0234375
0 0.548828 0.749512 0.03125 0.0224609
0 0.540039 0.61377 0.0292969 0.0263672
0 0.545898 0.721191 0.0214844 0.0439453
0 0.434082 0.507812 0.0126953 0.03125
0 0.502441 0.227051 0.0166016 0.0458984
0 0.596191 0.447754 0.0322266 0.0166016
0 0.499512 0.26416 0.0107422 0.0341797
0 0.455078 0.378906 0.0234375 0.0351562
0 0.470703 0.269531 0.0253906 0.0273438
0 0.461426 0.679688 0.0302734 0.0214844
0 0.389648 0.617188 0.0195312 0.0429688
0 0.48291 0.311523 0.0185547 0.0214844
0 0.473145 0.4375 0.0205078 0.03125
0 0.537598 0.567383 0.0283203 0.015625
0 0.509766 0.29541 0.0351562 0.0205078
0 0.526367 0.390137 0.015625 0.0400391
0 0.406738 0.456055 0.0263672 0.0410156
0 0.448242 0.633789 0.0332031 0.0273438
0 0.585938 0.832031 0.0253906 0.0332031
0 0.396484 0.41748 0.0117188 0.0341797
0 0.468262 0.666016 0.0283203 0.0332031
0 0.455566 0.265137 0.0244141 0.0361328
0 0.467773 0.237793 0.00976562 0.0419922
0 0.513672 0.394043 0.0136719 0.0400391
0 0.47168 0.412598 0.0292969 0.0224609
0 0.454102 0.311523 0.0234375 0.0351562
0 0.433105 0.52832 0.0302734 0.015625
0 0.478027 0.512207 0.0224609 0.0166016
0 0.443359 0.348145 0.0292969 0.0283203
0 0.413086 0.367188 0.0253906 0.03125
0 0.470215 0.475586 0.0283203 0.0273438
0 0.567871 0.739746 0.0302734 0.0263672
1 0.642578 0.694336 0.0585938 0.103516
0 0.439941 0.3125 0.0244141 0.0332031
0 0.436035 0.425293 0.0146484 0.0400391
0 0.487305 0.377441 0.0292969 0.0244141
0 0.494141 0.321777 0.0234375 0.0361328
0 0.434082 0.47998 0.0205078 0.0419922
0 0.572754 0.568848 0.0341797 0.0185547
0 0.513672 0.450684 0.0195312 0.0439453
0 0.432129 0.365234 0.0244141 0.0351562
0 0.577637 0.768066 0.0283203 0.0263672
0 0.570312 0.758789 0.03125 0.0234375
0 0.544922 0.581543 0.0273438 0.0263672
0 0.361816 0.539551 0.0322266 0.0146484
0 0.373047 0.500488 0.0273438 0.0185547
0 0.656738 0.583496 0.0302734 0.0361328
0 0.374023 0.620605 0.0292969 0.0322266
0 0.390137 0.54541 0.0302734 0.0224609
0 0.550293 0.520508 0.0263672 0.0253906
0 0.474609 0.702637 0.0234375 0.0263672
0 0.450684 0.562988 0.0341797 0.0224609
0 0.455566 0.59375 0.0146484 0.046875
0 0.540527 0.325684 0.0224609 0.0517578
0 0.446777 0.541016 0.0302734 0.015625
0 0.398438 0.349609 0.0136719 0.046875
0 0.447266 0.258789 0.0253906 0.0371094
0 0.44043 0.65918 0.0214844 0.0234375
0 0.456055 0.494629 0.0214844 0.0302734
0 0.422852 0.683594 0.0234375 0.0371094
0 0.405273 0.63623 0.0175781 0.0478516
0 0.535156 0.495605 0.0253906 0.0302734
0 0.549805 0.487305 0.0234375 0.03125
0 0.634766 0.547852 0.0136719 0.0449219
0 0.416504 0.402832 0.0302734 0.0302734
0 0.529297 0.521973 0.0292969 0.0185547
0 0.341797 0.545898 0.03125 0.0175781
0 0.449219 0.509766 0.0292969 0.0332031
0 0.48291 0.272461 0.0263672 0.0410156
0 0.410645 0.51123 0.0166016 0.0419922
0 0.654297 0.384766 0.0175781 0.0488281
0 0.629395 0.587891 0.0341797 0.0195312
0 0.355957 0.486816 0.0302734 0.0146484
0 0.376465 0.362793 0.0361328 0.0244141
0 0.515625 0.216309 0.0175781 0.0439453
0 0.524414 0.690918 0.0253906 0.0341797
0 0.560547 0.423828 0.0117188 0.0390625
0 0.633301 0.353516 0.0244141 0.0390625
0 0.532715 0.125488 0.0185547 0.0439453
0 0.368652 0.575195 0.0302734 0.0253906
0 0.547852 0.639648 0.0351562 0.0195312
0 0.455566 0.407227 0.0244141 0.0351562
0 0.526367 0.251465 0.0351562 0.0166016
0 0.51709 0.583496 0.0263672 0.0263672
0 0.51709 0.623535 0.0205078 0.0419922
0 0.578125 0.516113 0.0175781 0.0478516
0 0.419922 0.307617 0.0195312 0.0449219
0 0.411133 0.602539 0.0195312 0.0410156
0 0.341309 0.516113 0.0302734 0.0244141
0 0.608398 0.426758 0.0273438 0.03125
0 0.393555 0.314453 0.03125 0.0371094
0 0.54541 0.464355 0.0322266 0.0224609
0 0.491211 0.77832 0.0195312 0.0390625
0 0.508789 0.356445 0.0332031 0.0292969
0 0.363281 0.557129 0.0332031 0.0166016
0 0.420898 0.336914 0.0214844 0.0371094
0 0.649902 0.417969 0.0341797 0.0214844
0 0.55957 0.450684 0.0292969 0.0302734
0 0.336426 0.5 0.0224609 0.03125
