0 0.522461 0.554688 0.0292969 0.0976562
0 0.378906 0.621094 0.0234375 0.0625
0 0.498047 0.686035 0.0566406 0.0498047
0 0.5625 0.597168 0.0546875 0.0556641
0 0.506348 0.558594 0.0205078 0.0664062
0 0.676758 0.469238 0.0214844 0.0654297
0 0.536133 0.134766 0.0253906 0.0976562
0 0.686523 0.679199 0.0488281 0.0869141
0 0.459961 0.682617 0.0175781 0.0664062
0 0.569336 0.65332 0.0292969 0.0527344
0 0.44873 0.639648 0.0205078 0.0761719
0 0.422852 0.743164 0.0527344 0.0527344
0 0.588379 0.360352 0.0498047 0.0371094
0 0.45752 0.541504 0.0478516 0.0400391
0 0.473145 0.350586 0.0400391 0.0839844
0 0.573242 0.40918 0.0429688 0.03125
0 0.515625 0.49707 0.03125 0.0683594
0 0.462402 0.371582 0.0400391 0.0888672
0 0.611328 0.672852 0.0234375 0.0839844
0 0.589355 0.652832 0.0263672 0.0986328
0 0.652344 0.698242 0.046875 0.0722656
0 0.560547 0.768555 0.0390625 0.0644531
0 0.494141 0.620117 0.0429688 0.0664062
0 0.581543 0.54541 0.0341797 0.0751953
0 0.630371 0.522461 0.0537109 0.0800781
0 0.411621 0.567383 0.0302734 0.0839844
0 0.670898 0.310547 0.0449219 0.0820312
0 0.435547 0.572266 0.03125 0.078125
0 0.498535 0.822266 0.0419922 0.0429688
0 0.642578 0.468262 0.046875 0.0927734
0 0.59668 0.801758 0.0566406 0.0800781
0 0.435059 0.806641 0.0400391 0.0664062
0 0.529297 0.445801 0.0488281 0.0458984
0 0.406738 0.612305 0.0380859 0.078125
0 0.459961 0.743164 0.0273438 0.0800781
0 0.490234 0.528809 0.0234375 0.0869141
0 0.562012 0.510254 0.0419922 0.0732422
0 0.426758 0.936523 0.0390625 0.0683594
0 0.594727 0.732422 0.0449219 0.0761719
0 0.551758 0.370117 0.046875 0.0898438
0 0.459961 0.512695 0.0527344 0.0371094
0 0.711426 0.296875 0.0380859 0.09375
0 0.352539 0.637695 0.0488281 0.0878906
0 0.603516 0.530762 0.0507812 0.0615234
0 0.667969 0.613281 0.0273438 0.119141
0 0.501953 0.373047 0.03125 0.0859375
0 0.585449 0.308105 0.0556641 0.0634766
0 0.480469 0.639648 0.0507812 0.0625
0 0.667969 0.275391 0.0429688 0.09375
0 0.727051 0.479492 0.0576172 0.0917969
0 0.555664 0.460938 0.0410156 0.0800781
0 0.692383 0.430664 0.0449219 0.0859375
0 0.361328 0.71875 0.0390625 0.0859375
0 0.65332 0.753906 0.0566406 0.0683594
0 0.413086 0.390137 0.0527344 0.0732422
0 0.488281 0.447266 0.0390625 0.0820312
0 0.62793 0.616211 0.0488281 0.0722656
