0 0.481445 0.561523 0.0429688 0.0449219
0 0.46582 0.601562 0.0332031 0.0292969
0 0.722656 0.413574 0.0488281 0.0244141
0 0.710938 0.398438 0.0605469 0.0195312
0 0.473145 0.581055 0.0439453 0.0351562
0 0.663086 0.44873 0.0390625 0.0302734
0 0.272949 0.571777 0.0576172 0.0419922
0 0.627441 0.38623 0.0595703 0.0302734
0 0.462891 0.259766 0.0605469 0.0410156
0 0.487305 0.45166 0.0371094 0.0322266
0 0.480469 0.524414 0.0429688 0.0390625
0 0.474609 0.424316 0.0371094 0.0419922
0 0.341309 0.62207 0.0556641 0.0410156
0 0.15918 0.510254 0.0566406 0.0341797
0 0.484863 0.611816 0.0341797 0.0302734
0 0.50293 0.428223 0.0507812 0.0322266
0 0.677246 0.391602 0.0654297 0.0195312
0 0.401855 0.557129 0.0517578 0.0419922
0 0.103027 0.580078 0.0693359 0.0410156
0 0.515137 0.389648 0.0634766 0.0234375
0 0.186035 0.628906 0.0498047 0.0410156
0 0.362793 0.537598 0.0537109 0.0361328
0 0.672363 0.409668 0.0654297 0.0205078
0 0.26416 0.711914 0.0458984 0.0429688
0 0.606445 0.490234 0.0605469 0.0351562
0 0.496094 0.475098 0.0644531 0.0244141
0 0.614258 0.536133 0.0527344 0.0449219
0 0.412109 0.351562 0.0507812 0.0390625
0 0.30127 0.526855 0.0673828 0.0302734
0 0.398926 0.693848 0.0556641 0.0380859
0 0.486328 0.671875 0.0449219 0.0371094
