0 0.494629 0.616699 0.0185547 0.0146484
0 0.444336 0.57666 0.0117188 0.0244141
0 0.416992 0.456543 0.0175781 0.0146484
0 0.609375 0.583984 0.0117188 0.0273438
0 0.597656 0.549805 0.015625 0.0214844
0 0.328125 0.450684 0.0117188 0.0224609
0 0.494141 0.498535 0.0195312 0.0146484
0 0.586914 0.464355 0.0136719 0.0205078
0 0.589844 0.574219 0.0117188 0.0195312
0 0.594238 0.589844 0.0126953 0.0234375
0 0.502441 0.640137 0.0146484 0.0166016
0 0.582031 0.49707 0.0136719 0.0214844
0 0.395996 0.489258 0.00878906 0.0253906
0 0.46875 0.582031 0.0195312 0.0175781
0 0.588867 0.495605 0.00976562 0.0224609
0 0.498535 0.493652 0.0224609 0.0126953
0 0.355469 0.529785 0.015625 0.0107422
0 0.612305 0.505859 0.0195312 0.015625
0 0.605469 0.50293 0.0195312 0.0214844
0 0.453613 0.60498 0.0166016 0.0166016
0 0.410156 0.526367 0.0117188 0.0214844
0 0.600586 0.583008 0.00976562 0.0253906
0 0.568359 0.602539 0.015625 0.0136719
0 0.60498 0.581055 0.0126953 0.0253906
0 0.449219 0.520508 0.015625 0.0214844
0 0.330566 0.435059 0.0126953 0.0244141
0 0.344238 0.62793 0.0185547 0.0136719
0 0.318359 0.412109 0.00976562 0.0234375
0 0.325195 0.420898 0.00976562 0.0253906
0 0.614258 0.518555 0.00976562 0.0214844
0 0.424805 0.523438 0.0214844 0.0136719
0 0.400879 0.549805 0.0146484 0.0175781
0 0.541992 0.628906 0.0175781 0.0136719
0 0.328125 0.42627 0.0117188 0.0263672
0 0.56543 0.518555 0.0136719 0.0253906
0 0.454102 0.542969 0.0136719 0.0195312
0 0.47168 0.59668 0.0175781 0.0136719
0 0.555664 0.472656 0.0214844 0.0117188
0 0.312988 0.391602 0.0205078 0.015625
0 0.321777 0.385254 0.0244141 0.0107422
0 0.413574 0.486328 0.0166016 0.015625
0 0.585938 0.535645 0.015625 0.0146484
0 0.574219 0.595215 0.0117188 0.0205078
0 0.551758 0.638672 0.00976562 0.0234375
0 0.555176 0.614258 0.0107422 0.0214844
0 0.503906 0.659668 0.0136719 0.0244141
0 0.441406 0.563477 0.0175781 0.015625
0 0.380859 0.530273 0.015625 0.0253906
0 0.490723 0.620605 0.0166016 0.0185547
0 0.43457 0.490234 0.00976562 0.0214844
0 0.449219 0.571289 0.00976562 0.0253906
0 0.281738 0.458496 0.00878906 0.0244141
0 0.471191 0.650391 0.0126953 0.0253906
0 0.317871 0.427246 0.0126953 0.0244141
0 0.551758 0.587891 0.0136719 0.0175781
0 0.505859 0.622559 0.015625 0.0205078
0 0.440918 0.482422 0.0166016 0.0195312
0 0.501465 0.583984 0.0166016 0.0195312
0 0.483398 0.59082 0.0136719 0.0175781
0 0.336914 0.410156 0.0175781 0.015625
0 0.428711 0.488281 0.00976562 0.0234375
0 0.457031 0.564453 0.0117188 0.0273438
0 0.54541 0.601562 0.0146484 0.0195312
0 0.589844 0.59375 0.0117188 0.0253906
0 0.603516 0.553711 0.00976562 0.0253906
0 0.489258 0.651367 0.0136719 0.0234375
0 0.418457 0.513672 0.0166016 0.0117188
0 0.595703 0.476562 0.0195312 0.015625
0 0.498535 0.602539 0.0205078 0.0136719
0 0.470703 0.574219 0.0195312 0.0117188
0 0.419434 0.467285 0.0166016 0.0205078
0 0.595703 0.513184 0.0214844 0.0146484
0 0.539062 0.615234 0.0195312 0.0195312
0 0.592773 0.52832 0.0175781 0.0175781
0 0.583008 0.604492 0.0136719 0.0253906
0 0.432129 0.454102 0.0205078 0.015625
0 0.405273 0.503906 0.00976562 0.0273438
0 0.350586 0.38623 0.00976562 0.0302734
0 0.318359 0.442383 0.0117188 0.0253906
0 0.520508 0.655273 0.0175781 0.0175781
0 0.439453 0.470215 0.0175781 0.0166016
0 0.398438 0.529785 0.015625 0.0224609
0 0.550293 0.513672 0.0166016 0.015625
0 0.594727 0.465332 0.0175781 0.0205078
0 0.417969 0.500977 0.015625 0.0175781
0 0.452637 0.431641 0.0166016 0.0253906
0 0.556641 0.500488 0.00976562 0.0224609
0 0.325195 0.321289 0.00976562 0.0273438
0 0.59082 0.547852 0.0136719 0.0175781
0 0.359375 0.384277 0.00976562 0.0283203
0 0.478516 0.625977 0.0117188 0.0292969
0 0.458984 0.599609 0.015625 0.015625
0 0.59375 0.560547 0.0195312 0.0117188
0 0.435547 0.509766 0.0195312 0.015625
0 0.574707 0.444336 0.0146484 0.0253906
0 0.568359 0.612305 0.0195312 0.0117188
0 0.337402 0.381348 0.0166016 0.0146484
0 0.491699 0.573242 0.0185547 0.015625
0 0.390625 0.506836 0.0175781 0.0175781
0 0.568359 0.494141 0.015625 0.0234375
0 0.454102 0.480469 0.00976562 0.0273438
0 0.346191 0.662109 0.0224609 0.015625
0 0.519531 0.633789 0.015625 0.0175781
0 0.371582 0.541992 0.0166016 0.0253906
0 0.470703 0.496094 0.0214844 0.015625
0 0.33252 0.397949 0.0166016 0.0185547
0 0.40918 0.475098 0.0175781 0.0126953
0 0.547363 0.664062 0.0107422 0.0234375
0 0.364258 0.521484 0.0175781 0.0195312
0 0.514648 0.554688 0.0117188 0.0273438
0 0.504395 0.683594 0.0166016 0.0195312
0 0.492188 0.626953 0.0175781 0.015625
0 0.611328 0.591797 0.0117188 0.0253906
0 0.575195 0.519531 0.0117188 0.0253906
0 0.543945 0.640625 0.015625 0.0214844
0 0.306152 0.401855 0.0146484 0.0205078
0 0.345703 0.509766 0.0117188 0.0273438
0 0.51123 0.607422 0.0146484 0.0195312
0 0.454102 0.416016 0.015625 0.0253906
0 0.312012 0.473145 0.0166016 0.0205078
0 0.564453 0.567383 0.0195312 0.0136719
0 0.319824 0.353516 0.00878906 0.0253906
0 0.337891 0.683594 0.015625 0.0273438
0 0.325684 0.464844 0.0146484 0.0214844
0 0.435059 0.539062 0.0146484 0.0195312
0 0.460938 0.643066 0.015625 0.0224609
0 0.537109 0.480469 0.0078125 0.0234375
0 0.378418 0.587891 0.00878906 0.0273438
0 0.439453 0.584961 0.015625 0.0214844
0 0.569336 0.581055 0.0214844 0.0175781
0 0.344727 0.432617 0.0175781 0.0195312
0 0.50293 0.564453 0.00976562 0.0234375
0 0.36084 0.423828 0.0224609 0.0136719
0 0.455566 0.620117 0.0166016 0.0136719
0 0.40332 0.449707 0.0214844 0.0126953
0 0.543457 0.578125 0.0126953 0.0195312
0 0.541992 0.533203 0.0214844 0.0175781
0 0.369141 0.510742 0.0195312 0.0214844
0 0.26123 0.333008 0.0107422 0.0332031
0 0.498535 0.701172 0.0185547 0.0117188
0 0.613281 0.561523 0.015625 0.0214844
0 0.530762 0.673828 0.0185547 0.0195312
0 0.564941 0.629883 0.0166016 0.0214844
0 0.580078 0.479492 0.015625 0.0175781
0 0.285156 0.705078 0.0195312 0.015625
0 0.572754 0.63623 0.0166016 0.0205078
0 0.602539 0.613281 0.0175781 0.0253906
0 0.40332 0.39209 0.0195312 0.0185547
0 0.439453 0.408691 0.015625 0.0224609
0 0.441406 0.429199 0.015625 0.0224609
0 0.280273 0.373047 0.0214844 0.0234375
0 0.302734 0.615234 0.0195312 0.015625
0 0.369141 0.493164 0.0195312 0.0175781
0 0.526367 0.574219 0.015625 0.0195312
0 0.473145 0.732422 0.0146484 0.0273438
0 0.389648 0.47998 0.0136719 0.0224609
0 0.520508 0.470703 0.0175781 0.0195312
0 0.274414 0.428223 0.0234375 0.0244141
0 0.293457 0.525391 0.0166016 0.0234375
0 0.548828 0.682617 0.015625 0.0214844
0 0.538086 0.69043 0.0214844 0.0136719
0 0.617676 0.417969 0.0185547 0.0195312
0 0.505371 0.713867 0.0205078 0.0175781
