0 0.267578 0.51709 0.0175781 0.0361328
0 0.445801 0.814941 0.0263672 0.0361328
0 0.387695 0.560059 0.0253906 0.0302734
0 0.378418 0.511719 0.0283203 0.0351562
0 0.413574 0.821289 0.0341797 0.0371094
0 0.397949 0.860352 0.0322266 0.0292969
0 0.225586 0.576172 0.0273438 0.0390625
0 0.232422 0.621094 0.0273438 0.0449219
0 0.443359 0.483398 0.0234375 0.0449219
0 0.216797 0.739258 0.0175781 0.046875
0 0.472656 0.510742 0.0292969 0.0351562
0 0.315918 0.80957 0.0244141 0.0449219
0 0.330078 0.825195 0.0292969 0.0410156
0 0.42041 0.833496 0.0263672 0.0361328
0 0.390625 0.824219 0.0195312 0.0410156
0 0.412598 0.798828 0.0263672 0.0332031
0 0.397461 0.849121 0.0332031 0.0302734
0 0.306641 0.694824 0.0234375 0.0517578
0 0.234863 0.643066 0.0283203 0.0380859
0 0.564453 0.51123 0.015625 0.0498047
0 0.538086 0.561523 0.0332031 0.0371094
0 0.478516 0.520508 0.0234375 0.0507812
0 0.269531 0.463867 0.0214844 0.0527344
0 0.209473 0.658203 0.0244141 0.0507812
0 0.288574 0.464844 0.0263672 0.03125
0 0.459961 0.64209 0.0253906 0.0341797
0 0.281738 0.48877 0.0341797 0.0341797
0 0.539062 0.630371 0.0214844 0.0595703
0 0.249023 0.598633 0.0234375 0.0449219
0 0.463867 0.408203 0.0234375 0.0390625
0 0.466309 0.683105 0.0224609 0.0517578
0 0.4375 0.779297 0.03125 0.0332031
0 0.307617 0.437012 0.0214844 0.0498047
0 0.373535 0.833984 0.0224609 0.0507812
0 0.43457 0.620117 0.0175781 0.0527344
0 0.232422 0.592773 0.0214844 0.0449219
0 0.404785 0.49707 0.0224609 0.0507812
0 0.451172 0.508301 0.0273438 0.0419922
0 0.274902 0.786133 0.0302734 0.0332031
0 0.244141 0.705078 0.0195312 0.0507812
0 0.362793 0.490723 0.0322266 0.0341797
0 0.46875 0.480957 0.03125 0.0322266
0 0.333496 0.689453 0.0205078 0.0566406
0 0.343262 0.723633 0.0302734 0.0332031
0 0.393555 0.491211 0.0175781 0.0546875
0 0.212891 0.563965 0.0292969 0.0283203
0 0.445801 0.854492 0.0263672 0.0449219
0 0.457031 0.688965 0.0195312 0.0556641
0 0.384766 0.542969 0.0292969 0.046875
0 0.460938 0.611328 0.0273438 0.0449219
0 0.230469 0.460449 0.0195312 0.0556641
0 0.550781 0.34668 0.0332031 0.0390625
0 0.512207 0.645508 0.0302734 0.0292969
0 0.485352 0.640625 0.0195312 0.0507812
0 0.48291 0.672852 0.0322266 0.0332031
0 0.365723 0.527832 0.0224609 0.0576172
0 0.456055 0.529785 0.03125 0.0283203
0 0.350586 0.83252 0.0332031 0.0302734
0 0.509277 0.694336 0.0224609 0.0488281
0 0.425293 0.847656 0.0302734 0.0371094
0 0.29834 0.509766 0.0302734 0.0351562
0 0.538086 0.535156 0.0351562 0.03125
0 0.258789 0.686523 0.0292969 0.0410156
0 0.338867 0.738281 0.0332031 0.03125
0 0.348145 0.527344 0.0263672 0.0429688
0 0.509766 0.625977 0.0332031 0.0332031
0 0.473633 0.637695 0.0175781 0.0527344
0 0.54541 0.654297 0.0302734 0.046875
0 0.417969 0.751465 0.0195312 0.0537109
0 0.546875 0.589844 0.03125 0.0390625
0 0.490234 0.46582 0.0195312 0.0488281
0 0.251465 0.529297 0.0322266 0.03125
0 0.322266 0.425293 0.0332031 0.0458984
0 0.240723 0.869141 0.0166016 0.046875
0 0.548828 0.493652 0.0195312 0.0595703
0 0.43457 0.406738 0.0253906 0.0517578
0 0.487793 0.705078 0.0322266 0.0390625
0 0.189453 0.589844 0.0273438 0.0429688
0 0.150879 0.344727 0.0322266 0.0332031
0 0.278809 0.683594 0.0166016 0.0585938
0 0.29248 0.429688 0.0166016 0.0585938
0 0.438477 0.65332 0.0292969 0.0371094
0 0.269043 0.417969 0.0185547 0.0585938
0 0.229004 0.698242 0.0185547 0.0566406
0 0.296387 0.643555 0.0283203 0.0332031
0 0.35791 0.922363 0.0205078 0.0517578
0 0.461914 0.560547 0.0273438 0.046875
0 0.300293 0.811035 0.0263672 0.0537109
0 0.171875 0.536621 0.0195312 0.0595703
0 0.412598 0.44043 0.0244141 0.0488281
0 0.166992 0.772461 0.0214844 0.0527344
0 0.491211 0.546875 0.0273438 0.0429688
0 0.537109 0.776367 0.03125 0.0332031
0 0.213379 0.614258 0.0263672 0.0410156
0 0.317871 0.668457 0.0205078 0.0576172
0 0.268555 0.848633 0.0214844 0.0449219
0 0.395508 0.724609 0.0195312 0.0625
0 0.450684 0.377441 0.0302734 0.0458984
0 0.575195 0.511719 0.0175781 0.0546875
0 0.149902 0.808594 0.0205078 0.0585938
0 0.246582 0.741211 0.0263672 0.0488281
0 0.487305 0.814941 0.0214844 0.0576172
0 0.370605 0.586914 0.0224609 0.0488281
0 0.224121 0.535156 0.0263672 0.046875
0 0.264648 0.807617 0.0253906 0.0488281
0 0.256348 0.761719 0.0205078 0.0507812
0 0.48877 0.30957 0.0302734 0.0351562
0 0.556641 0.377441 0.0273438 0.0517578
0 0.36084 0.463867 0.0322266 0.0390625
0 0.4375 0.552734 0.0351562 0.0351562
0 0.424316 0.34668 0.0283203 0.0585938
0 0.300781 0.612305 0.03125 0.0449219
0 0.322266 0.856445 0.0292969 0.0332031
0 0.509277 0.267578 0.0283203 0.0566406
0 0.529785 0.44043 0.0244141 0.0527344
0 0.27832 0.87207 0.0253906 0.0527344
0 0.177246 0.676758 0.0302734 0.0488281
0 0.480469 0.792969 0.0234375 0.0546875
0 0.38623 0.463379 0.0244141 0.0498047
