0 0.568359 0.506348 0.0488281 0.0322266
0 0.397461 0.472656 0.0234375 0.0351562
0 0.334961 0.180664 0.0234375 0.0332031
0 0.424805 0.543945 0.0371094 0.0292969
0 0.438965 0.349121 0.0185547 0.0380859
0 0.338379 0.477051 0.0205078 0.0322266
0 0.329102 0.616699 0.0253906 0.0322266
0 0.358398 0.254883 0.0273438 0.0273438
0 0.39502 0.446289 0.0263672 0.0292969
0 0.348633 0.282715 0.0253906 0.0341797
0 0.547852 0.471191 0.046875 0.0185547
0 0.367676 0.577148 0.0263672 0.0292969
0 0.554199 0.488281 0.0244141 0.0234375
0 0.764648 0.595703 0.0507812 0.0351562
0 0.426758 0.402344 0.0117188 0.0351562
0 0.407227 0.399902 0.03125 0.0302734
0 0.42627 0.369141 0.0302734 0.0449219
0 0.309082 0.620117 0.0166016 0.0351562
0 0.411133 0.62793 0.0371094 0.0273438
0 0.534668 0.484375 0.0361328 0.0351562
0 0.359863 0.244141 0.0302734 0.0292969
0 0.356934 0.211426 0.0302734 0.0341797
0 0.429199 0.32373 0.0576172 0.0205078
0 0.384766 0.549805 0.046875 0.0253906
0 0.504395 0.463379 0.0283203 0.0263672
0 0.516113 0.508789 0.0341797 0.0292969
0 0.359375 0.350586 0.0253906 0.0214844
0 0.450195 0.480957 0.03125 0.0244141
0 0.479492 0.556152 0.0605469 0.0166016
0 0.419434 0.610352 0.0302734 0.0273438
0 0.491699 0.487793 0.0380859 0.0166016
0 0.324707 0.403809 0.0263672 0.0341797
0 0.343262 0.529297 0.0341797 0.0195312
0 0.398438 0.364258 0.0273438 0.0253906
0 0.348145 0.563965 0.0244141 0.0341797
0 0.375977 0.390137 0.0273438 0.0322266
0 0.373535 0.363281 0.0185547 0.0273438
0 0.529297 0.536133 0.0449219 0.0253906
0 0.371094 0.23584 0.0253906 0.0322266
0 0.334473 0.508789 0.0341797 0.0273438
0 0.330566 0.36377 0.0361328 0.0166016
0 0.433594 0.485352 0.0273438 0.0332031
0 0.305664 0.584473 0.03125 0.0400391
0 0.318359 0.727051 0.0566406 0.0576172
0 0.412109 0.302246 0.0292969 0.0283203
0 0.488281 0.54248 0.0449219 0.0185547
0 0.400879 0.253418 0.0224609 0.0322266
0 0.319824 0.589355 0.0322266 0.0322266
0 0.521484 0.523438 0.046875 0.03125
0 0.387695 0.24707 0.0214844 0.0371094
0 0.389648 0.309082 0.0195312 0.0380859
0 0.412109 0.422363 0.0273438 0.0244141
0 0.42041 0.507324 0.0478516 0.0244141
0 0.331543 0.25 0.0244141 0.0429688
0 0.0820312 0.299805 0.0839844 0.0625
0 0.408203 0.650879 0.0527344 0.0224609
0 0.333496 0.347168 0.0361328 0.0263672
0 0.527344 0.717773 0.078125 0.0546875
0 0.313965 0.541016 0.0322266 0.046875
0 0.253418 0.730469 0.0517578 0.0605469
0 0.36084 0.475586 0.0283203 0.0234375
0 0.367188 0.312012 0.0273438 0.0322266
0 0.0395508 0.790039 0.0791016 0.078125
0 0.408203 0.345703 0.0429688 0.0253906
0 0.382324 0.481445 0.0205078 0.0429688
0 0.409668 0.228516 0.0361328 0.0195312
0 0.331055 0.412109 0.0390625 0.0332031
0 0.350098 0.45752 0.0517578 0.0185547
0 0.526367 0.45752 0.0449219 0.0224609
0 0.310059 0.334961 0.0224609 0.0488281
0 0.370117 0.655762 0.0234375 0.0341797
0 0.321289 0.451172 0.0488281 0.0351562
0 0.435547 0.522461 0.0449219 0.0234375
0 0.303223 0.407227 0.0263672 0.0449219
0 0.450195 0.45166 0.0351562 0.0361328
0 0.310547 0.689453 0.03125 0.0449219
0 0.606934 0.343262 0.0556641 0.0458984
0 0.38916 0.427734 0.0341797 0.0390625
0 0.341797 0.125488 0.0410156 0.0537109
0 0.369629 0.684082 0.0478516 0.0380859
0 0.286621 0.785156 0.0498047 0.03125
0 0.385254 0.211914 0.0400391 0.0292969
0 0.479492 0.678223 0.0371094 0.0556641
0 0.413086 0.581055 0.0371094 0.0371094
0 0.383301 0.274414 0.0341797 0.0292969
0 0.375488 0.341309 0.0458984 0.0244141
0 0.351562 0.188965 0.0507812 0.0244141
0 0.526367 0.441895 0.0332031 0.0302734
0 0.470703 0.506836 0.0214844 0.0351562
0 0.334961 0.280273 0.0273438 0.0371094
0 0.442383 0.606934 0.0273438 0.0439453
0 0.326172 0.324707 0.0234375 0.0380859
0 0.353516 0.431641 0.03125 0.0410156
0 0.380371 0.633789 0.0322266 0.03125
0 0.349609 0.388184 0.0351562 0.0322266
0 0.345215 0.65918 0.0361328 0.03125
0 0.319336 0.489746 0.0332031 0.0341797
0 0.24707 0.310059 0.0332031 0.0263672
