0 0.625977 0.43457 0.0136719 0.0410156
0 0.611328 0.46582 0.0214844 0.0273438
0 0.620605 0.358398 0.0322266 0.0449219
0 0.645996 0.382324 0.0185547 0.0419922
0 0.436035 0.36084 0.0322266 0.0380859
0 0.650391 0.477051 0.0195312 0.0888672
0 0.606445 0.432129 0.015625 0.0498047
0 0.635742 0.499512 0.0195312 0.0458984
0 0.575195 0.297363 0.0273438 0.0439453
0 0.58252 0.444824 0.0146484 0.0458984
0 0.580078 0.40332 0.03125 0.0332031
0 0.59668 0.331543 0.0351562 0.0244141
0 0.59375 0.462402 0.0195312 0.0419922
0 0.602539 0.296387 0.0214844 0.0439453
0 0.482422 0.88916 0.0175781 0.0517578
0 0.586914 0.617188 0.0449219 0.0214844
0 0.168457 0.163574 0.0380859 0.0517578
0 0.313965 0.377441 0.0185547 0.0556641
0 0.446289 0.409668 0.0332031 0.0322266
0 0.289062 0.412598 0.03125 0.0458984
