0 0.603516 0.529297 0.0214844 0.0332031
0 0.51416 0.512695 0.0126953 0.0175781
0 0.603516 0.359863 0.00976562 0.0263672
0 0.661621 0.472168 0.0107422 0.0341797
0 0.583984 0.550293 0.0078125 0.0244141
0 0.614746 0.334473 0.0302734 0.0185547
0 0.5625 0.403809 0.0195312 0.0322266
0 0.376465 0.394043 0.0205078 0.0166016
0 0.588379 0.482422 0.0146484 0.0292969
0 0.580078 0.530762 0.00976562 0.0263672
0 0.604004 0.472656 0.0166016 0.0371094
0 0.538086 0.52002 0.0195312 0.0205078
0 0.610352 0.386719 0.0195312 0.0253906
0 0.638672 0.475098 0.0117188 0.0341797
