0 0.421387 0.48291 0.0126953 0.0419922
0 0.355469 0.598633 0.015625 0.0488281
0 0.578125 0.386719 0.0195312 0.0351562
0 0.40332 0.394531 0.015625 0.0507812
0 0.592773 0.401367 0.0175781 0.0332031
0 0.570801 0.666016 0.0185547 0.0429688
0 0.637695 0.412109 0.0136719 0.0390625
0 0.55957 0.272949 0.0136719 0.0576172
0 0.460938 0.304199 0.0214844 0.0263672
0 0.621094 0.305664 0.0195312 0.0546875
0 0.473145 0.501953 0.0166016 0.0488281
0 0.382812 0.18457 0.03125 0.03125
0 0.502441 0.231445 0.0224609 0.0214844
0 0.805664 0.54541 0.0292969 0.0263672
0 0.536621 0.364258 0.0302734 0.0234375
0 0.364258 0.526855 0.0214844 0.0205078
0 0.861328 0.614746 0.0332031 0.0400391
0 0.581055 0.724121 0.0253906 0.0205078
0 0.302246 0.556641 0.0263672 0.0273438
0 0.467773 0.269043 0.015625 0.0537109
0 0.403809 0.42627 0.0244141 0.0224609
0 0.666992 0.358398 0.0175781 0.0410156
0 0.368164 0.451172 0.0234375 0.0234375
0 0.663086 0.490234 0.0292969 0.03125
0 0.402832 0.652344 0.0224609 0.0371094
0 0.65332 0.576172 0.0195312 0.046875
0 0.443848 0.661133 0.0322266 0.0332031
0 0.537109 0.816406 0.015625 0.0625
0 0.652344 0.300781 0.015625 0.0585938
0 0.315918 0.475586 0.0205078 0.046875
0 0.448242 0.397949 0.0136719 0.0439453
0 0.427246 0.592773 0.0166016 0.0371094
0 0.541504 0.290039 0.0224609 0.0253906
0 0.220215 0.685059 0.0341797 0.0458984
0 0.300293 0.527344 0.0302734 0.0214844
0 0.633789 0.618164 0.0175781 0.0371094
0 0.525391 0.807129 0.015625 0.0537109
0 0.532227 0.619141 0.0273438 0.0351562
0 0.53418 0.246094 0.0175781 0.0507812
0 0.431152 0.416504 0.0244141 0.0244141
0 0.538574 0.222168 0.0263672 0.0224609
0 0.633789 0.651855 0.015625 0.0439453
0 0.62793 0.480957 0.0332031 0.0205078
0 0.492188 0.409668 0.0234375 0.0185547
0 0.536621 0.485352 0.0166016 0.0488281
0 0.40625 0.477539 0.0273438 0.0253906
0 0.248535 0.208496 0.0146484 0.0361328
0 0.347656 0.28418 0.0195312 0.0449219
0 0.495117 0.385254 0.0175781 0.0537109
0 0.51123 0.370117 0.0205078 0.0214844
0 0.200684 0.533691 0.0283203 0.0205078
0 0.789062 0.568359 0.0253906 0.0390625
0 0.616699 0.763672 0.0302734 0.0351562
0 0.521484 0.719727 0.0273438 0.0273438
0 0.524414 0.42627 0.0292969 0.0185547
0 0.523438 0.703125 0.015625 0.03125
0 0.515625 0.684082 0.03125 0.0185547
0 0.369629 0.635742 0.0244141 0.0253906
0 0.657227 0.395996 0.0214844 0.0322266
0 0.639648 0.55127 0.0175781 0.0419922
0 0.92334 0.749023 0.0341797 0.0410156
0 0.188965 0.651367 0.0205078 0.0371094
0 0.646484 0.643066 0.015625 0.0380859
0 0.71582 0.454102 0.0292969 0.0253906
0 0.409668 0.606934 0.0146484 0.0478516
0 0.821289 0.427246 0.0253906 0.0322266
0 0.496582 0.710938 0.0166016 0.046875
0 0.708984 0.234863 0.0273438 0.0341797
0 0.427246 0.27002 0.0146484 0.0400391
0 0.500488 0.634766 0.0166016 0.0507812
0 0.555664 0.555664 0.015625 0.0449219
0 0.584961 0.355469 0.0292969 0.0351562
0 0.552734 0.713379 0.0273438 0.0302734
0 0.150391 0.629883 0.0351562 0.0214844
0 0.674805 0.427246 0.0136719 0.0439453
0 0.904785 0.74707 0.0205078 0.0566406
0 0.458008 0.289551 0.0214844 0.0185547
0 0.521484 0.253418 0.0195312 0.0439453
0 0.575684 0.856445 0.0185547 0.0605469
0 0.0634766 0.84668 0.0234375 0.0488281
0 0.320312 0.541992 0.0234375 0.0449219
0 0.459961 0.375977 0.0253906 0.0292969
0 0.567383 0.800781 0.0214844 0.0546875
0 0.629883 0.461426 0.0214844 0.0322266
0 0.692383 0.55957 0.0253906 0.0410156
0 0.388672 0.271973 0.0234375 0.0263672
0 0.579102 0.253906 0.015625 0.0390625
0 0.362793 0.394043 0.0166016 0.0556641
0 0.481445 0.371582 0.015625 0.0400391
0 0.54541 0.646484 0.0283203 0.0390625
0 0.470703 0.407715 0.0234375 0.0400391
0 0.59082 0.293945 0.0195312 0.0488281
0 0.836914 0.595703 0.0214844 0.046875
0 0.463379 0.252441 0.0146484 0.0458984
0 0.366211 0.231445 0.0175781 0.0507812
0 0.481445 0.289551 0.0175781 0.0341797
0 0.594727 0.668945 0.0136719 0.0449219
0 0.725098 0.512207 0.0205078 0.0478516
0 0.138184 0.683594 0.0205078 0.0527344
0 0.563477 0.855469 0.0234375 0.0585938
0 0.237305 0.222168 0.015625 0.0419922
0 0.453125 0.418457 0.0214844 0.0419922
0 0.342773 0.312988 0.0332031 0.0244141
0 0.268066 0.170898 0.0224609 0.0332031
0 0.581055 0.770996 0.0136719 0.0576172
0 0.123047 0.35498 0.0234375 0.0283203
0 0.356445 0.504883 0.0175781 0.0410156
0 0.64209 0.677734 0.0185547 0.0429688
0 0.549805 0.685547 0.03125 0.03125
0 0.435059 0.556641 0.0341797 0.0234375
0 0.14209 0.580078 0.0224609 0.0429688
0 0.345215 0.594727 0.0185547 0.0410156
0 0.500977 0.455566 0.0214844 0.0361328
0 0.415039 0.260742 0.0136719 0.0429688
0 0.550781 0.85498 0.015625 0.0498047
0 0.614258 0.746094 0.0273438 0.0234375
0 0.411621 0.298828 0.0166016 0.0410156
0 0.341309 0.369141 0.0166016 0.0546875
0 0.805664 0.489746 0.0332031 0.0419922
0 0.573242 0.689941 0.0214844 0.0244141
0 0.663086 0.303711 0.0292969 0.0527344
0 0.612305 0.664062 0.0214844 0.03125
0 0.399902 0.585449 0.0126953 0.0478516
0 0.541016 0.548828 0.03125 0.0214844
0 0.335938 0.466309 0.0234375 0.0380859
0 0.685547 0.382324 0.0273438 0.0380859
0 0.737305 0.510742 0.0136719 0.0488281
0 0.3125 0.790039 0.03125 0.0332031
0 0.549805 0.324219 0.0136719 0.0429688
0 0.378418 0.222656 0.0283203 0.0410156
0 0.829102 0.519531 0.0214844 0.0488281
0 0.599609 0.496094 0.0136719 0.0390625
0 0.665039 0.548828 0.0175781 0.0546875
0 0.415039 0.571289 0.0273438 0.0253906
0 0.524902 0.753906 0.0341797 0.0292969
0 0.65332 0.614258 0.0175781 0.0371094
0 0.468262 0.782227 0.0263672 0.0292969
0 0.244629 0.694336 0.0185547 0.0449219
0 0.484863 0.966797 0.0322266 0.0546875
0 0.393066 0.388672 0.0146484 0.0507812
0 0.45166 0.237305 0.0146484 0.0410156
0 0.483398 0.419434 0.0175781 0.0302734
0 0.430664 0.626953 0.0195312 0.046875
0 0.811523 0.566406 0.0371094 0.0273438
0 0.555176 0.429199 0.0224609 0.0283203
0 0.338379 0.267578 0.0166016 0.0585938
0 0.401367 0.357422 0.0136719 0.046875
0 0.489258 0.509766 0.0214844 0.0351562
0 0.646484 0.371094 0.015625 0.046875
0 0.269531 0.150879 0.0273438 0.0244141
0 0.494629 0.449707 0.0263672 0.0361328
0 0.78418 0.53418 0.0253906 0.0410156
0 0.291992 0.165527 0.03125 0.0302734
0 0.582031 0.81543 0.0292969 0.0332031
0 0.458008 0.51123 0.0214844 0.0283203
0 0.345703 0.168457 0.0273438 0.0263672
0 0.675781 0.576172 0.0195312 0.0488281
0 0.453125 0.490234 0.0234375 0.0429688
0 0.605469 0.298828 0.0234375 0.0585938
0 0.413086 0.344727 0.0175781 0.0507812
0 0.334961 0.39502 0.0273438 0.0361328
0 0.494141 0.302734 0.0234375 0.046875
0 0.71582 0.429688 0.0292969 0.0253906
0 0.564453 0.741211 0.0195312 0.0410156
0 0.491211 0.23584 0.0175781 0.0458984
0 0.143555 0.645508 0.0253906 0.0253906
0 0.109375 0.725098 0.0253906 0.0380859
0 0.350098 0.553711 0.0244141 0.0214844
0 0.517578 0.626953 0.0253906 0.0253906
0 0.374023 0.262695 0.0234375 0.0332031
0 0.453125 0.186523 0.0273438 0.0292969
0 0.863281 0.585938 0.0273438 0.0429688
0 0.635742 0.276367 0.0214844 0.0410156
0 0.405273 0.264648 0.015625 0.0449219
0 0.770996 0.479492 0.0361328 0.0429688
0 0.197266 0.513672 0.0292969 0.0332031
0 0.365234 0.62207 0.0273438 0.0214844
0 0.47998 0.566406 0.0205078 0.0507812
0 0.336426 0.42041 0.0322266 0.0244141
0 0.84082 0.556641 0.0234375 0.0351562
0 0.833008 0.45166 0.0292969 0.0283203
0 0.657227 0.0136719 0.0332031 0.0273438
0 0.584961 0.0410156 0.0371094 0.0507812
0 0.549805 0.493164 0.0175781 0.0605469
0 0.524414 0.837891 0.0214844 0.0371094
0 0.59668 0.782227 0.0214844 0.0410156
0 0.388184 0.566406 0.0166016 0.046875
0 0.418945 0.440918 0.0195312 0.0458984
0 0.541016 0.729492 0.0273438 0.03125
0 0.432129 0.483887 0.0146484 0.0419922
0 0.850586 0.514648 0.0175781 0.0410156
0 0.476562 0.217285 0.0117188 0.0478516
0 0.473633 0.311523 0.0175781 0.0332031
0 0.169922 0.529785 0.0214844 0.0380859
0 0.602051 0.446777 0.0224609 0.0537109
0 0.511719 0.288086 0.0195312 0.0546875
0 0.113281 0.39502 0.015625 0.0400391
0 0.477539 0.75293 0.0175781 0.0488281
0 0.332031 0.537109 0.0195312 0.0429688
0 0.475098 0.469727 0.0244141 0.0214844
0 0.695801 0.574219 0.0322266 0.046875
0 0.37207 0.394531 0.0175781 0.0566406
0 0.624023 0.346191 0.0214844 0.0419922
0 0.501953 0.75 0.015625 0.0546875
0 0.394531 0.524414 0.0234375 0.0371094
0 0.290039 0.551758 0.0273438 0.03125
0 0.483887 0.786133 0.0166016 0.0488281
0 0.300781 0.577148 0.0234375 0.0292969
0 0.545898 0.75293 0.0175781 0.0527344
0 0.444336 0.314941 0.0175781 0.0478516
0 0.368164 0.552246 0.015625 0.0517578
0 0.509277 0.810547 0.0302734 0.0273438
0 0.46875 0.440918 0.0195312 0.0400391
0 0.680664 0.62793 0.015625 0.0625
0 0.549805 0.277344 0.0175781 0.0585938
0 0.540039 0.887695 0.0332031 0.0332031
0 0.733887 0.474121 0.0380859 0.0322266
0 0.575684 0.284668 0.0205078 0.0654297
0 0.253418 0.566406 0.0146484 0.0507812
0 0.658203 0.666504 0.0195312 0.0595703
0 0.477051 0.699219 0.0185547 0.0546875
0 0.223145 0.285645 0.0244141 0.0439453
0 0.460938 0.341797 0.0234375 0.0332031
0 0.490234 0.274414 0.0273438 0.0253906
0 0.168945 0.554199 0.0253906 0.0244141
0 0.415039 0.514648 0.0234375 0.0371094
0 0.43457 0.205566 0.0351562 0.0302734
0 0.511719 0.38623 0.0273438 0.0263672
0 0.503418 0.336426 0.0283203 0.0302734
0 0.740234 0.432129 0.0195312 0.0634766
0 0.905273 0.974609 0.0253906 0.0507812
0 0.723633 0.635742 0.0175781 0.0644531
0 0.570312 0.453613 0.03125 0.0224609
0 0.621582 0.387695 0.0302734 0.0292969
0 0.564453 0.312012 0.0195312 0.0615234
0 0.608398 0.583984 0.0214844 0.0332031
0 0.75 0.0556641 0.0175781 0.0527344
0 0.582031 0.859863 0.0195312 0.0615234
0 0.821777 0.471191 0.0283203 0.0517578
0 0.436523 0.51709 0.03125 0.0322266
0 0.618164 0.630859 0.0175781 0.0429688
0 0.411621 0.670898 0.0205078 0.046875
0 0.613281 0.0224609 0.0195312 0.0429688
0 0.376953 0.591797 0.0332031 0.0273438
0 0.947266 0.792969 0.03125 0.0546875
0 0.393555 0.154297 0.0253906 0.0234375
0 0.683594 0.533691 0.0292969 0.0380859
0 0.706543 0.0942383 0.0166016 0.0576172
0 0.574707 0.538574 0.0263672 0.0341797
0 0.680176 0.400391 0.0322266 0.0390625
0 0.566406 0.608887 0.03125 0.0380859
0 0.674805 0.463867 0.0292969 0.0253906
0 0.134766 0.605469 0.03125 0.0351562
0 0.371582 0.332031 0.0263672 0.0429688
0 0.705078 0.173828 0.0195312 0.0527344
0 0.558105 0.362793 0.0263672 0.0458984
0 0.457031 0.621094 0.0195312 0.0507812
0 0.490234 0.832031 0.0273438 0.0449219
0 0.567871 0.519531 0.0302734 0.03125
0 0.62207 0.525391 0.0253906 0.046875
0 0.695312 0.449219 0.015625 0.0605469
0 0.502441 0.592773 0.0302734 0.0410156
0 0.740234 0.15625 0.0253906 0.0488281
0 0.597656 0.611328 0.0195312 0.0546875
0 0.733398 0.107422 0.0214844 0.0429688
