0 0.397461 0.473145 0.0292969 0.0498047
0 0.479004 0.609375 0.0185547 0.0566406
0 0.44043 0.579102 0.0351562 0.0351562
0 0.568359 0.507324 0.0859375 0.0810547
0 0.482422 0.537109 0.0371094 0.0800781
0 0.539551 0.594727 0.0283203 0.101562
0 0.586426 0.666016 0.0537109 0.0351562
0 0.501465 0.591797 0.0341797 0.0625
0 0.459473 0.549316 0.0302734 0.0888672
0 0.561035 0.527832 0.0751953 0.0400391
0 0.38623 0.436035 0.0576172 0.0400391
0 0.351562 0.638184 0.0390625 0.0595703
0 0.351074 0.544922 0.0302734 0.0722656
0 0.394531 0.538086 0.0253906 0.0957031
0 0.750488 0.5625 0.0615234 0.0371094
0 0.681152 0.555176 0.0634766 0.0380859
0 0.435059 0.521973 0.0205078 0.0751953
0 0.415527 0.561523 0.0205078 0.0859375
0 0.540039 0.654785 0.0488281 0.0341797
0 0.628906 0.550781 0.0332031 0.0820312
0 0.326172 0.496094 0.0332031 0.0957031
0 0.437988 0.616211 0.0712891 0.0449219
0 0.374023 0.523438 0.0390625 0.0898438
0 0.511719 0.653809 0.0351562 0.0634766
0 0.647949 0.65918 0.0693359 0.03125
0 0.597656 0.538086 0.0371094 0.0703125
0 0.570312 0.65332 0.0527344 0.0429688
0 0.557129 0.615723 0.0498047 0.0400391
0 0.673828 0.587402 0.0566406 0.0400391
0 0.409668 0.664062 0.0615234 0.0507812
0 0.641602 0.630371 0.0664062 0.0302734
0 0.323242 0.622559 0.0566406 0.0673828
0 0.707031 0.617676 0.0605469 0.0576172
0 0.424316 0.475586 0.0341797 0.0859375
0 0.344238 0.443848 0.0400391 0.0830078
0 0.483398 0.650879 0.0488281 0.0537109
0 0.599609 0.584473 0.0371094 0.0771484
0 0.304688 0.574707 0.0683594 0.0341797
0 0.713867 0.520508 0.0742188 0.0527344
0 0.351562 0.369141 0.0585938 0.0898438
0 0.373047 0.599121 0.0605469 0.0830078
0 0.475098 0.475098 0.0537109 0.0654297
