0 0.657715 0.507812 0.0537109 0.0136719
0 0.504395 0.552734 0.0537109 0.015625
0 0.575195 0.641602 0.0371094 0.0195312
0 0.632812 0.483887 0.0292969 0.0283203
0 0.59668 0.310547 0.0253906 0.0234375
0 0.601562 0.466797 0.0507812 0.0195312
0 0.394043 0.637207 0.0556641 0.0146484
0 0.358887 0.401367 0.0712891 0.015625
0 0.355469 0.448242 0.0273438 0.0234375
0 0.599121 0.365234 0.0244141 0.0195312
0 0.304688 0.556641 0.0507812 0.015625
0 0.214844 0.53125 0.0507812 0.015625
0 0.376465 0.608887 0.0498047 0.0146484
0 0.667969 0.498047 0.0546875 0.0214844
0 0.623535 0.404785 0.0576172 0.0146484
0 0.348145 0.532715 0.0537109 0.0146484
0 0.325195 0.375977 0.0605469 0.015625
0 0.512695 0.487305 0.0429688 0.0175781
0 0.530762 0.364746 0.0380859 0.0224609
0 0.566406 0.29541 0.0644531 0.0146484
0 0.907715 0.553223 0.0517578 0.0205078
0 0.795898 0.562988 0.0351562 0.0224609
0 0.506348 0.304199 0.0810547 0.0166016
0 0.280273 0.459473 0.0292969 0.0244141
0 0.55957 0.674316 0.0664062 0.0185547
0 0.750977 0.557129 0.0351562 0.0302734
0 0.753906 0.619629 0.0449219 0.0205078
0 0.626465 0.387695 0.0556641 0.0175781
0 0.164062 0.42334 0.0214844 0.0224609
0 0.564941 0.326172 0.0458984 0.0195312
0 0.621094 0.680664 0.0605469 0.0195312
0 0.366211 0.622559 0.0585938 0.0126953
0 0.638184 0.602051 0.0478516 0.0224609
0 0.775879 0.588379 0.0439453 0.0283203
0 0.413574 0.383789 0.0439453 0.0136719
0 0.684082 0.458008 0.0654297 0.015625
0 0.777832 0.616211 0.0322266 0.03125
0 0.222656 0.506348 0.0351562 0.0263672
0 0.5625 0.314941 0.0488281 0.0185547
0 0.684082 0.668945 0.0810547 0.015625
0 0.683594 0.420898 0.0253906 0.0273438
0 0.521484 0.535645 0.0585938 0.0166016
0 0.430176 0.587891 0.0263672 0.0234375
0 0.45459 0.630859 0.0478516 0.0253906
0 0.506836 0.51709 0.0605469 0.0126953
0 0.630859 0.662109 0.0390625 0.0234375
0 0.372559 0.546875 0.0458984 0.0117188
0 0.314453 0.510742 0.0410156 0.0253906
0 0.250488 0.632812 0.0537109 0.0214844
0 0.559082 0.44873 0.0205078 0.0224609
0 0.262695 0.326172 0.046875 0.0214844
0 0.211914 0.64502 0.0488281 0.0107422
0 0.304688 0.447754 0.0429688 0.0205078
0 0.744141 0.433594 0.0292969 0.0253906
0 0.664551 0.42334 0.0380859 0.0283203
0 0.586426 0.587891 0.0634766 0.0175781
0 0.597656 0.512695 0.0410156 0.0234375
0 0.351074 0.558594 0.0458984 0.015625
0 0.820801 0.572266 0.0263672 0.0253906
0 0.331055 0.332031 0.0585938 0.0136719
0 0.26709 0.41748 0.0498047 0.0146484
0 0.611328 0.361328 0.0292969 0.0253906
0 0.647461 0.349609 0.0585938 0.015625
0 0.510254 0.347656 0.0556641 0.0214844
0 0.445312 0.594238 0.0195312 0.0244141
0 0.367188 0.422852 0.0449219 0.0234375
0 0.77002 0.530273 0.0439453 0.0117188
0 0.300293 0.59668 0.0244141 0.0273438
0 0.580078 0.615723 0.0234375 0.0263672
0 0.469727 0.269531 0.0566406 0.0117188
0 0.295898 0.620117 0.0605469 0.0117188
0 0.583984 0.517578 0.0292969 0.0253906
0 0.711914 0.421387 0.046875 0.0244141
0 0.73584 0.60498 0.0537109 0.0166016
0 0.751465 0.402344 0.0517578 0.0195312
0 0.710449 0.649414 0.0283203 0.03125
0 0.368164 0.462891 0.0585938 0.015625
0 0.714844 0.359375 0.0605469 0.0195312
0 0.65332 0.456543 0.0351562 0.0205078
0 0.389648 0.595215 0.0527344 0.0185547
0 0.604492 0.321777 0.03125 0.0263672
0 0.793457 0.386719 0.0634766 0.0136719
0 0.446289 0.61084 0.0546875 0.0146484
0 0.191895 0.492188 0.0517578 0.015625
0 0.775391 0.54834 0.0273438 0.0244141
0 0.228027 0.630371 0.0517578 0.0205078
0 0.543457 0.448242 0.0224609 0.0253906
0 0.547363 0.654785 0.0537109 0.0166016
0 0.525391 0.448242 0.0234375 0.0273438
0 0.557617 0.689453 0.0644531 0.0175781
0 0.819336 0.516602 0.046875 0.0234375
0 0.419922 0.561035 0.0546875 0.0185547
0 0.6875 0.397461 0.0390625 0.0253906
0 0.410156 0.646484 0.0703125 0.015625
0 0.574219 0.361328 0.0332031 0.0273438
0 0.408691 0.620117 0.0380859 0.0214844
0 0.348145 0.355957 0.0224609 0.0283203
0 0.459473 0.291016 0.0576172 0.0214844
0 0.586914 0.490723 0.0625 0.0185547
0 0.830078 0.392578 0.0527344 0.0117188
0 0.415039 0.416016 0.0527344 0.0195312
0 0.362305 0.32373 0.0410156 0.0244141
0 0.831543 0.483398 0.0537109 0.015625
0 0.789062 0.442871 0.0292969 0.0224609
0 0.617188 0.286621 0.0351562 0.0302734
0 0.338867 0.605469 0.0585938 0.0175781
0 0.701172 0.587402 0.0214844 0.0263672
0 0.435547 0.355469 0.0644531 0.0117188
0 0.56543 0.275391 0.0664062 0.0234375
0 0.671875 0.367188 0.0371094 0.0253906
0 0.665039 0.632812 0.0195312 0.0292969
0 0.673828 0.522949 0.0332031 0.0224609
0 0.314941 0.357422 0.0263672 0.0234375
0 0.229492 0.604492 0.0527344 0.015625
0 0.330566 0.504883 0.0400391 0.03125
0 0.380859 0.379883 0.0371094 0.0234375
0 0.753418 0.638672 0.0498047 0.0175781
0 0.556641 0.341797 0.0332031 0.0292969
0 0.712402 0.626953 0.0302734 0.0332031
0 0.50293 0.678711 0.0488281 0.0253906
0 0.310059 0.412109 0.0302734 0.0273438
0 0.688477 0.527832 0.0390625 0.0205078
0 0.314453 0.54541 0.0488281 0.0146484
0 0.724609 0.580566 0.0332031 0.0263672
0 0.179688 0.34668 0.0644531 0.0117188
0 0.712402 0.440918 0.0615234 0.0126953
0 0.368652 0.518555 0.0380859 0.0234375
0 0.869141 0.548828 0.0566406 0.0273438
0 0.184082 0.522949 0.0380859 0.0263672
0 0.193359 0.583496 0.0429688 0.0244141
0 0.565918 0.383789 0.0615234 0.015625
0 0.894043 0.408203 0.0224609 0.0332031
0 0.470215 0.581055 0.0244141 0.0273438
0 0.683594 0.487305 0.0507812 0.0234375
0 0.770508 0.354492 0.0351562 0.03125
0 0.615723 0.507812 0.0419922 0.0253906
0 0.539062 0.560547 0.0253906 0.0234375
0 0.23291 0.408691 0.0634766 0.0166016
0 0.821289 0.607422 0.0507812 0.0136719
0 0.21875 0.547852 0.0273438 0.0273438
0 0.506836 0.327148 0.0234375 0.0292969
0 0.481934 0.657715 0.0576172 0.0185547
0 0.484863 0.585449 0.0283203 0.0263672
0 0.26709 0.59668 0.0322266 0.0273438
0 0.34668 0.636719 0.0332031 0.0253906
0 0.817871 0.40918 0.0478516 0.0234375
0 0.260742 0.506836 0.0371094 0.0253906
0 0.338867 0.422852 0.0273438 0.0273438
0 0.648926 0.57373 0.0361328 0.0244141
0 0.177734 0.549316 0.0566406 0.0224609
0 0.586914 0.547363 0.03125 0.0302734
0 0.684082 0.589355 0.0244141 0.0263672
0 0.756836 0.458984 0.0390625 0.0253906
0 0.150879 0.479004 0.0283203 0.0283203
0 0.285156 0.345215 0.0253906 0.0283203
0 0.603027 0.432617 0.0419922 0.0273438
0 0.838379 0.497559 0.0537109 0.0205078
0 0.255859 0.358887 0.0351562 0.0302734
0 0.199707 0.618164 0.0205078 0.03125
0 0.385742 0.507324 0.0332031 0.0244141
0 0.869629 0.515137 0.0400391 0.0283203
0 0.789062 0.638672 0.0488281 0.0214844
0 0.160156 0.64502 0.0585938 0.0205078
0 0.843262 0.585938 0.0537109 0.015625
0 0.510254 0.277344 0.0341797 0.0292969
0 0.735352 0.498535 0.03125 0.0283203
0 0.727539 0.387695 0.03125 0.0273438
0 0.483398 0.441895 0.0449219 0.0224609
