0 0.566895 0.773438 0.0205078 0.0253906
0 0.560547 0.34668 0.0214844 0.0253906
0 0.588379 0.538086 0.0205078 0.0527344
0 0.474609 0.388184 0.0234375 0.0361328
0 0.356934 0.483887 0.0263672 0.0283203
0 0.417969 0.672363 0.0234375 0.0439453
0 0.585449 0.585938 0.0166016 0.0429688
0 0.472168 0.300293 0.0283203 0.0361328
0 0.586426 0.43457 0.0126953 0.0429688
0 0.589844 0.396484 0.0175781 0.0410156
0 0.539551 0.597656 0.0224609 0.0390625
0 0.547852 0.412598 0.0136719 0.0458984
0 0.509766 0.388184 0.0136719 0.0478516
0 0.401855 0.628906 0.0244141 0.0429688
0 0.528809 0.774414 0.0283203 0.0273438
0 0.363281 0.594727 0.0136719 0.0410156
0 0.466797 0.75 0.0253906 0.0253906
0 0.394531 0.515625 0.0234375 0.0273438
0 0.533203 0.794922 0.0175781 0.0332031
0 0.535156 0.393066 0.0136719 0.0478516
0 0.518066 0.386719 0.0126953 0.0507812
0 0.562988 0.428223 0.0185547 0.0419922
0 0.392578 0.445801 0.0234375 0.0283203
0 0.516602 0.618164 0.0273438 0.0332031
0 0.563965 0.570801 0.0263672 0.0283203
0 0.495117 0.33252 0.0117188 0.0458984
0 0.428711 0.62207 0.0195312 0.0546875
0 0.489258 0.86084 0.0175781 0.0556641
0 0.472168 0.398438 0.0263672 0.0253906
0 0.460449 0.290039 0.0244141 0.0371094
0 0.544434 0.626953 0.0283203 0.03125
0 0.470215 0.790039 0.0166016 0.046875
0 0.401855 0.572754 0.0185547 0.0400391
0 0.479004 0.537109 0.0185547 0.0371094
0 0.356934 0.410645 0.0185547 0.0419922
0 0.419434 0.580566 0.0263672 0.0341797
0 0.413086 0.710449 0.0175781 0.0439453
0 0.564453 0.381836 0.0253906 0.0273438
0 0.398438 0.537109 0.0273438 0.0273438
0 0.595703 0.499512 0.0234375 0.0263672
0 0.376953 0.671875 0.0195312 0.046875
0 0.557129 0.455566 0.0263672 0.0302734
0 0.412598 0.650879 0.0263672 0.0283203
0 0.387695 0.634766 0.0195312 0.0390625
0 0.497559 0.650391 0.0263672 0.0332031
0 0.366699 0.500977 0.0185547 0.0527344
0 0.570801 0.594727 0.0205078 0.0273438
0 0.596191 0.444336 0.0146484 0.0410156
0 0.367188 0.433594 0.015625 0.0429688
0 0.556641 0.609863 0.0175781 0.0419922
0 0.369629 0.389648 0.0224609 0.046875
0 0.36084 0.567383 0.0302734 0.03125
0 0.472168 0.731445 0.0224609 0.03125
0 0.387207 0.425293 0.0224609 0.0400391
0 0.444824 0.290039 0.0166016 0.0585938
0 0.575684 0.618652 0.0244141 0.0244141
0 0.430664 0.311035 0.0175781 0.0576172
0 0.37793 0.622559 0.0195312 0.0537109
0 0.417969 0.398438 0.0195312 0.0351562
0 0.555664 0.303711 0.0273438 0.0253906
0 0.450195 0.558594 0.0195312 0.046875
0 0.525391 0.35498 0.0195312 0.0458984
0 0.385742 0.506348 0.0253906 0.0419922
0 0.534668 0.74707 0.0322266 0.03125
0 0.48584 0.331055 0.0146484 0.0527344
0 0.382812 0.325684 0.0332031 0.0400391
0 0.351562 0.618652 0.0253906 0.0341797
0 0.470703 0.55957 0.03125 0.0273438
0 0.54248 0.34082 0.0185547 0.0488281
0 0.615723 0.081543 0.0205078 0.0693359
0 0.486328 0.772949 0.0175781 0.0458984
0 0.576172 0.301758 0.0175781 0.0449219
0 0.538574 0.70166 0.0224609 0.0380859
0 0.386719 0.550293 0.0195312 0.0458984
0 0.408203 0.379395 0.0195312 0.0556641
0 0.59375 0.474609 0.03125 0.0273438
0 0.616699 0.53418 0.0244141 0.0332031
0 0.432617 0.702148 0.0234375 0.0429688
0 0.469238 0.361328 0.0263672 0.0273438
0 0.361816 0.465332 0.0302734 0.0283203
0 0.391113 0.361328 0.0244141 0.03125
0 0.578125 0.669434 0.0253906 0.0322266
0 0.501465 0.310059 0.0185547 0.0537109
0 0.567383 0.405273 0.0175781 0.0429688
0 0.497559 0.364746 0.0283203 0.0302734
0 0.439941 0.672363 0.0263672 0.0341797
0 0.626953 0.587891 0.0175781 0.046875
0 0.694824 0.438477 0.0224609 0.0429688
0 0.388184 0.382812 0.0244141 0.0332031
0 0.454102 0.635742 0.0253906 0.046875
0 0.347656 0.663574 0.0214844 0.0458984
0 0.481934 0.691406 0.0302734 0.0332031
0 0.498047 0.747559 0.0253906 0.0341797
0 0.453125 0.349121 0.0292969 0.0302734
