0 0.312012 0.29834 0.0556641 0.0380859
0 0.594727 0.664551 0.0449219 0.0478516
0 0.555664 0.530762 0.0410156 0.0498047
0 0.595703 0.738281 0.0429688 0.0488281
0 0.43457 0.36084 0.0410156 0.0439453
0 0.638672 0.495117 0.0371094 0.0488281
0 0.334473 0.402344 0.0439453 0.0527344
0 0.791992 0.405273 0.0527344 0.03125
0 0.834961 0.435059 0.0566406 0.0244141
0 0.450684 0.539062 0.0419922 0.0429688
0 0.335938 0.545898 0.0546875 0.0488281
0 0.225098 0.349609 0.0595703 0.03125
0 0.439453 0.574707 0.0625 0.0361328
0 0.199219 0.635742 0.0625 0.0410156
0 0.56543 0.293457 0.0488281 0.0380859
0 0.525391 0.463379 0.0625 0.0341797
0 0.740234 0.450195 0.0546875 0.0351562
