0 0.556641 0.504395 0.0507812 0.0673828
0 0.336914 0.649902 0.0351562 0.0458984
0 0.48877 0.495605 0.0537109 0.0302734
0 0.245605 0.635742 0.0478516 0.160156
0 0.337891 0.592773 0.0566406 0.0585938
0 0.641602 0.489746 0.0390625 0.0654297
0 0.599609 0.488281 0.0332031 0.0996094
0 0.466797 0.523438 0.0410156 0.0546875
0 0.478516 0.362305 0.0507812 0.078125
0 0.411133 0.504883 0.03125 0.0820312
0 0.353027 0.527344 0.0458984 0.0800781
0 0.521484 0.453125 0.078125 0.0605469
0 0.373047 0.404297 0.0585938 0.0800781
0 0.615723 0.563965 0.0615234 0.0576172
0 0.547363 0.567383 0.0263672 0.0722656
0 0.469727 0.566406 0.0546875 0.0585938
0 0.427734 0.691406 0.0507812 0.0683594
