0 0.651855 0.564941 0.0185547 0.0302734
0 0.669922 0.44873 0.0175781 0.0283203
0 0.455078 0.714355 0.0273438 0.0361328
0 0.519531 0.57373 0.0195312 0.0263672
0 0.645508 0.409668 0.0175781 0.0341797
0 0.668457 0.462891 0.0185547 0.0253906
0 0.468262 0.303223 0.0166016 0.0380859
0 0.525879 0.43457 0.0126953 0.0410156
0 0.668945 0.433594 0.0136719 0.03125
0 0.480469 0.59375 0.015625 0.0195312
0 0.645996 0.441406 0.0126953 0.0332031
0 0.674805 0.433594 0.0136719 0.0351562
0 0.57959 0.324219 0.0185547 0.0273438
0 0.669922 0.520996 0.0117188 0.0400391
0 0.525879 0.562988 0.0244141 0.0263672
0 0.604492 0.324707 0.0136719 0.0380859
0 0.600586 0.30957 0.015625 0.0292969
0 0.5625 0.366211 0.015625 0.0292969
0 0.541992 0.580078 0.0234375 0.0234375
0 0.650391 0.410156 0.0117188 0.0273438
0 0.571777 0.347656 0.0185547 0.03125
0 0.638672 0.410156 0.0117188 0.0429688
0 0.581055 0.739258 0.0136719 0.0292969
0 0.503906 0.416992 0.0117188 0.0410156
0 0.576172 0.716797 0.015625 0.03125
0 0.383789 0.495117 0.0234375 0.0253906
0 0.628906 0.416504 0.0195312 0.0361328
0 0.524902 0.345703 0.0185547 0.0273438
0 0.654785 0.473633 0.0146484 0.0371094
0 0.462402 0.317871 0.0185547 0.0498047
0 0.570312 0.532227 0.015625 0.0371094
0 0.660156 0.416992 0.0117188 0.0292969
0 0.682617 0.450684 0.0136719 0.0361328
0 0.477051 0.358887 0.0146484 0.0478516
0 0.626953 0.32666 0.0214844 0.0166016
0 0.495117 0.41748 0.0136719 0.0439453
0 0.398926 0.342773 0.0205078 0.0351562
0 0.563965 0.328125 0.0166016 0.0234375
0 0.582031 0.370117 0.0195312 0.0253906
0 0.576172 0.383789 0.0195312 0.0214844
0 0.658203 0.446289 0.015625 0.0292969
0 0.515625 0.440918 0.015625 0.0419922
0 0.442383 0.37207 0.0136719 0.0371094
0 0.679688 0.535156 0.0117188 0.0429688
0 0.587402 0.352539 0.0126953 0.0332031
0 0.553711 0.381836 0.0136719 0.0410156
0 0.652344 0.356445 0.0195312 0.0234375
0 0.540039 0.430664 0.0195312 0.0273438
0 0.609863 0.338867 0.0205078 0.0214844
0 0.526367 0.412109 0.0195312 0.0195312
0 0.652344 0.576172 0.0234375 0.0273438
0 0.46875 0.805664 0.015625 0.0488281
0 0.497559 0.679688 0.0224609 0.0234375
0 0.558594 0.345215 0.0214844 0.0244141
0 0.546387 0.574707 0.0244141 0.0224609
0 0.516602 0.797852 0.0136719 0.0410156
0 0.512695 0.366211 0.0253906 0.0253906
0 0.671387 0.624023 0.0146484 0.0429688
0 0.364746 0.348633 0.0166016 0.0410156
0 0.652344 0.42627 0.0214844 0.0205078
0 0.375977 0.512695 0.0234375 0.0292969
0 0.633789 0.454102 0.0253906 0.0214844
0 0.601074 0.649902 0.0146484 0.0439453
0 0.697754 0.452148 0.0205078 0.0253906
0 0.561523 0.530273 0.0136719 0.0410156
0 0.552246 0.458984 0.0224609 0.0234375
0 0.620605 0.352051 0.0126953 0.0400391
0 0.676758 0.37207 0.0136719 0.046875
0 0.461914 0.450684 0.0136719 0.0439453
0 0.32959 0.479004 0.0244141 0.0341797
0 0.545898 0.539062 0.0234375 0.0351562
0 0.556641 0.423828 0.0234375 0.0234375
0 0.61377 0.661621 0.0146484 0.0419922
0 0.551758 0.444336 0.0253906 0.0253906
0 0.500977 0.45459 0.0136719 0.0439453
0 0.662109 0.541016 0.015625 0.0429688
0 0.469238 0.606934 0.0244141 0.0185547
0 0.527832 0.543945 0.0224609 0.0253906
0 0.699219 0.466309 0.0234375 0.0205078
0 0.584961 0.508789 0.0234375 0.0253906
0 0.644531 0.558594 0.0214844 0.03125
0 0.655273 0.615234 0.0136719 0.0390625
0 0.478027 0.742188 0.0263672 0.0234375
0 0.647461 0.596191 0.0214844 0.0302734
0 0.569336 0.312988 0.0195312 0.0263672
0 0.575195 0.554688 0.0195312 0.0351562
0 0.632812 0.70166 0.0234375 0.0263672
0 0.541992 0.415039 0.015625 0.0332031
0 0.393066 0.362793 0.0244141 0.0244141
0 0.586914 0.329102 0.0175781 0.0292969
0 0.425293 0.339844 0.0283203 0.0351562
0 0.534668 0.459961 0.0126953 0.0449219
0 0.406738 0.294922 0.0166016 0.0429688
0 0.644043 0.47168 0.0166016 0.0292969
0 0.442871 0.480957 0.0224609 0.0263672
0 0.635254 0.53125 0.0205078 0.0351562
0 0.500488 0.349121 0.0146484 0.0380859
0 0.517578 0.331055 0.015625 0.046875
0 0.59082 0.729492 0.0136719 0.0449219
0 0.688965 0.348145 0.0166016 0.0322266
0 0.634766 0.370117 0.0234375 0.0214844
0 0.592773 0.416992 0.0253906 0.0292969
0 0.511719 0.410156 0.0175781 0.03125
0 0.668945 0.499023 0.015625 0.0292969
0 0.628418 0.314453 0.0205078 0.0273438
0 0.524902 0.723633 0.0283203 0.0292969
0 0.332031 0.646973 0.015625 0.0458984
0 0.547852 0.559082 0.0175781 0.0244141
0 0.617188 0.630859 0.015625 0.046875
0 0.702637 0.37207 0.0244141 0.0273438
0 0.631836 0.685547 0.0214844 0.0332031
0 0.516602 0.645508 0.0175781 0.0449219
0 0.419434 0.480469 0.0205078 0.0273438
0 0.504883 0.12207 0.0175781 0.0332031
0 0.485352 0.334961 0.0175781 0.0371094
0 0.563965 0.750488 0.0185547 0.0400391
0 0.451172 0.70459 0.0253906 0.0263672
0 0.412109 0.245605 0.0234375 0.0498047
0 0.438965 0.53125 0.0185547 0.0390625
0 0.500977 0.589844 0.0253906 0.0253906
0 0.307129 0.326172 0.0166016 0.046875
0 0.582031 0.431152 0.0195312 0.0205078
0 0.696777 0.408203 0.0146484 0.0371094
0 0.498047 0.575195 0.0234375 0.0234375
0 0.677734 0.321289 0.0175781 0.0390625
0 0.71875 0.401855 0.0195312 0.0283203
0 0.693359 0.321777 0.0234375 0.0205078
0 0.664551 0.699219 0.0185547 0.03125
0 0.498047 0.285645 0.0117188 0.0400391
0 0.403809 0.395508 0.0244141 0.0253906
0 0.583008 0.270996 0.0253906 0.0244141
0 0.648926 0.333984 0.0146484 0.0371094
0 0.701172 0.350098 0.0195312 0.0244141
0 0.606445 0.695312 0.0214844 0.0234375
0 0.37793 0.155273 0.0214844 0.0371094
0 0.495605 0.723145 0.0244141 0.0224609
0 0.683105 0.419922 0.0224609 0.0253906
0 0.524414 0.260742 0.0253906 0.03125
0 0.541992 0.341309 0.0214844 0.0302734
0 0.500977 0.697266 0.0175781 0.0390625
0 0.661621 0.333008 0.0166016 0.0351562
0 0.694336 0.482422 0.0214844 0.0273438
0 0.521484 0.665039 0.0195312 0.0410156
0 0.401855 0.371582 0.0185547 0.0322266
0 0.59668 0.526855 0.0214844 0.0244141
0 0.595703 0.701172 0.0195312 0.03125
0 0.480469 0.858398 0.015625 0.046875
0 0.459961 0.724609 0.0234375 0.0273438
0 0.646973 0.532227 0.0166016 0.0371094
0 0.688477 0.390625 0.0136719 0.03125
0 0.486816 0.311035 0.0185547 0.0380859
0 0.478027 0.722656 0.0185547 0.03125
0 0.720703 0.441406 0.0234375 0.0234375
0 0.361816 0.485352 0.0205078 0.0332031
0 0.666016 0.305176 0.015625 0.0341797
0 0.697754 0.433594 0.0185547 0.0332031
0 0.463867 0.473633 0.0195312 0.0410156
0 0.632812 0.348145 0.0195312 0.0244141
0 0.462402 0.576172 0.0244141 0.0273438
0 0.699707 0.52002 0.0263672 0.0224609
0 0.65625 0.37207 0.0195312 0.0332031
0 0.618164 0.417969 0.0175781 0.0351562
0 0.507812 0.27832 0.015625 0.0449219
0 0.457031 0.855469 0.0234375 0.03125
0 0.371582 0.439453 0.0283203 0.03125
0 0.575684 0.698242 0.0166016 0.0410156
0 0.480957 0.410645 0.0185547 0.0439453
0 0.478027 0.69043 0.0224609 0.0449219
0 0.526855 0.789062 0.0185547 0.0351562
0 0.543945 0.503906 0.0214844 0.03125
