0 0.375977 0.894531 0.03125 0.0351562
0 0.691406 0.606445 0.0273438 0.0332031
0 0.854492 0.52832 0.0410156 0.0234375
0 0.546875 0.513672 0.0585938 0.03125
0 0.466797 0.53125 0.0429688 0.0332031
0 0.487305 0.564453 0.0488281 0.0292969
0 0.456543 0.244141 0.0302734 0.0546875
0 0.463867 0.210449 0.0449219 0.0322266
0 0.455566 0.559082 0.0439453 0.0380859
0 0.31543 0.632324 0.0253906 0.0595703
0 0.45752 0.294922 0.0224609 0.0507812
0 0.384277 0.501953 0.0419922 0.0273438
0 0.417969 0.164551 0.0351562 0.0458984
0 0.607422 0.723145 0.0292969 0.0595703
0 0.353027 0.307617 0.0498047 0.0371094
