0 0.422852 0.625977 0.0644531 0.0429688
0 0.483398 0.502441 0.0605469 0.0537109
0 0.0131836 0.40918 0.0263672 0.0390625
0 0.383789 0.688477 0.03125 0.0820312
0 0.552734 0.467773 0.0644531 0.0566406
0 0.385742 0.593262 0.0292969 0.0712891
0 0.431641 0.54834 0.0644531 0.0810547
0 0.458984 0.403809 0.0742188 0.0595703
0 0.396484 0.416992 0.0800781 0.0527344
0 0.473145 0.37793 0.0751953 0.0507812
0 0.606934 0.799316 0.0361328 0.104492
0 0.905273 0.510254 0.0390625 0.0771484
0 0.472656 0.608398 0.0566406 0.0957031
0 0.413086 0.609863 0.0664062 0.0654297
0 0.633789 0.65918 0.0351562 0.0976562
0 0.481445 0.703125 0.0625 0.0957031
0 0.621094 0.574219 0.0332031 0.105469
0 0.569336 0.625488 0.0683594 0.0537109
0 0.495117 0.632324 0.0390625 0.114258
0 0.480957 0.455078 0.0771484 0.0742188
0 0.440918 0.749512 0.0556641 0.0947266
0 0.421875 0.673828 0.0644531 0.0722656
