0 0.473633 0.494141 0.0273438 0.0292969
0 0.338867 0.727051 0.0195312 0.0341797
0 0.623535 0.662109 0.0244141 0.0175781
0 0.48291 0.0175781 0.0166016 0.03125
0 0.510742 0.608398 0.0214844 0.0195312
0 0.625 0.0698242 0.015625 0.0205078
0 0.55957 0.0932617 0.015625 0.0400391
0 0.456543 0.565918 0.0224609 0.0478516
0 0.638184 0.10498 0.0322266 0.0107422
0 0.628418 0.216797 0.0185547 0.0507812
0 0.422852 0.732422 0.0273438 0.0332031
0 0.333496 0.707031 0.0224609 0.0253906
0 0.489258 0.557129 0.0234375 0.0361328
0 0.154785 0.0849609 0.0146484 0.0410156
0 0.449219 0.634766 0.0117188 0.0371094
0 0.431641 0.243652 0.0117188 0.0439453
0 0.449707 0.556641 0.0205078 0.0410156
0 0.359863 0.61084 0.0146484 0.0419922
0 0.427734 0.666992 0.0253906 0.0195312
0 0.656738 0.0908203 0.0322266 0.0214844
0 0.445312 0.0844727 0.0117188 0.0400391
0 0.163574 0.0898438 0.0185547 0.0371094
0 0.388672 0.710449 0.0234375 0.0498047
0 0.392578 0.734375 0.0332031 0.0273438
0 0.342285 0.0507812 0.0205078 0.0429688
0 0.209473 0.482422 0.0302734 0.0175781
0 0.521484 0.0708008 0.0273438 0.0166016
0 0.443359 0.779785 0.015625 0.0458984
0 0.28125 0.738281 0.0195312 0.0273438
0 0.541992 0.0947266 0.0234375 0.0273438
0 0.224121 0.446289 0.0185547 0.046875
0 0.333008 0.647461 0.0175781 0.0410156
0 0.458984 0.736816 0.0195312 0.0419922
0 0.545898 0.559082 0.015625 0.0498047
0 0.47168 0.0761719 0.03125 0.0214844
0 0.443359 0.856934 0.0253906 0.0380859
0 0.434082 0.699219 0.0283203 0.0273438
0 0.352051 0.716309 0.0244141 0.0380859
0 0.143066 0.205566 0.0341797 0.0322266
0 0.616699 0.335449 0.0166016 0.0498047
0 0.440918 0.736816 0.0146484 0.0419922
0 0.578125 0.70752 0.0273438 0.0263672
0 0.387695 0.335449 0.0371094 0.0380859
0 0.294922 0.505859 0.03125 0.0253906
0 0.375977 0.705566 0.00976562 0.0419922
0 0.347656 0.615234 0.0175781 0.0429688
0 0.238281 0.271973 0.0253906 0.0400391
0 0.73877 0.640625 0.0185547 0.0449219
0 0.473633 0.608398 0.0253906 0.0410156
0 0.605469 0.345215 0.00976562 0.0478516
0 0.390625 0.206543 0.0273438 0.0263672
0 0.50293 0.558594 0.015625 0.0429688
0 0.387695 0.186035 0.03125 0.0166016
0 0.463867 0.474121 0.0273438 0.0322266
0 0.206543 0.44043 0.0146484 0.0429688
0 0.258301 0.879395 0.0400391 0.0302734
0 0.443359 0.529297 0.0175781 0.0390625
0 0.413086 0.0839844 0.015625 0.0332031
0 0.235352 0.897949 0.0214844 0.0400391
0 0.560059 0.529297 0.0400391 0.0332031
0 0.60498 0.598633 0.0302734 0.015625
0 0.239746 0.742676 0.0263672 0.0146484
0 0.538086 0.0678711 0.0292969 0.0244141
0 0.35791 0.695801 0.0263672 0.0341797
0 0.589355 0.543457 0.0185547 0.0478516
0 0.581055 0.436523 0.0195312 0.0449219
0 0.70166 0.0952148 0.0341797 0.0166016
0 0.428711 0.788086 0.0253906 0.0273438
0 0.216309 0.790527 0.0244141 0.0498047
0 0.250488 0.698242 0.0126953 0.03125
0 0.365234 0.564453 0.015625 0.046875
0 0.144531 0.168945 0.0253906 0.0351562
0 0.31543 0.433594 0.0253906 0.0351562
0 0.408691 0.230469 0.0126953 0.0488281
0 0.493652 0.36377 0.0361328 0.0263672
0 0.529785 0.160645 0.0185547 0.0478516
0 0.121094 0.0922852 0.0195312 0.0380859
0 0.379883 0.609375 0.0292969 0.0253906
0 0.40332 0.375488 0.0351562 0.0166016
0 0.467285 0.319336 0.0302734 0.0273438
0 0.687012 0.32666 0.0263672 0.0439453
0 0.304688 0.630371 0.0332031 0.0185547
0 0.185059 0.0820312 0.0283203 0.0273438
0 0.608887 0.100098 0.0244141 0.0205078
0 0.379883 0.172852 0.0332031 0.0332031
0 0.177246 0.372559 0.0283203 0.0400391
0 0.534668 0.11084 0.0283203 0.0263672
0 0.290039 0.485352 0.0292969 0.0253906
0 0.776855 0.385742 0.0185547 0.0527344
0 0.611328 0.284668 0.0136719 0.0458984
0 0.62793 0.695312 0.0253906 0.0273438
0 0.262207 0.654785 0.0205078 0.0478516
0 0.600098 0.472168 0.0341797 0.0205078
0 0.357422 0.165039 0.0136719 0.0429688
0 0.539062 0.508301 0.03125 0.0263672
0 0.492676 0.39209 0.0244141 0.0458984
0 0.266113 0.71582 0.0302734 0.03125
0 0.686523 0.614258 0.0234375 0.0390625
0 0.626465 0.090332 0.0244141 0.0244141
0 0.293945 0.657715 0.0351562 0.0205078
0 0.567871 0.496094 0.0302734 0.0410156
0 0.423828 0.563477 0.03125 0.0371094
