0 0.459473 0.627441 0.0361328 0.0458984
0 0.54248 0.586426 0.0205078 0.0478516
0 0.524414 0.54541 0.0214844 0.0791016
0 0.624023 0.505371 0.0390625 0.0498047
0 0.474121 0.593262 0.0283203 0.0400391
0 0.429688 0.694824 0.0332031 0.0302734
0 0.537109 0.541992 0.0371094 0.0878906
0 0.458984 0.702637 0.0429688 0.0283203
0 0.644531 0.491699 0.0273438 0.0576172
0 0.435547 0.717773 0.0273438 0.0390625
0 0.62207 0.615723 0.0292969 0.0400391
0 0.709473 0.632324 0.0224609 0.0654297
0 0.607422 0.444336 0.0332031 0.046875
0 0.491211 0.474609 0.0351562 0.0390625
0 0.610352 0.626465 0.0175781 0.0439453
0 0.468262 0.481934 0.0205078 0.0615234
0 0.67627 0.498047 0.0322266 0.0625
0 0.440918 0.591797 0.0263672 0.0566406
0 0.453125 0.66748 0.0507812 0.0361328
0 0.518555 0.652344 0.0175781 0.0722656
0 0.560059 0.236328 0.0166016 0.0644531
0 0.584961 0.631348 0.0175781 0.0712891
0 0.540039 0.643066 0.03125 0.0595703
0 0.604492 0.330078 0.0410156 0.0722656
0 0.653809 0.540039 0.0380859 0.0292969
0 0.415527 0.727539 0.0380859 0.0234375
0 0.51709 0.334961 0.0224609 0.0742188
0 0.488281 0.707031 0.0371094 0.0566406
0 0.525391 0.257812 0.0488281 0.0546875
0 0.685059 0.65332 0.0419922 0.0273438
0 0.475098 0.568848 0.0478516 0.0498047
0 0.496582 0.693848 0.0322266 0.0400391
0 0.741211 0.550293 0.0507812 0.0458984
0 0.333984 0.271973 0.0527344 0.0517578
0 0.651855 0.4375 0.0205078 0.078125
0 0.62793 0.430176 0.0253906 0.0673828
0 0.645996 0.637695 0.0283203 0.0488281
0 0.604492 0.652344 0.0195312 0.0664062
0 0.487305 0.628906 0.0371094 0.0488281
0 0.613281 0.472656 0.0429688 0.03125
0 0.577637 0.344238 0.0263672 0.0537109
0 0.47168 0.528809 0.0292969 0.0810547
0 0.540039 0.329102 0.0410156 0.0371094
0 0.663086 0.625488 0.0410156 0.0380859
0 0.633789 0.792969 0.0351562 0.0664062
0 0.539062 0.384766 0.0195312 0.0644531
0 0.458984 0.820312 0.0253906 0.0917969
0 0.537109 0.496094 0.03125 0.0546875
0 0.64209 0.58252 0.0263672 0.0595703
0 0.496582 0.668945 0.0283203 0.0527344
0 0.491211 0.335938 0.0390625 0.0625
0 0.417969 0.574707 0.0214844 0.0654297
0 0.615234 0.802734 0.0488281 0.0566406
0 0.750977 0.804688 0.0351562 0.046875
0 0.680664 0.69043 0.0234375 0.0683594
0 0.45166 0.539062 0.0205078 0.0742188
0 0.667969 0.391602 0.0449219 0.0566406
0 0.45166 0.461426 0.0224609 0.0810547
0 0.546875 0.235352 0.0234375 0.0722656
0 0.550293 0.429199 0.0283203 0.0732422
0 0.704102 0.701172 0.0234375 0.0820312
0 0.466309 0.412598 0.0283203 0.0673828
0 0.54248 0.675293 0.0361328 0.0341797
0 0.566406 0.286621 0.0371094 0.0400391
0 0.516113 0.604004 0.0400391 0.0419922
0 0.564453 0.629883 0.0292969 0.0664062
0 0.577637 0.678223 0.0458984 0.0361328
0 0.557617 0.37207 0.0273438 0.0585938
0 0.50293 0.378906 0.03125 0.0703125
0 0.442383 0.373047 0.0390625 0.0664062
0 0.5625 0.549805 0.0292969 0.0683594
0 0.61084 0.581543 0.0458984 0.0341797
0 0.665527 0.57666 0.0263672 0.0478516
0 0.433105 0.461914 0.0263672 0.0761719
0 0.431641 0.630371 0.0253906 0.0595703
0 0.638672 0.387207 0.0332031 0.0654297
0 0.574219 0.404297 0.0351562 0.0683594
0 0.410156 0.621582 0.0332031 0.0458984
0 0.602539 0.392578 0.0292969 0.0703125
0 0.477051 0.439453 0.0400391 0.0429688
0 0.710938 0.529297 0.0273438 0.0527344
0 0.743164 0.822266 0.0390625 0.0585938
0 0.600098 0.729492 0.0341797 0.0546875
0 0.680176 0.446289 0.0283203 0.0644531
0 0.560547 0.708984 0.0429688 0.0488281
0 0.730957 0.589844 0.0244141 0.0429688
0 0.514648 0.441895 0.0292969 0.0673828
0 0.464355 0.378418 0.0341797 0.0693359
0 0.573242 0.744141 0.03125 0.0410156
0 0.669434 0.93457 0.0380859 0.046875
0 0.652832 0.673828 0.0322266 0.0429688
0 0.599609 0.832031 0.0390625 0.046875
0 0.737793 0.67041 0.0439453 0.0380859
0 0.617676 0.860352 0.0400391 0.0625
0 0.506348 0.203613 0.0341797 0.0673828
0 0.425781 0.523926 0.0351562 0.0732422
0 0.632812 0.72168 0.0390625 0.0429688
0 0.453125 0.748047 0.0410156 0.0332031
0 0.583984 0.763184 0.0410156 0.0283203
0 0.412598 0.659668 0.0341797 0.0595703
0 0.427246 0.765625 0.0322266 0.0527344
0 0.541992 0.744629 0.0449219 0.0439453
0 0.514648 0.828125 0.0390625 0.0644531
0 0.508789 0.741699 0.0351562 0.0576172
