0 0.222656 0.23877 0.0585938 0.0263672
0 0.00976562 0.62207 0.0195312 0.101562
0 0.204102 0.208984 0.0605469 0.0371094
0 0.612793 0.248535 0.0673828 0.0224609
0 0.627441 0.276367 0.0751953 0.0429688
0 0.15918 0.233887 0.0527344 0.0478516
0 0.789062 0.495117 0.103516 0.03125
0 0.896973 0.285645 0.0419922 0.0478516
0 0.617188 0.617676 0.0429688 0.0517578
0 0.661133 0.636719 0.0898438 0.0195312
0 0.778809 0.486328 0.112305 0.0195312
0 0.276855 0.283203 0.0947266 0.0214844
0 0.568359 0.1875 0.130859 0.0351562
0 0.598145 0.265137 0.0908203 0.0439453
0 0.95459 0.511719 0.0869141 0.0449219
0 0.430664 0.595215 0.113281 0.0263672
0 0.163086 0.384277 0.126953 0.0380859
0 0.639648 0.160645 0.125 0.0361328
0 0.40918 0.288574 0.123047 0.0341797
0 0.421875 0.528809 0.103516 0.0400391
0 0.518066 0.27832 0.0712891 0.046875
0 0.297363 0.597656 0.0869141 0.0214844
0 0.148438 0.459473 0.115234 0.0244141
0 0.324707 0.46875 0.124023 0.0292969
0 0.272949 0.499512 0.0947266 0.0302734
0 0.437988 0.248047 0.102539 0.0273438
0 0.884766 0.462402 0.0761719 0.0400391
0 0.898926 0.244141 0.0634766 0.0527344
0 0.396973 0.631348 0.0908203 0.0341797
0 0.412109 0.401855 0.0820312 0.0498047
0 0.524414 0.356445 0.128906 0.03125
0 0.118164 0.413574 0.0722656 0.0439453
0 0.757324 0.280762 0.0810547 0.0283203
0 0.733398 0.623047 0.125 0.0507812
0 0.307129 0.299316 0.0947266 0.0224609
0 0.148926 0.436523 0.110352 0.03125
0 0.494141 0.655762 0.0820312 0.0380859
0 0.236816 0.608398 0.102539 0.0253906
0 0.624512 0.307129 0.0830078 0.0185547
0 0.201172 0.502441 0.0683594 0.0615234
0 0.266602 0.240723 0.046875 0.0458984
0 0.201172 0.181152 0.107422 0.0283203
0 0.310059 0.259766 0.0673828 0.0429688
0 0.0141602 0.244629 0.0283203 0.0458984
0 0.0410156 0.285645 0.0820312 0.0302734
0 0.0727539 0.418945 0.0693359 0.0429688
0 0.506836 0.474609 0.0761719 0.0507812
0 0.597168 0.214844 0.0732422 0.0546875
0 0.87793 0.344238 0.0390625 0.0439453
0 0.98584 0.55127 0.0283203 0.0498047
0 0.799316 0.217773 0.0869141 0.0488281
0 0.836914 0.387695 0.0585938 0.0683594
0 0.432617 0.504395 0.107422 0.0244141
0 0.900391 0.373535 0.0527344 0.0556641
0 0.161133 0.269531 0.105469 0.0273438
0 0.92627 0.284668 0.0341797 0.0458984
0 0.348145 0.603516 0.0908203 0.0371094
0 0.504395 0.115723 0.108398 0.0537109
0 0.682129 0.269531 0.0673828 0.0488281
0 0.115234 0.299316 0.0644531 0.0458984
0 0.715332 0.231445 0.0830078 0.0175781
0 0.52002 0.243652 0.0908203 0.0341797
0 0.247559 0.209961 0.0576172 0.0488281
0 0.65918 0.602539 0.0683594 0.0566406
0 0.483398 0.626953 0.0996094 0.0273438
0 0.143555 0.202148 0.0839844 0.0429688
0 0.551758 0.393555 0.0957031 0.0371094
0 0.334473 0.444824 0.0908203 0.0205078
0 0.709473 0.662109 0.0439453 0.0566406
0 0.600586 0.449219 0.0585938 0.0410156
0 0.568848 0.59668 0.0615234 0.0859375
0 0.880859 0.427734 0.0957031 0.0292969
0 0.532227 0.149902 0.0664062 0.0517578
0 0.915527 0.495605 0.0849609 0.0537109
0 0.806641 0.459961 0.0957031 0.03125
0 0.763672 0.41748 0.0429688 0.0576172
0 0.178223 0.294434 0.0712891 0.0439453
0 0.234863 0.632812 0.106445 0.0410156
0 0.620605 0.388672 0.0830078 0.0390625
0 0.302734 0.208008 0.0585938 0.0507812
0 0.642578 0.45459 0.0957031 0.0361328
0 0.917969 0.579102 0.0957031 0.0351562
0 0.0844727 0.26709 0.0498047 0.0498047
0 0.657715 0.282715 0.0693359 0.0537109
0 0.612793 0.648438 0.0849609 0.0488281
0 0.0952148 0.20459 0.0771484 0.0458984
0 0.496094 0.579102 0.0722656 0.0683594
0 0.343262 0.638184 0.0986328 0.0400391
0 0.335938 0.159668 0.0546875 0.0458984
0 0.415039 0.361328 0.0878906 0.0410156
0 0.784668 0.178223 0.0869141 0.0439453
0 0.678711 0.369141 0.0722656 0.0488281
0 0.836914 0.262207 0.0625 0.0400391
0 0.492188 0.443359 0.0996094 0.0410156
0 0.757324 0.249512 0.0791016 0.0419922
0 0.864746 0.650879 0.0419922 0.0556641
0 0.710938 0.193848 0.0683594 0.0595703
0 0.379395 0.256836 0.0693359 0.0585938
0 0.1875 0.347656 0.0664062 0.0527344
