0 0.419922 0.375488 0.0078125 0.0263672
0 0.722656 0.617188 0.0195312 0.0351562
0 0.708008 0.615234 0.0136719 0.0351562
0 0.408203 0.753906 0.0214844 0.015625
1 0.661133 0.477051 0.0429688 0.0732422
0 0.474609 0.65918 0.0234375 0.0214844
0 0.50293 0.695312 0.0214844 0.0234375
0 0.729492 0.580078 0.0195312 0.046875
0 0.514648 0.674805 0.0214844 0.0214844
0 0.734863 0.474121 0.0205078 0.0361328
0 0.688965 0.603516 0.0283203 0.0273438
0 0.407715 0.658203 0.0166016 0.015625
0 0.52002 0.688477 0.0185547 0.0175781
0 0.647461 0.510254 0.0273438 0.0166016
1 0.616211 0.64502 0.0429688 0.0712891
0 0.377441 0.538086 0.0146484 0.0214844
