0 0.0673828 0.463379 0.0351562 0.0419922
0 0.148926 0.350098 0.0380859 0.0712891
0 0.133789 0.404297 0.0214844 0.0683594
0 0.616211 0.475098 0.03125 0.0439453
0 0.0888672 0.537598 0.0332031 0.0322266
0 0.614258 0.757324 0.0214844 0.0791016
0 0.303711 0.434082 0.0371094 0.0537109
0 0.0415039 0.498047 0.0263672 0.0761719
0 0.191406 0.374023 0.0390625 0.046875
0 0.810547 0.428223 0.0488281 0.0283203
0 0.274414 0.670898 0.0449219 0.0625
0 0.50293 0.458008 0.0390625 0.0449219
0 0.413574 0.600098 0.0302734 0.0751953
0 0.416992 0.543945 0.0371094 0.078125
0 0.634277 0.477539 0.0283203 0.078125
0 0.430664 0.651367 0.0234375 0.0722656
0 0.293457 0.633789 0.0498047 0.0449219
0 0.45752 0.634277 0.0302734 0.0517578
0 0.516602 0.728027 0.0195312 0.0908203
0 0.609375 0.581055 0.0410156 0.0761719
0 0.327637 0.461426 0.0322266 0.0419922
0 0.347656 0.163574 0.0371094 0.0810547
0 0.638184 0.632812 0.0224609 0.0761719
0 0.657227 0.881348 0.0292969 0.0478516
0 0.174805 0.817871 0.0273438 0.0615234
0 0.411133 0.766602 0.0332031 0.09375
0 0.580566 0.366211 0.0361328 0.0605469
