0 0.509277 0.457031 0.0380859 0.0214844
0 0.492676 0.487305 0.0458984 0.0410156
0 0.507324 0.302734 0.0361328 0.0371094
0 0.413086 0.558105 0.0175781 0.0517578
0 0.48584 0.515625 0.0439453 0.0234375
0 0.450195 0.496582 0.03125 0.0419922
0 0.511719 0.555664 0.0488281 0.0351562
0 0.516113 0.4375 0.0537109 0.0253906
0 0.474609 0.394531 0.0273438 0.0683594
0 0.439941 0.560547 0.0380859 0.0566406
0 0.521973 0.603027 0.0439453 0.0537109
0 0.54248 0.45752 0.0439453 0.0244141
0 0.525391 0.520508 0.046875 0.0214844
0 0.48584 0.311035 0.0419922 0.0419922
0 0.489258 0.376953 0.0195312 0.0566406
0 0.464844 0.431152 0.0527344 0.0380859
0 0.453125 0.450684 0.0507812 0.0419922
0 0.500488 0.568359 0.0498047 0.03125
0 0.502441 0.414551 0.0458984 0.0283203
0 0.537598 0.32959 0.0458984 0.0537109
0 0.563477 0.588867 0.0507812 0.03125
0 0.444824 0.671387 0.0517578 0.0224609
0 0.43457 0.476562 0.0546875 0.0253906
0 0.495605 0.640625 0.0478516 0.046875
0 0.466309 0.563477 0.0283203 0.0546875
0 0.443359 0.527832 0.0390625 0.0419922
0 0.533691 0.373047 0.0302734 0.0429688
0 0.400391 0.548828 0.0292969 0.0761719
0 0.480469 0.474121 0.0390625 0.0556641
0 0.473633 0.600586 0.0449219 0.0410156
0 0.572266 0.472656 0.0429688 0.046875
0 0.404785 0.650391 0.0341797 0.0683594
0 0.459473 0.335449 0.0419922 0.0576172
0 0.541016 0.399414 0.03125 0.0585938
0 0.535645 0.549316 0.0478516 0.0419922
0 0.447754 0.629883 0.0419922 0.0625
0 0.456055 0.387207 0.03125 0.0654297
0 0.504395 0.363281 0.0263672 0.0664062
0 0.524414 0.484375 0.046875 0.03125
0 0.425781 0.710938 0.0429688 0.0488281
0 0.585449 0.556641 0.0498047 0.0371094
0 0.509277 0.692383 0.0400391 0.0585938
