0 0.430176 0.609375 0.0126953 0.03125
0 0.560059 0.442383 0.0205078 0.0292969
0 0.495117 0.816406 0.015625 0.0429688
0 0.535156 0.349609 0.0273438 0.0234375
0 0.412598 0.743652 0.0205078 0.0341797
0 0.365234 0.972656 0.015625 0.03125
0 0.42041 0.611328 0.0126953 0.0507812
0 0.527832 0.34082 0.0263672 0.0234375
0 0.428711 0.366699 0.015625 0.0380859
0 0.452148 0.495117 0.0195312 0.0429688
0 0.444824 0.492676 0.0126953 0.0419922
0 0.526367 0.324219 0.0195312 0.0332031
0 0.456543 0.325195 0.0185547 0.03125
0 0.706055 0.387207 0.0195312 0.0419922
0 0.381348 0.691406 0.0244141 0.0253906
0 0.410156 0.370117 0.0214844 0.0292969
0 0.483887 0.818848 0.0205078 0.0244141
0 0.428711 0.588867 0.0214844 0.0332031
0 0.439453 0.689453 0.0175781 0.0410156
0 0.436523 0.456055 0.0136719 0.0449219
0 0.555664 0.369141 0.015625 0.03125
0 0.445801 0.589355 0.0146484 0.0439453
0 0.442383 0.758789 0.0234375 0.0273438
0 0.391602 0.62793 0.0195312 0.0449219
0 0.42041 0.350586 0.0205078 0.03125
0 0.517578 0.395508 0.0292969 0.0253906
0 0.635254 0.375488 0.0224609 0.0439453
0 0.435547 0.144043 0.0175781 0.0341797
0 0.427734 0.460449 0.015625 0.0380859
0 0.541992 0.302734 0.0253906 0.0292969
0 0.438477 0.56543 0.015625 0.046875
0 0.569336 0.603516 0.015625 0.0351562
0 0.448242 0.542969 0.015625 0.046875
0 0.453613 0.649414 0.0244141 0.0214844
0 0.54248 0.414062 0.0126953 0.046875
0 0.489258 0.552734 0.0214844 0.0390625
0 0.470215 0.657227 0.0263672 0.0234375
0 0.51416 0.32373 0.0126953 0.0439453
0 0.349121 0.312988 0.0166016 0.0537109
0 0.55127 0.413574 0.0146484 0.0458984
0 0.57959 0.462891 0.0166016 0.0488281
0 0.438965 0.621582 0.0166016 0.0458984
0 0.464844 0.52002 0.015625 0.0458984
0 0.552734 0.339844 0.0273438 0.0234375
0 0.386719 0.61084 0.015625 0.0458984
0 0.510742 0.407715 0.0214844 0.0341797
0 0.25 0.848633 0.0273438 0.0273438
0 0.390625 0.569336 0.0175781 0.0429688
0 0.475586 0.681641 0.0195312 0.0371094
0 0.413574 0.755371 0.0185547 0.0341797
0 0.490234 0.796875 0.0273438 0.0292969
0 0.44043 0.669434 0.0253906 0.0263672
0 0.433105 0.549316 0.0146484 0.0400391
0 0.416016 0.699219 0.0273438 0.0292969
0 0.375488 0.388672 0.0244141 0.0234375
0 0.459961 0.584473 0.0214844 0.0400391
0 0.432129 0.655762 0.0224609 0.0302734
0 0.63916 0.51416 0.0185547 0.0634766
0 0.46582 0.493652 0.0273438 0.0244141
0 0.487305 0.677246 0.0234375 0.0380859
0 0.467773 0.352051 0.0117188 0.0400391
0 0.383301 0.667969 0.0166016 0.0449219
0 0.496582 0.438965 0.0322266 0.0302734
0 0.384277 0.524902 0.0146484 0.0458984
0 0.506348 0.813965 0.0166016 0.0498047
0 0.545898 0.323242 0.0253906 0.0234375
0 0.513672 0.472656 0.015625 0.0429688
0 0.433105 0.726074 0.0146484 0.0458984
0 0.354492 0.509277 0.0234375 0.0361328
0 0.53125 0.374512 0.0214844 0.0419922
0 0.436523 0.429199 0.0214844 0.0361328
0 0.319336 0.223145 0.0195312 0.0517578
0 0.717285 0.379395 0.0205078 0.0478516
0 0.513184 0.614258 0.0283203 0.0253906
0 0.406738 0.382812 0.0244141 0.0273438
0 0.637695 0.418457 0.015625 0.0556641
0 0.39209 0.381836 0.0185547 0.0410156
0 0.496094 0.47998 0.0234375 0.0341797
0 0.599609 0.549316 0.015625 0.0498047
0 0.520508 0.497559 0.0175781 0.0498047
0 0.58252 0.741211 0.0166016 0.0546875
0 0.558594 0.355957 0.0273438 0.0244141
0 0.372559 0.499512 0.0263672 0.0263672
0 0.731934 0.588867 0.0302734 0.03125
0 0.450195 0.13916 0.0195312 0.0419922
0 0.455078 0.473633 0.0273438 0.03125
0 0.345703 0.360352 0.0273438 0.0214844
0 0.435059 0.77002 0.0244141 0.0400391
0 0.578125 0.654297 0.0195312 0.0429688
0 0.361816 0.766602 0.0166016 0.0507812
0 0.424805 0.639648 0.0195312 0.0332031
0 0.475586 0.335938 0.0253906 0.0332031
0 0.408203 0.728027 0.0253906 0.0283203
0 0.397461 0.797852 0.0175781 0.0390625
0 0.367188 0.196289 0.0214844 0.0175781
0 0.376953 0.365723 0.0253906 0.0263672
0 0.568359 0.455566 0.0214844 0.0400391
0 0.416504 0.827148 0.0205078 0.0507812
0 0.542969 0.449219 0.0195312 0.0449219
0 0.700195 0.479004 0.03125 0.0400391
0 0.464844 0.685059 0.0234375 0.0380859
0 0.47168 0.635742 0.0292969 0.0253906
0 0.53125 0.695801 0.0214844 0.0400391
0 0.457031 0.759277 0.015625 0.0498047
0 0.523438 0.655762 0.0175781 0.0478516
0 0.475586 0.449219 0.0175781 0.046875
0 0.594238 0.350586 0.0244141 0.0273438
0 0.508301 0.352051 0.0126953 0.0400391
0 0.359863 0.458984 0.0283203 0.0292969
0 0.602051 0.698242 0.0185547 0.0507812
0 0.324219 0.410645 0.0273438 0.0302734
0 0.32666 0.462402 0.0224609 0.0478516
0 0.644043 0.318359 0.0224609 0.0390625
0 0.600586 0.29834 0.0214844 0.0419922
0 0.422852 0.226074 0.0234375 0.0341797
0 0.498535 0.623535 0.0263672 0.0361328
0 0.524902 0.433594 0.0244141 0.0332031
0 0.436035 0.333008 0.0146484 0.046875
0 0.390137 0.239746 0.0283203 0.0283203
0 0.451172 0.62793 0.0195312 0.0410156
0 0.645508 0.37207 0.0234375 0.0390625
0 0.585938 0.191895 0.0234375 0.0302734
0 0.540039 0.503418 0.0175781 0.0498047
0 0.575195 0.285156 0.0273438 0.03125
0 0.504395 0.657227 0.0283203 0.03125
0 0.490234 0.35791 0.0136719 0.0458984
0 0.424316 0.538086 0.0244141 0.0332031
0 0.401855 0.34668 0.0244141 0.0273438
0 0.491211 0.647461 0.0292969 0.0332031
0 0.366699 0.182129 0.0263672 0.0224609
0 0.410645 0.684082 0.0244141 0.0341797
0 0.523926 0.460938 0.0244141 0.03125
0 0.411621 0.436523 0.0263672 0.0292969
0 0.466309 0.555664 0.0302734 0.0351562
0 0.514648 0.297363 0.0292969 0.0244141
0 0.490234 0.280273 0.0117188 0.0449219
0 0.450195 0.731934 0.0175781 0.0419922
0 0.321777 0.651855 0.0244141 0.0400391
0 0.352539 0.818359 0.0273438 0.0332031
0 0.481934 0.720703 0.0283203 0.0390625
0 0.429199 0.396484 0.0224609 0.0449219
0 0.378906 0.257324 0.0253906 0.0244141
0 0.551758 0.388672 0.0234375 0.0410156
0 0.360352 0.262207 0.0175781 0.0498047
0 0.414551 0.331055 0.0205078 0.0292969
0 0.527344 0.413086 0.0214844 0.0351562
0 0.430176 0.276855 0.0146484 0.0419922
0 0.37793 0.723633 0.0214844 0.03125
0 0.355957 0.605469 0.0244141 0.0332031
0 0.338379 0.430664 0.0263672 0.0292969
0 0.626953 0.161621 0.0253906 0.0361328
0 0.410645 0.526367 0.0205078 0.0429688
0 0.399902 0.642578 0.0244141 0.0332031
0 0.567383 0.565918 0.0214844 0.0478516
0 0.555664 0.516602 0.0195312 0.0351562
0 0.543945 0.696777 0.0234375 0.0478516
0 0.532715 0.642578 0.0185547 0.0488281
0 0.585449 0.594727 0.0244141 0.0507812
0 0.585938 0.540527 0.0234375 0.0498047
0 0.566406 0.425781 0.0253906 0.0371094
0 0.383789 0.557617 0.0195312 0.0429688
0 0.482422 0.841797 0.0292969 0.0292969
0 0.366211 0.64209 0.0234375 0.0361328
0 0.415039 0.574219 0.0273438 0.0410156
0 0.420898 0.30957 0.0136719 0.0449219
0 0.47998 0.754883 0.0224609 0.0429688
0 0.376953 0.420898 0.0253906 0.03125
0 0.570801 0.327148 0.0185547 0.0449219
0 0.589844 0.492188 0.0292969 0.03125
0 0.587402 0.31543 0.0205078 0.0449219
0 0.516602 0.714355 0.0234375 0.0380859
0 0.396484 0.209473 0.0214844 0.0322266
0 0.618164 0.694336 0.0253906 0.0429688
0 0.505859 0.559082 0.0253906 0.0380859
0 0.450195 0.345215 0.0253906 0.0380859
0 0.535156 0.0737305 0.0273438 0.0283203
0 0.368164 0.821289 0.0253906 0.03125
0 0.486816 0.523438 0.0224609 0.046875
0 0.480957 0.240723 0.0244141 0.0341797
