0 0.390137 0.288086 0.0576172 0.0253906
0 0.656738 0.337402 0.0263672 0.0458984
0 0.544922 0.808594 0.0292969 0.0292969
0 0.649414 0.13623 0.0371094 0.0341797
0 0.190918 0.125488 0.0419922 0.0224609
0 0.262207 0.111816 0.0439453 0.0283203
0 0.804199 0.629883 0.0498047 0.0253906
0 0.482422 0.505859 0.0332031 0.0371094
0 0.345215 0.484375 0.0439453 0.0332031
0 0.320312 0.404297 0.0507812 0.0273438
0 0.788086 0.405762 0.03125 0.0400391
0 0.682129 0.480957 0.0322266 0.0341797
0 0.528809 0.404297 0.0263672 0.0449219
0 0.552246 0.796875 0.0400391 0.0253906
0 0.719727 0.731445 0.0625 0.0195312
0 0.494629 0.65918 0.0517578 0.0214844
0 0.494141 0.149902 0.0449219 0.0283203
0 0.59668 0.748047 0.0527344 0.0214844
0 0.647949 0.407715 0.0576172 0.0283203
0 0.568359 0.651855 0.0332031 0.0439453
0 0.82373 0.439941 0.0322266 0.0361328
0 0.310059 0.276367 0.0537109 0.0214844
0 0.46582 0.185547 0.0410156 0.03125
0 0.206055 0.65918 0.0507812 0.0214844
0 0.661621 0.80957 0.0283203 0.046875
0 0.237793 0.470215 0.0419922 0.0302734
0 0.560059 0.399414 0.0263672 0.0410156
0 0.580566 0.483398 0.0341797 0.0449219
0 0.371094 0.206055 0.0449219 0.0273438
0 0.517578 0.84668 0.0410156 0.0234375
0 0.766113 0.173828 0.0341797 0.0371094
0 0.169434 0.624512 0.0341797 0.0400391
0 0.52832 0.106934 0.0371094 0.0400391
0 0.371094 0.67334 0.0488281 0.0205078
0 0.453613 0.129883 0.0400391 0.0292969
0 0.252441 0.393555 0.0537109 0.0234375
0 0.611328 0.69873 0.0527344 0.0244141
0 0.669434 0.356445 0.0517578 0.0253906
0 0.602539 0.340332 0.0273438 0.0478516
0 0.805176 0.602539 0.0478516 0.0351562
0 0.527344 0.13623 0.0371094 0.0361328
0 0.789062 0.313477 0.0371094 0.0371094
0 0.566895 0.4375 0.0263672 0.0449219
0 0.312012 0.617676 0.0478516 0.0224609
0 0.507324 0.411621 0.0361328 0.0361328
0 0.746582 0.233887 0.0595703 0.0283203
0 0.560059 0.324219 0.0244141 0.0390625
0 0.537598 0.222168 0.0380859 0.0322266
0 0.25293 0.341797 0.03125 0.0292969
0 0.391602 0.550781 0.0351562 0.0429688
0 0.773926 0.470215 0.0458984 0.0205078
0 0.633789 0.272949 0.0371094 0.0322266
0 0.50293 0.48291 0.0253906 0.0458984
0 0.368164 0.709473 0.0410156 0.0302734
0 0.843262 0.32959 0.0517578 0.0205078
0 0.157227 0.356934 0.0625 0.0185547
0 0.387695 0.498535 0.0566406 0.0263672
0 0.24707 0.446289 0.0390625 0.03125
0 0.502441 0.524414 0.0302734 0.0390625
0 0.20459 0.615723 0.0517578 0.0244141
0 0.239746 0.630371 0.0322266 0.0361328
0 0.632812 0.0883789 0.0488281 0.0322266
0 0.313965 0.304688 0.0244141 0.0390625
0 0.660645 0.756348 0.0478516 0.0205078
0 0.470703 0.600098 0.0546875 0.0322266
0 0.783203 0.339355 0.0605469 0.0283203
0 0.28418 0.754395 0.0566406 0.0185547
0 0.695801 0.244141 0.0498047 0.0253906
0 0.398926 0.572754 0.0302734 0.0458984
0 0.360352 0.693848 0.0410156 0.0322266
0 0.414551 0.881348 0.0361328 0.0283203
0 0.621094 0.192871 0.03125 0.0341797
0 0.533203 0.587891 0.0292969 0.0449219
0 0.689453 0.644043 0.046875 0.0283203
0 0.896973 0.463379 0.0439453 0.0302734
0 0.812012 0.163574 0.0341797 0.0322266
0 0.648438 0.112793 0.0625 0.0302734
0 0.575684 0.846191 0.0341797 0.0380859
0 0.365234 0.76709 0.0488281 0.0224609
0 0.243652 0.688477 0.0419922 0.03125
0 0.337891 0.186523 0.0429688 0.03125
0 0.222656 0.32373 0.0273438 0.0283203
0 0.43457 0.84082 0.0507812 0.0195312
0 0.547852 0.401855 0.03125 0.0400391
0 0.261719 0.126953 0.0429688 0.0273438
0 0.310547 0.157227 0.0546875 0.0214844
0 0.679199 0.308105 0.0615234 0.0224609
0 0.310547 0.644043 0.0332031 0.0439453
0 0.320312 0.759766 0.0527344 0.015625
0 0.766602 0.145508 0.046875 0.0214844
0 0.336426 0.118652 0.0400391 0.0361328
0 0.327637 0.721191 0.0458984 0.0224609
0 0.355469 0.231445 0.0488281 0.0234375
0 0.625977 0.125 0.0371094 0.046875
0 0.722656 0.597656 0.0449219 0.0273438
0 0.632324 0.713867 0.0439453 0.03125
0 0.274902 0.76709 0.0576172 0.0185547
0 0.709473 0.14502 0.0439453 0.0302734
0 0.240723 0.193848 0.0498047 0.0263672
0 0.458496 0.808594 0.0517578 0.0332031
0 0.529785 0.830566 0.0537109 0.0224609
0 0.78125 0.61084 0.0292969 0.0380859
0 0.178711 0.251953 0.03125 0.0390625
0 0.185059 0.117188 0.0439453 0.0253906
0 0.718262 0.275391 0.0556641 0.0234375
0 0.188477 0.172852 0.0449219 0.0332031
0 0.504395 0.864258 0.0263672 0.0351562
0 0.773438 0.650879 0.0351562 0.0361328
0 0.28418 0.410645 0.0449219 0.0205078
0 0.565918 0.109375 0.0556641 0.0292969
0 0.494629 0.0986328 0.0361328 0.0371094
0 0.582031 0.867188 0.0449219 0.0234375
0 0.384766 0.477539 0.0371094 0.0332031
0 0.216309 0.236328 0.0322266 0.0449219
0 0.305664 0.669922 0.0292969 0.0351562
0 0.388184 0.44043 0.0537109 0.0253906
0 0.520996 0.370117 0.0361328 0.0351562
0 0.714844 0.412109 0.046875 0.0371094
0 0.808594 0.468262 0.0371094 0.0302734
0 0.597656 0.756836 0.0566406 0.0273438
0 0.331543 0.679688 0.0263672 0.0371094
0 0.700684 0.799316 0.0537109 0.0185547
0 0.285156 0.34082 0.0273438 0.0292969
0 0.595703 0.82666 0.0351562 0.0341797
0 0.296387 0.637695 0.0263672 0.0351562
0 0.538574 0.372559 0.0302734 0.0380859
0 0.519531 0.327637 0.0390625 0.0322266
0 0.295898 0.299805 0.0332031 0.0371094
0 0.784668 0.161133 0.0439453 0.0273438
0 0.730469 0.801758 0.0253906 0.0351562
0 0.37207 0.14209 0.0546875 0.0224609
0 0.334961 0.23584 0.0390625 0.0361328
0 0.212891 0.209473 0.0273438 0.0322266
0 0.842773 0.664062 0.03125 0.0449219
0 0.300293 0.121582 0.0419922 0.0283203
0 0.555664 0.377441 0.0234375 0.0419922
0 0.728516 0.700684 0.0566406 0.0244141
0 0.452148 0.694824 0.0585938 0.0205078
0 0.318848 0.770996 0.0478516 0.0185547
0 0.873047 0.581543 0.0292969 0.0478516
0 0.687988 0.821777 0.0283203 0.0400391
0 0.707031 0.219727 0.0566406 0.0214844
0 0.708496 0.631836 0.0341797 0.0410156
0 0.330566 0.786133 0.0322266 0.0273438
0 0.46582 0.838867 0.0390625 0.0351562
0 0.391113 0.208008 0.0302734 0.0351562
0 0.602051 0.438965 0.0380859 0.0302734
0 0.650879 0.792969 0.0439453 0.0234375
0 0.191895 0.649414 0.0537109 0.0195312
0 0.678711 0.422852 0.0273438 0.0390625
0 0.710449 0.560059 0.0595703 0.0224609
0 0.262207 0.659668 0.0458984 0.0263672
0 0.577148 0.605469 0.0351562 0.0410156
0 0.242188 0.334961 0.0273438 0.0351562
0 0.375488 0.780762 0.0517578 0.0205078
0 0.293945 0.238281 0.0390625 0.0292969
0 0.283691 0.464355 0.0458984 0.0322266
0 0.804688 0.408203 0.0371094 0.0351562
0 0.222656 0.295898 0.0332031 0.0410156
0 0.865234 0.365234 0.0253906 0.0429688
0 0.210449 0.12793 0.0419922 0.0253906
0 0.625977 0.381348 0.0625 0.0244141
0 0.562012 0.164062 0.0478516 0.0332031
0 0.644531 0.422363 0.0488281 0.0322266
0 0.421875 0.316895 0.03125 0.0439453
0 0.304688 0.423828 0.0566406 0.0175781
0 0.712891 0.475586 0.0527344 0.0273438
0 0.840332 0.182129 0.0419922 0.0302734
0 0.822266 0.727539 0.0371094 0.0351562
0 0.237305 0.253418 0.0332031 0.0400391
0 0.325684 0.561035 0.0615234 0.0263672
0 0.203613 0.68457 0.0498047 0.0195312
0 0.159668 0.348145 0.0634766 0.0283203
0 0.701172 0.0673828 0.0488281 0.03125
0 0.39209 0.397461 0.0595703 0.0292969
0 0.657715 0.219238 0.0400391 0.0361328
0 0.151855 0.622559 0.0302734 0.0439453
0 0.337891 0.833984 0.03125 0.0332031
0 0.654785 0.657227 0.0302734 0.0429688
0 0.422852 0.891602 0.046875 0.0195312
0 0.425781 0.0717773 0.0527344 0.0322266
0 0.199707 0.196289 0.0341797 0.0371094
0 0.55127 0.858887 0.0283203 0.0400391
0 0.745117 0.172852 0.0351562 0.0390625
0 0.339844 0.44043 0.0585938 0.0234375
0 0.453125 0.293457 0.0527344 0.0302734
0 0.325684 0.364258 0.0556641 0.0292969
0 0.528809 0.427734 0.0458984 0.0195312
0 0.445801 0.681641 0.0576172 0.0234375
0 0.668945 0.671875 0.0273438 0.0429688
0 0.494141 0.806152 0.0429688 0.0302734
0 0.22168 0.180176 0.0507812 0.0244141
0 0.507812 0.616211 0.0351562 0.0429688
0 0.590332 0.613281 0.0283203 0.0429688
0 0.529297 0.506836 0.0332031 0.0449219
0 0.462891 0.0771484 0.0546875 0.0253906
0 0.672852 0.192383 0.0507812 0.0214844
0 0.275879 0.0986328 0.0478516 0.0253906
0 0.665527 0.370605 0.0537109 0.0205078
0 0.182129 0.210449 0.0283203 0.0400391
0 0.446777 0.640625 0.0322266 0.046875
0 0.725586 0.461426 0.0625 0.0224609
0 0.865723 0.644043 0.0302734 0.0419922
0 0.416016 0.819824 0.0390625 0.0263672
0 0.675293 0.0878906 0.0537109 0.0292969
0 0.404297 0.612305 0.0351562 0.0410156
0 0.876953 0.460938 0.0429688 0.0273438
0 0.570312 0.337402 0.0390625 0.0361328
0 0.374023 0.513184 0.0507812 0.0302734
0 0.866699 0.337402 0.0517578 0.0244141
0 0.558594 0.826172 0.0585938 0.0175781
0 0.816406 0.490723 0.0332031 0.0322266
0 0.257324 0.305176 0.0341797 0.0361328
0 0.827148 0.299805 0.03125 0.0351562
0 0.834961 0.140137 0.046875 0.0283203
0 0.444336 0.0961914 0.0546875 0.0244141
0 0.747559 0.415039 0.0380859 0.0371094
0 0.150879 0.407227 0.0400391 0.0292969
0 0.779297 0.290527 0.0566406 0.0283203
0 0.202148 0.378906 0.0527344 0.0292969
0 0.55127 0.0908203 0.0615234 0.0253906
0 0.492188 0.472168 0.0253906 0.0380859
0 0.20459 0.633789 0.0478516 0.0234375
0 0.847168 0.350098 0.0498047 0.0244141
0 0.617188 0.155273 0.046875 0.03125
0 0.532227 0.856934 0.0371094 0.0361328
0 0.605469 0.788574 0.0292969 0.0439453
0 0.215332 0.589844 0.0361328 0.03125
0 0.373535 0.0932617 0.0498047 0.0302734
0 0.686523 0.724121 0.046875 0.0302734
0 0.867188 0.484375 0.0410156 0.0273438
0 0.58252 0.432617 0.0263672 0.0449219
0 0.314941 0.324707 0.0263672 0.0341797
0 0.191406 0.495117 0.0410156 0.0292969
0 0.300781 0.777344 0.046875 0.0292969
0 0.701172 0.60498 0.0371094 0.0400391
0 0.262207 0.352539 0.0263672 0.0332031
0 0.268066 0.632812 0.0478516 0.0214844
0 0.78125 0.371094 0.0566406 0.0195312
0 0.449219 0.709473 0.0585938 0.0263672
0 0.674805 0.571289 0.03125 0.0449219
0 0.234863 0.649414 0.0283203 0.0390625
0 0.756836 0.611816 0.0429688 0.0341797
0 0.316406 0.592773 0.0546875 0.0234375
0 0.600098 0.078125 0.0400391 0.0390625
0 0.822266 0.190918 0.0449219 0.0380859
0 0.345703 0.455566 0.0527344 0.0224609
0 0.418457 0.379395 0.0498047 0.0302734
0 0.809082 0.358398 0.0458984 0.0273438
0 0.730469 0.633789 0.0351562 0.0488281
0 0.481445 0.583984 0.0351562 0.0410156
0 0.470703 0.488281 0.0292969 0.0429688
0 0.883789 0.319824 0.0546875 0.0224609
0 0.158203 0.195312 0.0527344 0.0253906
0 0.253418 0.608398 0.0576172 0.0214844
0 0.710938 0.263184 0.0605469 0.0224609
0 0.799316 0.575684 0.0361328 0.0400391
0 0.495117 0.132324 0.0566406 0.0244141
0 0.814941 0.346191 0.0302734 0.0361328
0 0.244629 0.364746 0.0400391 0.0283203
0 0.746582 0.299316 0.0302734 0.0400391
0 0.537109 0.492188 0.0488281 0.0214844
0 0.814453 0.123047 0.0488281 0.0234375
0 0.755859 0.0913086 0.0527344 0.0283203
0 0.493164 0.400879 0.0371094 0.0419922
0 0.400391 0.121582 0.0449219 0.0263672
0 0.646484 0.717773 0.03125 0.0390625
0 0.505859 0.757812 0.046875 0.0332031
0 0.592773 0.674316 0.0546875 0.0224609
0 0.577148 0.291504 0.046875 0.0361328
0 0.542969 0.618652 0.0546875 0.0263672
0 0.605469 0.48291 0.046875 0.0400391
0 0.316406 0.224609 0.0332031 0.0449219
0 0.542969 0.344238 0.03125 0.0380859
0 0.209961 0.674805 0.0410156 0.0253906
0 0.191406 0.47168 0.0351562 0.03125
0 0.271973 0.500977 0.0322266 0.0429688
0 0.79541 0.740234 0.0537109 0.0292969
0 0.413574 0.363281 0.0439453 0.0332031
0 0.1875 0.26709 0.03125 0.0478516
0 0.299805 0.571289 0.0410156 0.0351562
0 0.373047 0.189941 0.03125 0.0400391
0 0.873047 0.440918 0.0292969 0.0361328
0 0.780762 0.349121 0.0595703 0.0263672
0 0.678711 0.157715 0.03125 0.0419922
0 0.850586 0.407715 0.0390625 0.0361328
0 0.394531 0.834473 0.0585938 0.0244141
0 0.577637 0.768066 0.0595703 0.0205078
0 0.708984 0.365723 0.03125 0.0400391
0 0.81543 0.300781 0.0351562 0.0410156
0 0.430176 0.418457 0.0458984 0.0361328
0 0.268555 0.423828 0.0371094 0.0292969
0 0.321777 0.100098 0.0576172 0.0205078
0 0.179199 0.627441 0.0205078 0.0361328
0 0.435547 0.473633 0.0546875 0.0214844
0 0.490234 0.251465 0.0449219 0.0283203
0 0.278809 0.735352 0.0556641 0.0195312
0 0.304688 0.263672 0.0566406 0.0214844
0 0.736328 0.674316 0.0332031 0.0439453
0 0.213379 0.410156 0.0283203 0.0390625
0 0.54541 0.29541 0.0576172 0.0224609
0 0.567871 0.783203 0.0615234 0.0292969
0 0.396973 0.457031 0.0478516 0.0273438
0 0.888184 0.634766 0.0439453 0.0488281
0 0.671875 0.800781 0.0273438 0.046875
0 0.305176 0.691895 0.0517578 0.0224609
0 0.169434 0.424316 0.0537109 0.0166016
0 0.294922 0.349121 0.0292969 0.0341797
0 0.625977 0.169922 0.0488281 0.0292969
0 0.722168 0.164551 0.0576172 0.0244141
0 0.662598 0.102539 0.0478516 0.0253906
0 0.645996 0.440918 0.0537109 0.0244141
0 0.0908203 0.618164 0.0449219 0.0371094
0 0.695312 0.38623 0.0351562 0.0498047
0 0.670898 0.837891 0.0507812 0.0292969
0 0.869141 0.693359 0.0566406 0.0292969
0 0.255859 0.404297 0.046875 0.0351562
0 0.670898 0.848633 0.0546875 0.0234375
0 0.496582 0.785156 0.0537109 0.0214844
0 0.505859 0.671387 0.0585938 0.0185547
0 0.212402 0.090332 0.0419922 0.0263672
0 0.365723 0.260254 0.0419922 0.0419922
0 0.853516 0.202148 0.0390625 0.0390625
0 0.790527 0.223145 0.0498047 0.0322266
0 0.441406 0.169922 0.03125 0.0332031
0 0.508301 0.562988 0.0361328 0.0439453
0 0.760742 0.587402 0.0351562 0.0361328
0 0.321777 0.389648 0.0556641 0.0234375
0 0.31543 0.835449 0.0429688 0.0263672
0 0.461914 0.450684 0.0546875 0.0263672
0 0.29834 0.436035 0.0556641 0.0244141
0 0.349609 0.306641 0.0292969 0.046875
0 0.464355 0.271973 0.0576172 0.0263672
0 0.216309 0.711426 0.0478516 0.0224609
0 0.253418 0.591797 0.0595703 0.0234375
0 0.779297 0.209961 0.0390625 0.0332031
0 0.602539 0.722656 0.03125 0.0449219
0 0.477539 0.30957 0.0351562 0.046875
0 0.835449 0.152344 0.0400391 0.03125
0 0.194336 0.338867 0.0332031 0.0410156
0 0.774902 0.100098 0.0478516 0.0263672
0 0.723145 0.723145 0.0615234 0.0263672
0 0.57373 0.222656 0.0595703 0.0195312
0 0.705566 0.788574 0.0595703 0.0185547
0 0.348145 0.722656 0.0419922 0.0253906
0 0.271484 0.699219 0.03125 0.0429688
0 0.341309 0.620605 0.0244141 0.0439453
0 0.179199 0.165039 0.0341797 0.0390625
0 0.388672 0.723633 0.0292969 0.0390625
0 0.422363 0.210938 0.0458984 0.0351562
0 0.672363 0.39209 0.0478516 0.0341797
0 0.429199 0.400391 0.0634766 0.0253906
0 0.814453 0.278809 0.0410156 0.0224609
0 0.751953 0.11377 0.0449219 0.0322266
0 0.373535 0.622559 0.0400391 0.0419922
0 0.859375 0.392578 0.03125 0.0429688
0 0.745605 0.208008 0.0478516 0.0390625
0 0.332031 0.804199 0.046875 0.0244141
0 0.454102 0.493164 0.03125 0.0429688
0 0.549805 0.640625 0.03125 0.0371094
0 0.746094 0.780273 0.0332031 0.0429688
0 0.698242 0.119141 0.0429688 0.0390625
0 0.703125 0.578613 0.0546875 0.0263672
0 0.43457 0.34668 0.0351562 0.0449219
0 0.30127 0.370605 0.0537109 0.0224609
0 0.759277 0.317383 0.0478516 0.0351562
0 0.127441 0.573242 0.0322266 0.0410156
0 0.549316 0.509766 0.0361328 0.03125
0 0.69873 0.182129 0.0361328 0.0419922
0 0.800293 0.240723 0.0576172 0.0263672
0 0.463379 0.152344 0.0654297 0.0234375
0 0.602051 0.897461 0.0361328 0.046875
0 0.365234 0.814453 0.0566406 0.0253906
0 0.663086 0.628906 0.0585938 0.0234375
0 0.664551 0.289062 0.0634766 0.0253906
0 0.466797 0.22998 0.0546875 0.0361328
0 0.738281 0.140625 0.0410156 0.0253906
0 0.0991211 0.398926 0.0498047 0.0283203
0 0.709961 0.104492 0.0507812 0.0332031
0 0.621094 0.868164 0.0566406 0.0195312
0 0.648438 0.198242 0.03125 0.0410156
0 0.460938 0.20166 0.0390625 0.0439453
0 0.330078 0.748535 0.0546875 0.0185547
0 0.162598 0.373535 0.0517578 0.0283203
0 0.856445 0.438477 0.0234375 0.0429688
0 0.882812 0.35498 0.03125 0.0439453
0 0.266602 0.77832 0.0605469 0.0195312
0 0.776367 0.728516 0.0429688 0.0371094
0 0.650879 0.617188 0.0478516 0.03125
0 0.48291 0.893066 0.0517578 0.0283203
0 0.282227 0.57959 0.0429688 0.0341797
0 0.266113 0.256348 0.0283203 0.0419922
0 0.799316 0.710938 0.0224609 0.0449219
0 0.773438 0.671875 0.0371094 0.046875
0 0.496582 0.308105 0.0361328 0.0439453
0 0.806152 0.192871 0.0341797 0.0361328
0 0.416016 0.763184 0.0527344 0.0244141
0 0.372559 0.459473 0.0302734 0.0439453
0 0.479492 0.878906 0.0507812 0.0253906
0 0.553223 0.579102 0.0341797 0.0410156
0 0.361328 0.580078 0.0625 0.0292969
0 0.568359 0.190918 0.0273438 0.0302734
0 0.636719 0.882812 0.0507812 0.0253906
0 0.568359 0.491699 0.0292969 0.0419922
0 0.266602 0.17041 0.0546875 0.0244141
0 0.791016 0.381348 0.0566406 0.0224609
0 0.603516 0.628906 0.0273438 0.0410156
0 0.657715 0.57373 0.0341797 0.0458984
0 0.150391 0.453613 0.046875 0.0302734
0 0.265625 0.67334 0.0429688 0.0263672
0 0.875488 0.556641 0.0361328 0.046875
0 0.858887 0.601074 0.0361328 0.0517578
0 0.241699 0.297852 0.0302734 0.0390625
0 0.757812 0.439453 0.0488281 0.0273438
0 0.384766 0.236328 0.0507812 0.0234375
0 0.720215 0.198242 0.0517578 0.0273438
0 0.803711 0.147461 0.0234375 0.0371094
0 0.337891 0.307129 0.0292969 0.0458984
0 0.680664 0.612793 0.0390625 0.0361328
0 0.183594 0.140137 0.0273438 0.0302734
0 0.595703 0.123047 0.0605469 0.03125
0 0.421875 0.666016 0.0527344 0.0292969
0 0.754883 0.69043 0.03125 0.0390625
0 0.483887 0.68457 0.0615234 0.0195312
0 0.814941 0.667969 0.0478516 0.0332031
0 0.62793 0.64209 0.0429688 0.0322266
0 0.188965 0.707031 0.0361328 0.0371094
0 0.627441 0.688477 0.0498047 0.0273438
0 0.147461 0.67627 0.0351562 0.0400391
0 0.128418 0.620605 0.0361328 0.0419922
0 0.716309 0.443359 0.0576172 0.0234375
0 0.650879 0.687012 0.0439453 0.0341797
0 0.115234 0.638184 0.0566406 0.0244141
0 0.555664 0.451172 0.0371094 0.0371094
0 0.208984 0.257812 0.0351562 0.0390625
0 0.512695 0.29248 0.0410156 0.0400391
0 0.462891 0.427246 0.0449219 0.0380859
0 0.640625 0.854492 0.0546875 0.0234375
0 0.756836 0.393555 0.0585938 0.0234375
0 0.728516 0.0698242 0.0488281 0.0341797
0 0.632812 0.609375 0.0410156 0.0410156
0 0.521484 0.450684 0.0292969 0.0439453
0 0.917969 0.472168 0.0332031 0.0400391
0 0.812988 0.106934 0.0419922 0.0341797
0 0.13623 0.387695 0.0634766 0.0195312
0 0.711426 0.76709 0.0615234 0.0205078
0 0.0844727 0.434082 0.0380859 0.0419922
0 0.130859 0.691406 0.0410156 0.0332031
0 0.458984 0.379395 0.0332031 0.0478516
0 0.408203 0.748047 0.0585938 0.0234375
0 0.664551 0.71875 0.0361328 0.0390625
0 0.473633 0.649414 0.0488281 0.03125
0 0.8125 0.586426 0.0390625 0.0400391
0 0.835449 0.582031 0.0322266 0.046875
0 0.545898 0.318359 0.0351562 0.03125
0 0.155273 0.174316 0.0371094 0.0419922
0 0.521484 0.767578 0.0527344 0.0292969
0 0.883789 0.301758 0.0546875 0.0332031
0 0.597656 0.841309 0.0292969 0.0361328
0 0.466797 0.626953 0.0566406 0.0273438
0 0.359375 0.378418 0.0351562 0.0400391
0 0.669922 0.264648 0.0546875 0.0214844
0 0.632324 0.314941 0.0595703 0.0224609
0 0.328125 0.350586 0.0585938 0.0234375
0 0.641602 0.340332 0.0332031 0.0439453
0 0.191895 0.433594 0.0458984 0.0351562
0 0.726562 0.123047 0.0332031 0.0390625
0 0.683105 0.334473 0.0498047 0.0341797
0 0.385254 0.268066 0.0537109 0.0283203
0 0.37793 0.373535 0.046875 0.0361328
0 0.875977 0.407715 0.0273438 0.0419922
0 0.895508 0.483398 0.0429688 0.0332031
0 0.133301 0.186035 0.0341797 0.0439453
0 0.305664 0.816406 0.0527344 0.0195312
0 0.59668 0.23291 0.03125 0.0322266
0 0.708984 0.543457 0.0566406 0.0302734
0 0.339355 0.414062 0.0341797 0.0371094
0 0.393555 0.659668 0.0585938 0.0224609
0 0.429199 0.590332 0.0556641 0.0302734
0 0.443359 0.858887 0.0546875 0.0244141
0 0.79541 0.767578 0.0498047 0.03125
0 0.335449 0.270508 0.0400391 0.0410156
0 0.57373 0.69043 0.0498047 0.03125
0 0.155273 0.550293 0.0371094 0.0419922
0 0.450684 0.318359 0.0439453 0.0390625
0 0.137695 0.655762 0.0488281 0.0224609
0 0.369141 0.541016 0.0390625 0.0449219
0 0.679688 0.452148 0.0390625 0.0410156
0 0.948242 0.454102 0.0507812 0.03125
0 0.705566 0.289062 0.0537109 0.0214844
0 0.165039 0.218262 0.0449219 0.0361328
0 0.125488 0.501465 0.0576172 0.0263672
0 0.390137 0.685059 0.0302734 0.0419922
0 0.40332 0.0698242 0.0527344 0.0341797
0 0.608887 0.402832 0.0517578 0.0263672
0 0.669922 0.874023 0.0625 0.0273438
0 0.347656 0.201172 0.0371094 0.0390625
0 0.491211 0.841797 0.0292969 0.0527344
0 0.606934 0.594727 0.0419922 0.0429688
0 0.15918 0.321289 0.0683594 0.0253906
0 0.188477 0.0947266 0.0332031 0.0332031
0 0.62207 0.341797 0.0292969 0.0449219
0 0.211426 0.520508 0.0419922 0.0371094
0 0.587891 0.186523 0.0371094 0.0371094
0 0.76416 0.716797 0.0439453 0.0429688
0 0.696289 0.699219 0.046875 0.0371094
0 0.816406 0.695312 0.0449219 0.03125
0 0.522461 0.800781 0.0273438 0.0390625
0 0.140625 0.443359 0.0546875 0.03125
0 0.624023 0.788574 0.0351562 0.0458984
0 0.471191 0.724609 0.0458984 0.0371094
0 0.25293 0.483398 0.0292969 0.0390625
0 0.125488 0.369629 0.0595703 0.0244141
0 0.640137 0.0698242 0.0576172 0.0244141
0 0.896973 0.62207 0.0439453 0.0371094
0 0.349609 0.790527 0.0292969 0.0361328
0 0.356445 0.601074 0.0546875 0.0322266
0 0.732422 0.580078 0.0546875 0.0292969
0 0.83252 0.381348 0.0361328 0.0498047
0 0.410156 0.29834 0.0546875 0.0283203
0 0.518555 0.164551 0.0273438 0.0419922
0 0.746094 0.625977 0.0429688 0.0410156
0 0.546387 0.69873 0.0361328 0.0400391
0 0.470215 0.557129 0.0419922 0.0400391
0 0.57666 0.806152 0.0478516 0.0224609
0 0.537109 0.201172 0.0703125 0.0234375
0 0.705566 0.821289 0.0341797 0.0390625
0 0.172852 0.682617 0.0332031 0.0390625
0 0.905762 0.341797 0.0361328 0.0429688
0 0.91748 0.410645 0.0693359 0.0361328
0 0.762695 0.530273 0.0664062 0.0292969
0 0.400391 0.097168 0.0527344 0.0283203
0 0.649414 0.244141 0.03125 0.0410156
0 0.761719 0.763672 0.0449219 0.0351562
0 0.123535 0.550293 0.0498047 0.0283203
0 0.393066 0.170898 0.0419922 0.0332031
0 0.294922 0.837891 0.0429688 0.0332031
0 0.463867 0.765137 0.0546875 0.0341797
0 0.0541992 0.374512 0.0380859 0.0380859
0 0.15332 0.490234 0.0566406 0.0273438
0 0.836426 0.464355 0.0380859 0.0380859
0 0.359375 0.755371 0.0488281 0.0302734
0 0.829102 0.755859 0.0351562 0.0429688
0 0.533203 0.664062 0.0546875 0.03125
0 0.741699 0.484375 0.0478516 0.0332031
0 0.680176 0.65625 0.0400391 0.0449219
0 0.130859 0.415039 0.0351562 0.0410156
0 0.606934 0.294922 0.0322266 0.0429688
0 0.587402 0.148926 0.0380859 0.0439453
0 0.449707 0.820312 0.0458984 0.03125
0 0.0839844 0.561035 0.0585938 0.0244141
0 0.833496 0.54541 0.0615234 0.0283203
0 0.0791016 0.384766 0.0527344 0.0449219
0 0.780273 0.48584 0.0351562 0.0302734
0 0.625 0.742676 0.0371094 0.0458984
0 0.504883 0.700195 0.0664062 0.0195312
0 0.0800781 0.647461 0.0332031 0.0410156
0 0.422852 0.560059 0.0507812 0.0302734
0 0.336914 0.0859375 0.0546875 0.0273438
0 0.463379 0.782227 0.0478516 0.0351562
0 0.164551 0.597168 0.0341797 0.0419922
0 0.214355 0.46875 0.0400391 0.0351562
0 0.793945 0.43457 0.0390625 0.0390625
0 0.702148 0.854492 0.03125 0.0429688
0 0.664551 0.893066 0.0283203 0.0419922
0 0.349121 0.665039 0.0302734 0.0390625
0 0.23291 0.151855 0.0478516 0.0322266
0 0.293945 0.0820312 0.0449219 0.0351562
0 0.0712891 0.600586 0.0429688 0.0351562
0 0.569336 0.90625 0.0546875 0.0273438
0 0.645996 0.555176 0.0361328 0.0458984
0 0.48584 0.352051 0.0537109 0.0263672
0 0.575195 0.243652 0.0351562 0.0419922
0 0.521973 0.722168 0.0595703 0.0283203
0 0.17334 0.661621 0.0400391 0.0341797
0 0.352051 0.065918 0.0556641 0.0263672
0 0.516113 0.0664062 0.0654297 0.03125
0 0.629883 0.207031 0.0332031 0.0429688
0 0.862305 0.720215 0.0625 0.0322266
0 0.362793 0.84668 0.0478516 0.03125
0 0.29834 0.797852 0.0478516 0.0273438
0 0.28418 0.22168 0.046875 0.0214844
0 0.616211 0.906738 0.0449219 0.0322266
0 0.237305 0.549805 0.0390625 0.0449219
0 0.189941 0.760742 0.0380859 0.0429688
0 0.0727539 0.578613 0.0615234 0.0244141
0 0.355957 0.412598 0.0322266 0.0400391
0 0.112793 0.347656 0.0595703 0.0273438
0 0.360352 0.119141 0.03125 0.0390625
0 0.405273 0.871094 0.0371094 0.0371094
0 0.24707 0.508301 0.0507812 0.0341797
0 0.213379 0.359375 0.0576172 0.0253906
0 0.505371 0.585938 0.0498047 0.0371094
0 0.746582 0.258789 0.0458984 0.0292969
0 0.555664 0.882324 0.0410156 0.0322266
0 0.181152 0.589844 0.0361328 0.0429688
0 0.181641 0.403809 0.0507812 0.0263672
0 0.848633 0.22168 0.0585938 0.0273438
0 0.697266 0.495605 0.0410156 0.0458984
0 0.742188 0.556641 0.0566406 0.03125
0 0.279297 0.315918 0.0527344 0.0224609
0 0.22168 0.0800781 0.0488281 0.0234375
0 0.288574 0.85791 0.0576172 0.0263672
0 0.763672 0.794434 0.0332031 0.0400391
0 0.784668 0.266113 0.0380859 0.0380859
0 0.889648 0.70166 0.0507812 0.0302734
0 0.855957 0.755859 0.0419922 0.046875
0 0.786621 0.791992 0.0400391 0.0429688
0 0.436035 0.908203 0.0537109 0.0273438
0 0.222168 0.442871 0.0595703 0.0283203
0 0.691406 0.962402 0.0703125 0.0576172
0 0.275879 0.798828 0.0517578 0.03125
0 0.309082 0.729004 0.0400391 0.0341797
0 0.243652 0.720215 0.0341797 0.0419922
0 0.867676 0.271973 0.0634766 0.0302734
0 0.87793 0.531738 0.0390625 0.0439453
0 0.105957 0.412109 0.0380859 0.0371094
0 0.105957 0.248535 0.0341797 0.0439453
0 0.838379 0.629883 0.0458984 0.0351562
0 0.643555 0.817871 0.03125 0.0439453
0 0.914062 0.437988 0.0527344 0.0302734
0 0.42334 0.175781 0.0322266 0.0371094
0 0.863281 0.243164 0.0527344 0.0332031
0 0.0625 0.451172 0.0332031 0.0507812
0 0.0444336 0.350586 0.0498047 0.0253906
0 0.37793 0.308594 0.0507812 0.03125
0 0.37793 0.888672 0.0332031 0.0527344
0 0.304688 0.461426 0.0507812 0.0283203
0 0.356445 0.875977 0.0351562 0.0429688
0 0.787109 0.133789 0.03125 0.0410156
0 0.168945 0.288574 0.0390625 0.0400391
0 0.254883 0.221191 0.03125 0.0380859
0 0.111328 0.17334 0.0605469 0.0341797
0 0.86377 0.674805 0.0498047 0.0390625
0 0.422852 0.122559 0.0429688 0.0341797
0 0.0405273 0.661621 0.0361328 0.0419922
0 0.398438 0.913086 0.0449219 0.03125
0 0.224609 0.753418 0.0527344 0.0400391
0 0.265137 0.148926 0.0322266 0.0361328
0 0.0488281 0.296387 0.0449219 0.0478516
0 0.849121 0.789062 0.0615234 0.0273438
0 0.137695 0.139648 0.0332031 0.0390625
0 0.163574 0.714844 0.0341797 0.0449219
0 0.919922 0.699219 0.0371094 0.0449219
0 0.976562 0.439453 0.046875 0.0351562
0 0.32959 0.171387 0.0576172 0.0283203
0 0.443359 0.879883 0.0507812 0.0351562
0 0.927246 0.621094 0.0654297 0.0410156
0 0.027832 0.517578 0.0439453 0.0449219
0 0.0664062 0.505859 0.0566406 0.0292969
0 0.533203 0.942383 0.0371094 0.0429688
0 0.015625 0.310547 0.03125 0.0351562
0 0.138672 0.27832 0.0410156 0.0390625
0 0.500977 0.921875 0.0429688 0.0332031
0 0.0756836 0.242676 0.0517578 0.0419922
