0 0.492676 0.481934 0.0107422 0.0322266
0 0.470703 0.713379 0.0273438 0.0185547
0 0.449707 0.587891 0.0126953 0.0332031
0 0.380371 0.782715 0.0166016 0.0244141
0 0.404297 0.574219 0.0175781 0.0234375
0 0.372559 0.739258 0.0146484 0.0253906
0 0.411621 0.824707 0.0146484 0.0244141
0 0.439453 0.759766 0.0195312 0.0195312
0 0.455566 0.471191 0.0185547 0.0283203
0 0.39209 0.427246 0.0244141 0.0205078
0 0.378418 0.695801 0.0146484 0.0205078
0 0.461426 0.744141 0.0146484 0.0351562
0 0.337891 0.635742 0.0175781 0.015625
0 0.375 0.780273 0.0136719 0.0253906
0 0.559082 0.626953 0.0126953 0.0273438
0 0.35498 0.764648 0.0166016 0.0253906
0 0.466797 0.491211 0.0117188 0.0292969
0 0.542969 0.471191 0.0195312 0.0205078
0 0.436523 0.722656 0.0214844 0.015625
0 0.362793 0.681641 0.0224609 0.0273438
0 0.538086 0.535156 0.0136719 0.0175781
0 0.401367 0.59668 0.0214844 0.0195312
0 0.38623 0.62207 0.0205078 0.0292969
0 0.472168 0.425293 0.0205078 0.0205078
0 0.475586 0.65918 0.0214844 0.0175781
0 0.594727 0.562012 0.0117188 0.0263672
0 0.451172 0.55957 0.0195312 0.0214844
0 0.394043 0.591309 0.0126953 0.0283203
0 0.377441 0.640625 0.0185547 0.0234375
0 0.536621 0.505371 0.0205078 0.0244141
0 0.338379 0.65332 0.0146484 0.0273438
0 0.446777 0.634277 0.0244141 0.0166016
0 0.333008 0.724609 0.00976562 0.0273438
0 0.543945 0.449707 0.0214844 0.0166016
0 0.511719 0.456543 0.0195312 0.0166016
0 0.394531 0.544922 0.0195312 0.03125
0 0.575684 0.52002 0.0205078 0.0185547
0 0.45752 0.643555 0.0126953 0.0292969
0 0.46875 0.449707 0.0136719 0.0302734
0 0.423828 0.46582 0.015625 0.0195312
0 0.335938 0.572266 0.0195312 0.015625
0 0.416016 0.550781 0.0117188 0.0351562
0 0.595215 0.478516 0.0126953 0.0273438
0 0.521484 0.599121 0.0117188 0.0322266
0 0.400391 0.447754 0.015625 0.0205078
0 0.38623 0.675293 0.0107422 0.0322266
0 0.539062 0.567383 0.0117188 0.0292969
0 0.480957 0.425781 0.0205078 0.0195312
0 0.606445 0.47998 0.0136719 0.0302734
0 0.442871 0.498535 0.0146484 0.0302734
0 0.350098 0.603027 0.0107422 0.0302734
0 0.416992 0.804688 0.015625 0.0273438
0 0.422852 0.633789 0.015625 0.0292969
0 0.566406 0.581055 0.0175781 0.0253906
0 0.571289 0.498047 0.0175781 0.0273438
0 0.615234 0.515625 0.0175781 0.0234375
0 0.362305 0.767578 0.0136719 0.03125
0 0.498535 0.650391 0.0107422 0.03125
0 0.338867 0.689453 0.0136719 0.0234375
0 0.395508 0.636719 0.0136719 0.0292969
0 0.349609 0.698242 0.0136719 0.0195312
0 0.589355 0.527344 0.0126953 0.03125
0 0.409668 0.831055 0.0107422 0.0234375
0 0.388184 0.748047 0.0224609 0.015625
0 0.412598 0.714844 0.0107422 0.03125
0 0.598633 0.452637 0.0175781 0.0244141
0 0.412109 0.479492 0.0117188 0.0332031
0 0.45752 0.703125 0.0205078 0.0195312
0 0.48584 0.573242 0.0185547 0.0214844
0 0.339844 0.71875 0.015625 0.0214844
0 0.347656 0.74707 0.0234375 0.0136719
0 0.510254 0.65918 0.0146484 0.0292969
0 0.478027 0.407227 0.0146484 0.03125
0 0.450684 0.6875 0.0126953 0.0273438
0 0.495117 0.611328 0.0214844 0.0175781
0 0.353516 0.527344 0.0117188 0.0273438
0 0.349609 0.627441 0.0117188 0.0322266
0 0.596191 0.498047 0.0185547 0.0234375
0 0.361816 0.512207 0.0107422 0.0322266
0 0.324219 0.559082 0.0117188 0.0263672
0 0.465332 0.390625 0.0166016 0.0332031
0 0.506836 0.473633 0.0214844 0.0175781
0 0.333008 0.70459 0.0214844 0.0146484
0 0.425293 0.665039 0.0146484 0.0214844
0 0.374512 0.518555 0.0146484 0.0332031
0 0.5 0.698242 0.0195312 0.0195312
0 0.492188 0.691406 0.0214844 0.015625
0 0.537109 0.649414 0.0234375 0.0214844
0 0.449707 0.49707 0.0146484 0.0292969
0 0.473633 0.542969 0.0175781 0.0195312
0 0.434082 0.708984 0.0244141 0.0117188
0 0.393555 0.66748 0.0117188 0.0302734
0 0.32959 0.538086 0.0185547 0.0253906
0 0.370117 0.650879 0.0136719 0.0322266
0 0.527344 0.464355 0.0117188 0.0341797
0 0.432129 0.51123 0.0107422 0.0302734
0 0.357422 0.500488 0.0117188 0.0400391
0 0.365234 0.621094 0.0117188 0.03125
0 0.391602 0.691406 0.0117188 0.03125
0 0.48877 0.481934 0.0107422 0.0380859
0 0.401367 0.470215 0.0136719 0.0361328
0 0.344727 0.732422 0.0234375 0.0117188
0 0.586914 0.486816 0.0136719 0.0244141
0 0.501953 0.462891 0.0195312 0.015625
0 0.465332 0.737793 0.00878906 0.0263672
0 0.413574 0.613281 0.0185547 0.0234375
0 0.417969 0.833008 0.0195312 0.0175781
0 0.449219 0.473633 0.015625 0.0332031
0 0.434082 0.765625 0.0224609 0.015625
0 0.487793 0.468262 0.0107422 0.0341797
0 0.563965 0.52832 0.0185547 0.0253906
0 0.365234 0.756836 0.015625 0.0273438
0 0.46582 0.46582 0.0136719 0.0292969
0 0.483887 0.583008 0.0205078 0.0253906
0 0.376953 0.466797 0.0117188 0.0273438
0 0.585938 0.464844 0.0117188 0.0273438
0 0.525391 0.52832 0.0234375 0.0136719
0 0.479492 0.544434 0.0175781 0.0205078
0 0.308594 0.618652 0.015625 0.0263672
0 0.543945 0.462402 0.0214844 0.0146484
0 0.47168 0.521484 0.015625 0.0332031
0 0.350586 0.558594 0.0195312 0.0195312
0 0.36084 0.691895 0.0224609 0.0146484
0 0.512695 0.436035 0.0136719 0.0361328
0 0.412598 0.669922 0.0126953 0.0273438
0 0.509766 0.527344 0.0117188 0.03125
0 0.449219 0.613281 0.015625 0.03125
0 0.401855 0.774414 0.0224609 0.0175781
0 0.401855 0.685547 0.0107422 0.03125
0 0.494629 0.675293 0.0224609 0.0205078
0 0.423828 0.529785 0.0175781 0.0263672
0 0.367188 0.474609 0.0117188 0.0273438
0 0.400879 0.542969 0.0146484 0.03125
0 0.452148 0.731445 0.0136719 0.0351562
0 0.33252 0.621582 0.0107422 0.0322266
0 0.469238 0.57666 0.0166016 0.0302734
0 0.426758 0.483398 0.0117188 0.03125
0 0.368652 0.677734 0.0126953 0.0273438
0 0.437012 0.571777 0.0126953 0.0322266
0 0.356445 0.580078 0.015625 0.0195312
0 0.356934 0.738281 0.0263672 0.015625
0 0.423828 0.441406 0.0234375 0.0136719
0 0.477539 0.49707 0.0117188 0.0332031
0 0.40918 0.79834 0.0136719 0.0322266
0 0.388672 0.753906 0.0234375 0.015625
0 0.449219 0.667969 0.0195312 0.0234375
0 0.604492 0.508789 0.0175781 0.03125
0 0.435547 0.746094 0.0234375 0.0195312
0 0.472656 0.707031 0.0273438 0.0195312
0 0.39209 0.62793 0.0126953 0.0332031
0 0.433105 0.611328 0.0166016 0.0273438
0 0.42041 0.782227 0.0146484 0.0292969
0 0.340332 0.590332 0.0107422 0.0302734
0 0.474609 0.68457 0.015625 0.0273438
0 0.352539 0.652344 0.0175781 0.0273438
0 0.457031 0.749023 0.0117188 0.0332031
0 0.383301 0.587402 0.0224609 0.0205078
0 0.500977 0.579102 0.015625 0.0332031
0 0.520996 0.622559 0.0205078 0.0224609
0 0.330078 0.592773 0.0117188 0.0332031
0 0.331055 0.687012 0.0136719 0.0263672
0 0.591797 0.548828 0.015625 0.03125
0 0.543945 0.584961 0.00976562 0.0351562
0 0.505371 0.595703 0.0244141 0.0195312
0 0.544922 0.54541 0.0195312 0.0146484
0 0.445312 0.424316 0.0175781 0.0205078
0 0.427246 0.803711 0.0166016 0.0253906
0 0.396484 0.813477 0.0117188 0.0332031
0 0.552734 0.485352 0.0195312 0.0234375
0 0.342773 0.52832 0.0175781 0.0214844
0 0.421875 0.724609 0.0117188 0.0273438
0 0.405273 0.756836 0.0136719 0.0253906
0 0.447754 0.401367 0.0126953 0.0332031
0 0.467285 0.720703 0.0244141 0.0117188
0 0.427246 0.572266 0.0146484 0.0292969
0 0.386719 0.807129 0.0117188 0.0283203
0 0.44043 0.526855 0.0136719 0.0302734
0 0.379395 0.599609 0.0205078 0.0117188
0 0.523926 0.669922 0.0224609 0.015625
0 0.393555 0.719727 0.00976562 0.0292969
0 0.537598 0.608398 0.0146484 0.0351562
0 0.419434 0.487793 0.0126953 0.0302734
0 0.381836 0.766602 0.0195312 0.0214844
0 0.379883 0.618652 0.0175781 0.0283203
0 0.568848 0.591309 0.0185547 0.0302734
0 0.322754 0.625977 0.0107422 0.0332031
0 0.427246 0.629883 0.0107422 0.0332031
0 0.560547 0.491699 0.015625 0.0244141
0 0.507812 0.43457 0.0117188 0.0371094
0 0.408691 0.607422 0.0224609 0.0234375
0 0.390137 0.46875 0.0166016 0.03125
0 0.505859 0.484863 0.0273438 0.0244141
0 0.466309 0.60498 0.0224609 0.0205078
0 0.378418 0.666992 0.0107422 0.0332031
0 0.505859 0.626465 0.0195312 0.0263672
0 0.355469 0.717773 0.0195312 0.0195312
0 0.476074 0.733398 0.0166016 0.0175781
0 0.438477 0.547363 0.0195312 0.0146484
0 0.435547 0.679688 0.0234375 0.0234375
0 0.381836 0.483398 0.0234375 0.0175781
0 0.4375 0.474121 0.015625 0.0302734
0 0.436523 0.647461 0.0253906 0.0136719
0 0.314453 0.605469 0.0136719 0.0273438
0 0.581543 0.499023 0.0126953 0.0253906
0 0.442383 0.432617 0.0195312 0.0175781
0 0.312012 0.644531 0.0107422 0.03125
0 0.544922 0.522949 0.0234375 0.0185547
0 0.48877 0.527344 0.0205078 0.015625
0 0.481445 0.603516 0.0195312 0.0273438
0 0.388672 0.546875 0.0117188 0.0351562
0 0.344727 0.671387 0.0214844 0.0166016
0 0.416016 0.510742 0.015625 0.0253906
0 0.462402 0.667969 0.0205078 0.0234375
0 0.60498 0.53418 0.0126953 0.0371094
0 0.556152 0.597656 0.0107422 0.03125
0 0.417969 0.822266 0.0195312 0.015625
0 0.499512 0.535156 0.0166016 0.03125
0 0.454102 0.537109 0.0175781 0.0273438
0 0.487793 0.548828 0.0107422 0.03125
0 0.438477 0.780273 0.0214844 0.0273438
0 0.579102 0.424805 0.0214844 0.0253906
0 0.322266 0.657227 0.0117188 0.0371094
0 0.433105 0.418457 0.0126953 0.0283203
0 0.432617 0.453613 0.0253906 0.0146484
0 0.482422 0.645508 0.0195312 0.03125
0 0.510742 0.68457 0.0136719 0.0292969
0 0.552246 0.433105 0.0185547 0.0263672
0 0.417969 0.636719 0.015625 0.0273438
0 0.458008 0.495605 0.0136719 0.0283203
0 0.42334 0.429199 0.0205078 0.0205078
0 0.374512 0.428711 0.0185547 0.0214844
0 0.528809 0.568848 0.0107422 0.0341797
0 0.416016 0.751953 0.0175781 0.0253906
0 0.488281 0.441406 0.0234375 0.015625
0 0.581055 0.570312 0.0253906 0.015625
0 0.521484 0.542969 0.0214844 0.0195312
0 0.389648 0.419922 0.0234375 0.0175781
0 0.51709 0.570312 0.0166016 0.0292969
0 0.503418 0.500977 0.0244141 0.0214844
0 0.317383 0.540039 0.015625 0.0253906
0 0.544922 0.630859 0.0195312 0.0195312
0 0.526367 0.442871 0.0175781 0.0224609
0 0.541016 0.433105 0.0214844 0.0263672
0 0.414551 0.449707 0.0166016 0.0263672
0 0.564453 0.43457 0.0078125 0.03125
0 0.310059 0.574707 0.0205078 0.0185547
0 0.402832 0.71582 0.0146484 0.0332031
0 0.370117 0.541016 0.0273438 0.015625
0 0.463867 0.564453 0.0175781 0.0273438
0 0.50293 0.552734 0.0214844 0.0195312
0 0.568359 0.465332 0.0136719 0.0322266
0 0.40332 0.402344 0.0136719 0.0292969
0 0.576172 0.448242 0.015625 0.0253906
0 0.38916 0.509277 0.0166016 0.0341797
0 0.362305 0.439941 0.0136719 0.0361328
0 0.345215 0.542969 0.0205078 0.0195312
0 0.377441 0.799805 0.0146484 0.0292969
0 0.394043 0.434082 0.0244141 0.0146484
0 0.458984 0.41748 0.0195312 0.0224609
0 0.316895 0.585938 0.0224609 0.0253906
0 0.386719 0.570312 0.0195312 0.0234375
0 0.342773 0.509766 0.0214844 0.0195312
0 0.378418 0.712891 0.0263672 0.015625
0 0.431152 0.371094 0.0205078 0.0351562
0 0.530273 0.489258 0.0253906 0.0136719
0 0.52002 0.512695 0.0166016 0.0253906
0 0.71582 0.153809 0.0195312 0.0478516
0 0.456543 0.441406 0.0146484 0.03125
0 0.408203 0.651367 0.0175781 0.0234375
0 0.591309 0.44043 0.0185547 0.0292969
