0 0.34375 0.541992 0.0546875 0.03125
0 0.593262 0.444824 0.100586 0.0810547
0 0.307129 0.491211 0.0478516 0.0371094
0 0.466309 0.710938 0.0439453 0.0625
0 0.639648 0.203613 0.0371094 0.0673828
0 0.20752 0.405762 0.0380859 0.0712891
0 0.705566 0.500488 0.0595703 0.0361328
0 0.505859 0.525879 0.03125 0.0810547
0 0.334473 0.803223 0.0380859 0.0693359
0 0.322754 0.466797 0.0576172 0.03125
0 0.182129 0.791504 0.0361328 0.0576172
0 0.34082 0.370117 0.0332031 0.078125
0 0.6875 0.25293 0.0605469 0.0761719
0 0.373047 0.384277 0.0292969 0.0615234
0 0.709961 0.472168 0.0566406 0.0361328
0 0.727051 0.442383 0.0537109 0.0390625
0 0.617188 0.251953 0.0585938 0.0625
0 0.570801 0.273926 0.0634766 0.0361328
