0 0.0253906 0.53418 0.0390625 0.0800781
0 0.0351562 0.444336 0.0507812 0.0488281
0 0.253906 0.511719 0.0546875 0.0859375
0 0.135254 0.454102 0.0458984 0.0585938
0 0.385254 0.37793 0.0498047 0.0703125
0 0.387695 0.320801 0.0351562 0.0712891
0 0.527832 0.250977 0.0537109 0.0605469
0 0.172363 0.387207 0.0498047 0.0869141
0 0.271484 0.78418 0.0214844 0.078125
0 0.285645 0.35791 0.0498047 0.0576172
0 0.649414 0.231934 0.0722656 0.0478516
0 0.764648 0.122559 0.0761719 0.0849609
0 0.78125 0.618164 0.0546875 0.0566406
0 0.416016 0.501953 0.0429688 0.109375
0 0.462402 0.756836 0.0302734 0.0800781
0 0.532227 0.645996 0.0449219 0.0615234
0 0.808594 0.644531 0.0429688 0.109375
0 0.835938 0.167969 0.0683594 0.0683594
