0 0.442871 0.426758 0.0146484 0.0410156
0 0.355469 0.380859 0.0175781 0.03125
0 0.362305 0.401367 0.03125 0.03125
0 0.43457 0.518555 0.0234375 0.0546875
0 0.43457 0.396484 0.015625 0.0527344
0 0.433105 0.600586 0.0283203 0.0488281
0 0.414062 0.518066 0.0195312 0.0634766
0 0.433594 0.722656 0.0253906 0.0488281
0 0.458008 0.514648 0.0136719 0.0527344
0 0.437988 0.558594 0.0224609 0.046875
0 0.481934 0.620117 0.0205078 0.0722656
0 0.445801 0.376953 0.0185547 0.0625
0 0.430664 0.446777 0.015625 0.0556641
0 0.434082 0.289062 0.0244141 0.0742188
0 0.445312 0.661133 0.0253906 0.0585938
0 0.409668 0.466309 0.0244141 0.0517578
0 0.481445 0.40918 0.0253906 0.046875
