0 0.364746 0.210938 0.0244141 0.0195312
0 0.589844 0.637695 0.00976562 0.0390625
0 0.447266 0.886719 0.0253906 0.0234375
0 0.160645 0.405273 0.0185547 0.0175781
0 0.392578 0.402832 0.0214844 0.0205078
0 0.290527 0.625 0.0166016 0.0175781
0 0.582031 0.575684 0.0117188 0.0439453
0 0.564941 0.617676 0.0244141 0.0205078
0 0.150879 0.790039 0.0263672 0.03125
0 0.11377 0.27832 0.0126953 0.0527344
0 0.441895 0.273926 0.0166016 0.0302734
0 0.399414 0.503418 0.0175781 0.0380859
0 0.398438 0.479004 0.0175781 0.0302734
0 0.357422 0.43457 0.0136719 0.0429688
0 0.352051 0.519531 0.0146484 0.0351562
0 0.455566 0.623535 0.00878906 0.0380859
0 0.633301 0.375977 0.0205078 0.0449219
0 0.595215 0.222656 0.0263672 0.0234375
0 0.322754 0.506836 0.0166016 0.0332031
0 0.278809 0.60791 0.0146484 0.0419922
0 0.407715 0.51416 0.0146484 0.0439453
0 0.640625 0.394531 0.0234375 0.0488281
0 0.341797 0.461914 0.015625 0.0390625
0 0.415527 0.223145 0.0263672 0.0478516
0 0.446289 0.472656 0.0195312 0.03125
0 0.491211 0.523438 0.0117188 0.0371094
0 0.313477 0.436523 0.0195312 0.0273438
0 0.341797 0.337402 0.015625 0.0419922
0 0.626465 0.387207 0.0107422 0.0439453
0 0.341797 0.402344 0.0136719 0.0371094
0 0.481934 0.51416 0.0146484 0.0458984
0 0.563965 0.230957 0.0283203 0.0322266
0 0.23291 0.492188 0.0224609 0.0371094
0 0.161621 0.373047 0.0224609 0.0332031
0 0.5 0.255371 0.0273438 0.0302734
0 0.250977 0.188477 0.0253906 0.0234375
0 0.297852 0.613281 0.0136719 0.0351562
0 0.108398 0.261719 0.0195312 0.0507812
0 0.0239258 0.541992 0.0146484 0.0449219
0 0.11377 0.36377 0.0244141 0.0283203
0 0.456055 0.470703 0.0292969 0.0292969
0 0.361328 0.528809 0.0195312 0.0400391
0 0.454102 0.294922 0.0195312 0.0390625
0 0.603027 0.376465 0.0166016 0.0498047
0 0.589355 0.612305 0.0224609 0.0410156
0 0.490723 0.840332 0.0224609 0.0263672
0 0.485352 0.124023 0.0253906 0.0332031
0 0.373047 0.244141 0.0175781 0.0429688
0 0.349609 0.45459 0.0136719 0.0361328
0 0.152832 0.36377 0.0205078 0.0205078
0 0.413574 0.247559 0.0224609 0.0244141
0 0.228516 0.384766 0.0136719 0.046875
0 0.362305 0.279785 0.0253906 0.0224609
0 0.428711 0.663086 0.0175781 0.0390625
0 0.20752 0.400391 0.0263672 0.0214844
0 0.231934 0.316406 0.0166016 0.0371094
0 0.384766 0.303223 0.015625 0.0341797
0 0.424805 0.528809 0.0195312 0.0185547
0 0.240234 0.327637 0.0234375 0.0244141
0 0.431641 0.265625 0.0195312 0.0273438
0 0.370605 0.356934 0.0146484 0.0478516
0 0.379883 0.413086 0.0175781 0.0371094
0 0.614258 0.530273 0.0136719 0.0449219
0 0.27832 0.633789 0.0253906 0.0195312
0 0.595703 0.202148 0.0234375 0.0332031
0 0.495605 0.549805 0.0126953 0.0410156
0 0.208984 0.202148 0.0175781 0.0449219
0 0.209473 0.312012 0.0244141 0.0205078
0 0.499023 0.499512 0.0175781 0.0380859
0 0.540527 0.505859 0.0166016 0.0371094
0 0.388672 0.219238 0.0195312 0.0341797
0 0.37207 0.44873 0.0234375 0.0263672
0 0.353027 0.339844 0.0166016 0.0390625
0 0.578125 0.237793 0.0136719 0.0478516
0 0.366699 0.265625 0.0224609 0.0214844
0 0.259277 0.338379 0.0263672 0.0322266
0 0.584473 0.529297 0.0126953 0.046875
0 0.302734 0.603516 0.015625 0.0429688
0 0.382324 0.427734 0.0244141 0.0292969
0 0.339355 0.658203 0.0146484 0.0410156
0 0.351074 0.285156 0.0244141 0.0214844
0 0.384277 0.643555 0.0224609 0.0273438
0 0.514648 0.522461 0.03125 0.0214844
0 0.384766 0.584473 0.015625 0.0419922
0 0.619141 0.359375 0.0117188 0.0429688
0 0.554688 0.460449 0.0292969 0.0400391
0 0.422852 0.89209 0.0117188 0.0517578
0 0.184082 0.424316 0.0185547 0.0458984
0 0.554688 0.612305 0.0214844 0.0371094
0 0.323242 0.619629 0.0195312 0.0205078
0 0.579102 0.553223 0.0117188 0.0478516
0 0.448242 0.867188 0.0292969 0.0234375
0 0.277832 0.509766 0.0205078 0.0390625
0 0.373047 0.490234 0.0175781 0.0429688
0 0.387695 0.241211 0.0195312 0.0390625
0 0.433105 0.806152 0.0126953 0.0419922
0 0.467285 0.150391 0.0146484 0.0546875
0 0.495117 0.0766602 0.0273438 0.0595703
0 0.22168 0.102539 0.0253906 0.0195312
0 0.199219 0.440918 0.0273438 0.0224609
0 0.241699 0.345703 0.0283203 0.0234375
0 0.579102 0.610352 0.0195312 0.0351562
0 0.0839844 0.450195 0.0175781 0.0527344
0 0.620117 0.431152 0.0136719 0.0439453
0 0.589355 0.790039 0.0107422 0.046875
0 0.346191 0.268066 0.0244141 0.0205078
0 0.507812 0.491699 0.0234375 0.0380859
0 0.373047 0.313477 0.0136719 0.0390625
0 0.419434 0.439453 0.0146484 0.0527344
0 0.164062 0.384277 0.015625 0.0341797
0 0.594727 0.187988 0.0292969 0.0322266
0 0.4375 0.294434 0.0214844 0.0322266
0 0.233398 0.206543 0.0292969 0.0244141
0 0.561523 0.504883 0.0273438 0.0292969
0 0.572266 0.513672 0.0214844 0.0351562
0 0.569336 0.195312 0.0136719 0.0449219
0 0.376465 0.629395 0.0146484 0.0458984
0 0.232422 0.233887 0.0136719 0.0439453
0 0.191406 0.555664 0.0195312 0.046875
0 0.348145 0.56543 0.0146484 0.0410156
0 0.233398 0.181641 0.0195312 0.0390625
0 0.341797 0.625488 0.0136719 0.0341797
0 0.36084 0.628906 0.0166016 0.0488281
0 0.531738 0.234863 0.0244141 0.0400391
0 0.395508 0.288574 0.0234375 0.0224609
0 0.364258 0.195801 0.0273438 0.0263672
0 0.189941 0.179199 0.0224609 0.0400391
0 0.558594 0.634766 0.0234375 0.0175781
0 0.356934 0.490723 0.0166016 0.0400391
0 0.246582 0.169434 0.0244141 0.0205078
0 0.351562 0.67627 0.0214844 0.0341797
0 0.115723 0.350098 0.0244141 0.0205078
0 0.347656 0.603027 0.0136719 0.0439453
0 0.189453 0.282715 0.015625 0.0439453
0 0.419434 0.509766 0.0185547 0.0351562
0 0.14209 0.342285 0.0185547 0.0458984
0 0.64502 0.552734 0.0185547 0.0410156
0 0.190918 0.20166 0.0283203 0.0283203
0 0.485352 0.56543 0.0136719 0.0449219
0 0.254883 0.520508 0.0175781 0.0449219
0 0.509277 0.182617 0.0185547 0.0527344
0 0.423828 0.777344 0.0136719 0.0507812
0 0.499023 0.121582 0.0175781 0.0458984
0 0.435547 0.838379 0.0175781 0.0419922
0 0.193359 0.135742 0.0175781 0.046875
0 0.381836 0.513672 0.0253906 0.0234375
0 0.464355 0.49707 0.0244141 0.0214844
0 0.399414 0.693359 0.0214844 0.0332031
0 0.481445 0.246582 0.0273438 0.0283203
0 0.592773 0.572266 0.015625 0.046875
0 0.366211 0.409668 0.0175781 0.0439453
0 0.233398 0.505859 0.0214844 0.0292969
0 0.522461 0.117676 0.0214844 0.0498047
0 0.716309 0.361328 0.0185547 0.0566406
0 0.54834 0.531738 0.0302734 0.0263672
0 0.41748 0.484375 0.0205078 0.0234375
0 0.431641 0.683105 0.0195312 0.0341797
0 0.338379 0.533203 0.0185547 0.0332031
0 0.549805 0.655273 0.015625 0.0390625
0 0.237305 0.757812 0.0253906 0.0351562
0 0.462891 0.654785 0.0136719 0.0419922
0 0.362305 0.467773 0.0175781 0.0332031
0 0.266113 0.175781 0.0283203 0.0234375
0 0.645996 0.19873 0.0244141 0.0322266
0 0.34082 0.5 0.0214844 0.0390625
0 0.202637 0.231934 0.0283203 0.0263672
0 0.212891 0.297363 0.0234375 0.0244141
0 0.563965 0.792969 0.0244141 0.0410156
0 0.62793 0.522461 0.0195312 0.0527344
0 0.327148 0.431152 0.0195312 0.0341797
0 0.424805 0.291016 0.0234375 0.0371094
0 0.355469 0.657715 0.0214844 0.0361328
0 0.40918 0.458984 0.015625 0.0410156
0 0.328125 0.359863 0.0253906 0.0244141
0 0.220215 0.422363 0.0205078 0.0322266
0 0.398438 0.21582 0.0214844 0.0371094
0 0.382812 0.6875 0.015625 0.0390625
0 0.459961 0.247559 0.0234375 0.0302734
0 0.664551 0.23291 0.0146484 0.0498047
0 0.726562 0.486816 0.0332031 0.0283203
0 0.481934 0.281738 0.0205078 0.0400391
0 0.569824 0.123047 0.0126953 0.0527344
0 0.271973 0.524902 0.0224609 0.0341797
0 0.344727 0.255371 0.0234375 0.0205078
0 0.246094 0.459961 0.0273438 0.0195312
0 0.265137 0.646973 0.0205078 0.0205078
0 0.592285 0.508301 0.0126953 0.0478516
0 0.609375 0.216797 0.0195312 0.0390625
0 0.527344 0.498047 0.0195312 0.0449219
0 0.259766 0.36084 0.0273438 0.0224609
0 0.347656 0.300781 0.0214844 0.0390625
0 0.205566 0.374512 0.0263672 0.0302734
0 0.608398 0.337402 0.015625 0.0419922
0 0.416992 0.831543 0.0234375 0.0166016
0 0.389648 0.460938 0.0253906 0.0214844
0 0.194824 0.316895 0.0185547 0.0380859
0 0.432617 0.518555 0.0214844 0.0253906
0 0.291016 0.491699 0.0195312 0.0380859
0 0.564453 0.557617 0.0175781 0.0507812
0 0.444824 0.577637 0.0185547 0.0361328
0 0.467773 0.546387 0.0214844 0.0419922
0 0.638672 0.419922 0.0253906 0.0410156
0 0.348633 0.699219 0.0253906 0.0214844
0 0.273926 0.294434 0.0224609 0.0322266
0 0.263184 0.542969 0.0166016 0.0351562
0 0.478516 0.859375 0.0214844 0.0546875
0 0.390625 0.824219 0.0195312 0.0292969
0 0.133301 0.369141 0.0263672 0.0253906
0 0.608887 0.241699 0.0283203 0.0244141
0 0.408691 0.759277 0.0263672 0.0283203
0 0.553711 0.213867 0.0175781 0.0449219
0 0.32959 0.57373 0.0244141 0.0224609
0 0.308594 0.225098 0.0292969 0.0283203
0 0.130859 0.219238 0.0292969 0.0361328
0 0.618164 0.400879 0.0195312 0.0380859
0 0.634766 0.219238 0.0195312 0.0419922
0 0.12793 0.294922 0.015625 0.0488281
0 0.247559 0.13623 0.0205078 0.0419922
0 0.331055 0.195801 0.0253906 0.0302734
0 0.17334 0.430176 0.0205078 0.0302734
0 0.199707 0.166992 0.0244141 0.0332031
0 0.30127 0.202637 0.0302734 0.0341797
0 0.443359 0.704102 0.0214844 0.0351562
0 0.390625 0.268066 0.0253906 0.0244141
0 0.32373 0.681152 0.0126953 0.0439453
0 0.466797 0.284668 0.0136719 0.0439453
0 0.626465 0.245605 0.0166016 0.0400391
0 0.55957 0.253906 0.0273438 0.0351562
0 0.536133 0.117676 0.0234375 0.0458984
0 0.669922 0.428711 0.0253906 0.0410156
0 0.35791 0.226074 0.0205078 0.0419922
0 0.544922 0.754395 0.0175781 0.0380859
0 0.321777 0.528809 0.0244141 0.0224609
0 0.648926 0.226562 0.0224609 0.0429688
0 0.265625 0.407227 0.0195312 0.0429688
0 0.337891 0.375488 0.0195312 0.0361328
0 0.209473 0.339355 0.0205078 0.0380859
0 0.466797 0.728516 0.0195312 0.0410156
0 0.39209 0.598145 0.0185547 0.0361328
0 0.451172 0.745117 0.0117188 0.046875
0 0.423828 0.734375 0.0234375 0.0273438
0 0.414551 0.691406 0.0126953 0.0429688
0 0.243652 0.442383 0.0244141 0.0234375
0 0.491699 0.630859 0.0205078 0.0371094
0 0.535645 0.253418 0.0205078 0.0478516
0 0.669922 0.329102 0.0195312 0.0507812
0 0.416504 0.919922 0.0244141 0.0214844
0 0.330566 0.472168 0.0224609 0.0361328
0 0.495605 0.147461 0.0263672 0.0351562
0 0.384277 0.661621 0.0283203 0.0224609
0 0.301758 0.265625 0.0253906 0.0292969
0 0.285645 0.0214844 0.0263672 0.0429688
0 0.439453 0.243652 0.0253906 0.0322266
0 0.65625 0.356934 0.0273438 0.0302734
0 0.568848 0.826172 0.0302734 0.0273438
0 0.320312 0.546875 0.0234375 0.0273438
0 0.602539 0.419922 0.015625 0.0390625
0 0.640137 0.533203 0.0244141 0.0410156
0 0.303223 0.286133 0.0244141 0.0292969
0 0.368652 0.712891 0.0224609 0.0273438
0 0.386719 0.548828 0.0234375 0.0371094
0 0.290039 0.0756836 0.0234375 0.0419922
0 0.328613 0.216797 0.0244141 0.03125
0 0.20459 0.420898 0.0224609 0.03125
0 0.182129 0.335449 0.0205078 0.0419922
0 0.747559 0.479004 0.0244141 0.0361328
0 0.138184 0.394531 0.0205078 0.0371094
0 0.586914 0.249023 0.0195312 0.0332031
0 0.306641 0.730469 0.0253906 0.0292969
0 0.383301 0.719727 0.0146484 0.0351562
0 0.324219 0.717773 0.0214844 0.0351562
0 0.692383 0.318359 0.0195312 0.0488281
0 0.396973 0.911621 0.0185547 0.0419922
0 0.528809 0.827148 0.0263672 0.0351562
0 0.537109 0.855469 0.0195312 0.0371094
