0 0.584961 0.589844 0.128906 0.0507812
0 0.783203 0.594727 0.0976562 0.0546875
0 0.358398 0.500977 0.0878906 0.0898438
0 0.523438 0.678711 0.0625 0.0839844
0 0.441406 0.509766 0.0839844 0.09375
0 0.783203 0.895508 0.0976562 0.0800781
0 0.717285 0.743164 0.108398 0.0839844
0 0.125977 0.613281 0.0996094 0.0996094
0 0.222168 0.639648 0.12793 0.0644531
0 0.420898 0.679688 0.0996094 0.0996094
0 0.543945 0.777832 0.119141 0.0673828
0 0.541504 0.566406 0.102539 0.0957031
0 0.491699 0.716797 0.0693359 0.0898438
0 0.489746 0.494141 0.0849609 0.078125
0 0.511719 0.23584 0.109375 0.102539
0 0.431152 0.621582 0.12207 0.0732422
0 0.348633 0.637695 0.0917969 0.0820312
0 0.601562 0.755859 0.101562 0.0820312
0 0.303223 0.42627 0.102539 0.0966797
0 0.458496 0.44043 0.106445 0.0644531
0 0.568359 0.667969 0.0820312 0.0820312
