0 0.395508 0.404297 0.0371094 0.0878906
0 0.436035 0.0454102 0.0693359 0.0419922
0 0.794922 0.0292969 0.0625 0.0585938
0 0.270508 0.408203 0.0527344 0.0664062
0 0.687988 0.356445 0.0673828 0.0449219
0 0.130859 0.481934 0.078125 0.0556641
0 0.33252 0.55957 0.0517578 0.0644531
0 0.227539 0.0908203 0.0488281 0.0878906
0 0.411133 0.291504 0.0800781 0.0458984
0 0.546875 0.0551758 0.046875 0.0908203
0 0.441895 0.886719 0.0751953 0.0351562
0 0.748535 0.254883 0.0654297 0.0410156
0 0.210938 0.241699 0.0605469 0.0615234
0 0.841797 0.276367 0.0488281 0.0761719
0 0.805664 0.65332 0.0351562 0.115234
0 0.336914 0.0317383 0.0527344 0.0556641
0 0.601074 0.241211 0.0615234 0.0546875
0 0.591797 0.805664 0.0625 0.0683594
0 0.605469 0.48291 0.0664062 0.0595703
0 0.510254 0.643555 0.0654297 0.0605469
0 0.79541 0.520996 0.0732422 0.0556641
0 0.449219 0.673828 0.0351562 0.0761719
0 0.696777 0.765625 0.0751953 0.0585938
