0 0.511719 0.612793 0.015625 0.0498047
0 0.541016 0.662598 0.0390625 0.0302734
0 0.623047 0.519531 0.0253906 0.03125
0 0.423828 0.230469 0.0273438 0.0351562
0 0.546875 0.375488 0.0273438 0.0341797
0 0.518555 0.562988 0.0136719 0.0478516
0 0.476562 0.746094 0.03125 0.0273438
0 0.480957 0.759277 0.0244141 0.0166016
0 0.459961 0.569336 0.0175781 0.0449219
0 0.453125 0.752441 0.0195312 0.0458984
0 0.486816 0.138672 0.0458984 0.0332031
0 0.469238 0.785645 0.0205078 0.0458984
0 0.458496 0.319336 0.0302734 0.0371094
0 0.553711 0.621582 0.0175781 0.0537109
0 0.458496 0.453613 0.0283203 0.0283203
0 0.30127 0.317383 0.0283203 0.0371094
0 0.508789 0.801758 0.0136719 0.0410156
0 0.501953 0.776367 0.0195312 0.0566406
0 0.429688 0.735352 0.0292969 0.0449219
0 0.60498 0.497559 0.0283203 0.0439453
0 0.606445 0.458496 0.0175781 0.0517578
0 0.307617 0.485352 0.0175781 0.0410156
0 0.544922 0.564453 0.0214844 0.0410156
0 0.665039 0.441895 0.0136719 0.0537109
0 0.472656 0.630859 0.0195312 0.0390625
0 0.539062 0.621094 0.015625 0.0605469
0 0.288574 0.547363 0.0166016 0.0361328
0 0.431152 0.43457 0.0458984 0.0253906
0 0.468262 0.837891 0.0185547 0.0449219
0 0.683594 0.374512 0.0351562 0.0576172
0 0.435547 0.810059 0.0273438 0.0458984
0 0.310059 0.274902 0.0283203 0.0478516
0 0.441406 0.79834 0.0292969 0.0576172
0 0.503418 0.65332 0.0185547 0.0527344
0 0.682617 0.334961 0.0292969 0.0332031
0 0.463867 0.644531 0.0175781 0.0507812
0 0.574707 0.608887 0.0224609 0.0517578
0 0.234863 0.465332 0.0263672 0.0478516
0 0.545898 0.471191 0.0136719 0.0498047
0 0.476074 0.229492 0.0302734 0.0273438
0 0.518555 0.698242 0.0410156 0.0371094
0 0.447754 0.235352 0.0205078 0.0449219
0 0.483887 0.693359 0.0166016 0.0390625
0 0.293945 0.456055 0.0214844 0.0527344
0 0.526367 0.612305 0.0136719 0.0527344
0 0.529297 0.535156 0.0332031 0.0234375
0 0.419922 0.439941 0.0332031 0.0263672
0 0.478516 0.856934 0.0253906 0.0498047
0 0.459961 0.711914 0.0292969 0.0507812
0 0.543945 0.416504 0.03125 0.0283203
0 0.512695 0.458008 0.0253906 0.0371094
0 0.49707 0.820312 0.0253906 0.0351562
0 0.424805 0.357422 0.0371094 0.0507812
0 0.533203 0.303711 0.0351562 0.0175781
0 0.431641 0.48291 0.0214844 0.0595703
0 0.538086 0.439453 0.0273438 0.0332031
0 0.549805 0.526367 0.0332031 0.0214844
0 0.463867 0.498535 0.0371094 0.0380859
0 0.584961 0.650391 0.0175781 0.0429688
0 0.564941 0.562012 0.0205078 0.0458984
0 0.53125 0.347168 0.0234375 0.0478516
0 0.483398 0.790039 0.0195312 0.0527344
0 0.53125 0.318848 0.0351562 0.0263672
0 0.273926 0.380371 0.0283203 0.0439453
0 0.480957 0.166504 0.0361328 0.0224609
0 0.411621 0.460938 0.0341797 0.015625
0 0.426758 0.833008 0.0175781 0.0566406
0 0.504883 0.443848 0.0292969 0.0224609
0 0.399902 0.480469 0.0302734 0.0429688
0 0.526367 0.726074 0.0234375 0.0537109
0 0.44043 0.14209 0.0371094 0.0263672
0 0.413086 0.565918 0.0332031 0.0361328
0 0.485352 0.191895 0.0273438 0.0322266
0 0.37793 0.472168 0.0292969 0.0361328
0 0.510742 0.210938 0.0195312 0.0410156
0 0.327148 0.413086 0.03125 0.0488281
0 0.544922 0.248047 0.0273438 0.0546875
0 0.41748 0.850586 0.0244141 0.0488281
0 0.532715 0.753906 0.0244141 0.0351562
0 0.42041 0.697266 0.0244141 0.0546875
0 0.512207 0.416992 0.0302734 0.0410156
0 0.533203 0.20752 0.0195312 0.0537109
