0 0.421875 0.299805 0.03125 0.0585938
0 0.401855 0.564453 0.0302734 0.0273438
0 0.397461 0.549805 0.0214844 0.0351562
0 0.515625 0.834961 0.0292969 0.0371094
0 0.479004 0.473145 0.0224609 0.0419922
0 0.414062 0.510254 0.0214844 0.0263672
0 0.400391 0.523438 0.03125 0.0292969
0 0.334473 0.428223 0.0126953 0.0498047
0 0.375 0.599609 0.0273438 0.0585938
0 0.324707 0.449219 0.0263672 0.0332031
0 0.346191 0.458008 0.0166016 0.0527344
0 0.580078 0.27832 0.03125 0.0742188
0 0.393555 0.496094 0.0234375 0.0351562
0 0.465332 0.289062 0.0322266 0.0410156
0 0.42334 0.163574 0.0263672 0.0478516
0 0.525391 0.307129 0.0351562 0.0458984
