0 0.665039 0.552246 0.0996094 0.0537109
0 0.717285 0.532715 0.133789 0.0556641
0 0.766113 0.512695 0.100586 0.046875
0 0.238281 0.595215 0.101562 0.0439453
0 0.291016 0.710449 0.105469 0.0732422
0 0.167969 0.442871 0.0761719 0.102539
0 0.373047 0.601074 0.115234 0.0537109
0 0.644531 0.44043 0.0957031 0.0703125
0 0.960938 0.415527 0.0761719 0.0693359
0 0.69043 0.42334 0.107422 0.0556641
0 0.330078 0.669922 0.103516 0.046875
0 0.249512 0.504883 0.0791016 0.0859375
0 0.147461 0.508301 0.0703125 0.0966797
0 0.476074 0.359375 0.0791016 0.0976562
0 0.440918 0.265625 0.124023 0.0820312
0 0.23877 0.441406 0.0966797 0.0839844
0 0.59375 0.438477 0.0878906 0.0878906
0 0.392578 0.178711 0.119141 0.101562
0 0.592773 0.355469 0.123047 0.0917969
