0 0.453613 0.638184 0.0126953 0.0439453
0 0.60498 0.415527 0.0126953 0.0341797
0 0.461914 0.669434 0.0136719 0.0498047
0 0.594727 0.621094 0.015625 0.0410156
0 0.379883 0.580078 0.0136719 0.0449219
0 0.652344 0.419434 0.0253906 0.0322266
0 0.662598 0.410156 0.0244141 0.0390625
0 0.616211 0.600586 0.0136719 0.0429688
0 0.456055 0.658691 0.0136719 0.0400391
0 0.564453 0.834961 0.0195312 0.0351562
0 0.606445 0.396484 0.0214844 0.0273438
0 0.392578 0.46875 0.0214844 0.0332031
0 0.624023 0.565918 0.0253906 0.0263672
0 0.577148 0.784668 0.0253906 0.0283203
0 0.711914 0.519043 0.0195312 0.0400391
0 0.668457 0.514648 0.0185547 0.0429688
0 0.578125 0.821289 0.0136719 0.0351562
0 0.376465 0.527344 0.0166016 0.0546875
0 0.602539 0.617188 0.015625 0.0429688
0 0.654785 0.450195 0.0205078 0.0292969
0 0.428711 0.630859 0.0234375 0.0332031
0 0.705566 0.544922 0.0205078 0.0546875
0 0.564941 0.824219 0.0224609 0.0234375
0 0.598633 0.347656 0.0117188 0.0390625
0 0.502441 0.62793 0.0302734 0.0253906
0 0.652832 0.398926 0.0126953 0.0341797
0 0.577637 0.798828 0.0263672 0.0253906
0 0.413574 0.705078 0.0126953 0.0527344
0 0.691895 0.486816 0.0166016 0.0419922
0 0.589844 0.324707 0.015625 0.0361328
0 0.468262 0.681641 0.0205078 0.03125
0 0.423828 0.692383 0.0175781 0.046875
0 0.459473 0.496094 0.0205078 0.0566406
0 0.652832 0.470215 0.0224609 0.0224609
0 0.508789 0.609375 0.0214844 0.0214844
0 0.553223 0.510254 0.0244141 0.0302734
0 0.499512 0.78418 0.0263672 0.0234375
0 0.555664 0.385254 0.0195312 0.0185547
0 0.392578 0.580566 0.0214844 0.0419922
0 0.509766 0.478516 0.0214844 0.0351562
0 0.503418 0.79834 0.0283203 0.0224609
0 0.407227 0.457031 0.0175781 0.0332031
0 0.404297 0.480469 0.015625 0.0351562
0 0.612305 0.376953 0.0253906 0.0195312
0 0.478516 0.339844 0.0117188 0.0371094
0 0.419434 0.355957 0.0146484 0.0380859
0 0.492188 0.77002 0.0273438 0.0263672
0 0.528809 0.749512 0.0146484 0.0419922
0 0.523438 0.77002 0.03125 0.0302734
0 0.384766 0.50293 0.0136719 0.0449219
0 0.376465 0.569824 0.0205078 0.0400391
0 0.509766 0.811035 0.0195312 0.0341797
0 0.592773 0.514648 0.0195312 0.0449219
0 0.54248 0.724609 0.0166016 0.046875
0 0.521973 0.806641 0.0146484 0.0410156
0 0.558594 0.493652 0.0292969 0.0244141
0 0.611328 0.356445 0.0117188 0.0351562
0 0.588379 0.399902 0.0224609 0.0224609
0 0.445312 0.637695 0.0136719 0.0546875
0 0.472168 0.639648 0.0244141 0.0332031
0 0.409668 0.773438 0.0185547 0.0410156
0 0.445801 0.683105 0.0126953 0.0439453
0 0.583984 0.673828 0.015625 0.0410156
0 0.528809 0.60791 0.0205078 0.0458984
0 0.638672 0.413574 0.0253906 0.0283203
0 0.382324 0.461914 0.0205078 0.0332031
0 0.487793 0.660156 0.0244141 0.0234375
0 0.570801 0.76123 0.0263672 0.0302734
0 0.669922 0.466309 0.0214844 0.0283203
0 0.520508 0.311523 0.0175781 0.0449219
0 0.587891 0.34668 0.0195312 0.0273438
0 0.529297 0.655762 0.015625 0.0439453
0 0.563965 0.851074 0.0224609 0.0322266
0 0.492188 0.687012 0.0175781 0.0380859
0 0.533691 0.80127 0.0166016 0.0439453
0 0.620605 0.404297 0.0146484 0.0351562
0 0.557617 0.786621 0.0175781 0.0361328
0 0.614258 0.689453 0.0195312 0.0429688
0 0.415039 0.556641 0.0195312 0.0371094
0 0.531738 0.513184 0.0224609 0.0380859
0 0.693848 0.411621 0.0244141 0.0419922
0 0.389648 0.702148 0.0195312 0.0429688
0 0.608398 0.644043 0.015625 0.0439453
0 0.467773 0.74707 0.0234375 0.03125
0 0.430176 0.707031 0.0205078 0.0390625
0 0.639648 0.391602 0.0234375 0.0214844
0 0.474121 0.696777 0.0185547 0.0400391
0 0.410156 0.403809 0.0292969 0.0244141
0 0.611816 0.534668 0.0146484 0.0517578
0 0.553711 0.609375 0.0253906 0.0292969
0 0.631836 0.588867 0.0292969 0.0351562
0 0.401855 0.685547 0.0205078 0.0332031
0 0.373047 0.675781 0.0195312 0.0429688
0 0.546387 0.768066 0.0185547 0.0380859
0 0.618652 0.649414 0.0166016 0.0429688
0 0.451172 0.325684 0.0234375 0.0361328
0 0.60791 0.311035 0.0244141 0.0380859
0 0.564941 0.699219 0.0244141 0.03125
0 0.658691 0.492188 0.0185547 0.0410156
0 0.481445 0.758789 0.0214844 0.0390625
0 0.463867 0.447266 0.0136719 0.0292969
0 0.462891 0.773438 0.0214844 0.0371094
0 0.679688 0.529785 0.0214844 0.0458984
0 0.626953 0.550293 0.0234375 0.0283203
0 0.694824 0.539062 0.0146484 0.0449219
0 0.484863 0.374512 0.0107422 0.0458984
0 0.525879 0.446777 0.0283203 0.0244141
0 0.559082 0.373535 0.0224609 0.0244141
0 0.398926 0.65918 0.0263672 0.0292969
0 0.523438 0.85498 0.0253906 0.0341797
0 0.527832 0.480469 0.0244141 0.03125
0 0.411133 0.57373 0.0214844 0.0400391
0 0.431152 0.37207 0.0166016 0.0449219
0 0.402832 0.541016 0.0166016 0.0449219
0 0.367676 0.496582 0.0224609 0.0302734
0 0.462402 0.424316 0.0166016 0.0361328
0 0.669922 0.435547 0.0234375 0.0292969
0 0.548828 0.819336 0.0214844 0.03125
0 0.520508 0.202148 0.0234375 0.0195312
0 0.502441 0.361328 0.0107422 0.0410156
0 0.657715 0.578125 0.0205078 0.03125
0 0.462891 0.383789 0.0117188 0.0449219
0 0.538574 0.288086 0.0146484 0.03125
0 0.558594 0.273438 0.0136719 0.0449219
