0 0.78418 0.222168 0.0332031 0.0478516
0 0.15625 0.138672 0.0507812 0.03125
0 0.631836 0.46582 0.0253906 0.0507812
0 0.620605 0.459961 0.0302734 0.0664062
0 0.502441 0.428223 0.0263672 0.0576172
0 0.234375 0.285156 0.0351562 0.0527344
0 0.316406 0.470215 0.0273438 0.0556641
0 0.462891 0.575195 0.0390625 0.0371094
0 0.390137 0.692383 0.0322266 0.0527344
0 0.411621 0.434082 0.0400391 0.0322266
0 0.147949 0.282227 0.0322266 0.0507812
0 0.454102 0.506348 0.03125 0.0517578
0 0.369141 0.416992 0.03125 0.0546875
0 0.468262 0.194336 0.0380859 0.0625
0 0.339355 0.68457 0.0341797 0.0566406
0 0.677734 0.508301 0.0390625 0.0419922
0 0.496094 0.382812 0.0429688 0.0429688
