0 0.802246 0.716309 0.0244141 0.0341797
0 0.750488 0.291992 0.0205078 0.0253906
0 0.620117 0.258789 0.0214844 0.0136719
0 0.1875 0.594727 0.03125 0.0410156
0 0.195312 0.499023 0.0234375 0.0429688
0 0.606445 0.314453 0.0253906 0.0332031
0 0.625977 0.537598 0.0253906 0.0205078
0 0.257812 0.293945 0.0273438 0.0253906
0 0.720703 0.581543 0.0234375 0.0283203
0 0.215332 0.257812 0.0341797 0.0214844
0 0.605957 0.383789 0.0146484 0.0410156
0 0.501465 0.558594 0.0283203 0.0332031
0 0.466309 0.574707 0.0166016 0.0439453
0 0.377441 0.106934 0.0302734 0.0458984
0 0.790527 0.378906 0.0283203 0.0234375
0 0.71582 0.494629 0.0234375 0.0341797
0 0.442871 0.375488 0.0224609 0.0380859
