0 0.586426 0.382812 0.0517578 0.0195312
0 0.377441 0.428223 0.0595703 0.0166016
0 0.368164 0.419922 0.0644531 0.0253906
0 0.341797 0.303223 0.03125 0.0283203
0 0.371582 0.546387 0.0478516 0.0263672
0 0.628418 0.368652 0.0322266 0.0302734
0 0.412598 0.549805 0.0185547 0.0292969
0 0.358398 0.516602 0.0351562 0.0332031
0 0.537109 0.487793 0.0507812 0.0341797
0 0.367188 0.271973 0.0351562 0.0263672
0 0.725098 0.402344 0.0419922 0.03125
0 0.694336 0.396484 0.0351562 0.0332031
0 0.396973 0.403809 0.0458984 0.0185547
0 0.526367 0.57959 0.0800781 0.0341797
0 0.683594 0.35498 0.0546875 0.0205078
0 0.732422 0.26123 0.0527344 0.0283203
0 0.226562 0.479492 0.0429688 0.0273438
0 0.465332 0.548828 0.0380859 0.0234375
0 0.216797 0.433594 0.0625 0.0175781
0 0.756836 0.321777 0.0585938 0.0341797
0 0.601074 0.439941 0.0458984 0.0302734
0 0.388672 0.507812 0.0507812 0.0292969
0 0.679688 0.307129 0.0585938 0.0224609
0 0.386719 0.445312 0.0390625 0.0253906
0 0.393555 0.412109 0.0507812 0.0253906
0 0.625488 0.394531 0.0517578 0.0195312
0 0.587402 0.318359 0.0576172 0.0292969
0 0.789062 0.311523 0.0605469 0.0214844
0 0.321777 0.525879 0.0458984 0.0263672
0 0.245117 0.422852 0.0566406 0.0234375
0 0.411621 0.524414 0.0400391 0.0292969
0 0.617676 0.461426 0.0322266 0.0361328
0 0.666016 0.277344 0.0253906 0.0390625
0 0.371582 0.258789 0.0537109 0.0273438
0 0.428223 0.27832 0.0556641 0.03125
0 0.21875 0.335449 0.0273438 0.0322266
0 0.635254 0.283203 0.0576172 0.0195312
0 0.724609 0.316406 0.0566406 0.0234375
0 0.660645 0.375 0.0361328 0.0292969
0 0.384277 0.463867 0.0361328 0.03125
0 0.651855 0.439453 0.0283203 0.0292969
0 0.722656 0.293457 0.0410156 0.0341797
0 0.327637 0.513672 0.0517578 0.0214844
0 0.446777 0.260742 0.0380859 0.0371094
0 0.757812 0.269043 0.0488281 0.0380859
0 0.557617 0.439941 0.0449219 0.0263672
0 0.188477 0.414062 0.0527344 0.0351562
0 0.446777 0.48877 0.0615234 0.0244141
0 0.710449 0.340332 0.0537109 0.0224609
0 0.585938 0.391602 0.046875 0.0234375
0 0.571777 0.449707 0.0302734 0.0322266
0 0.276855 0.444336 0.0537109 0.015625
0 0.456543 0.53418 0.0576172 0.0195312
0 0.352051 0.310059 0.0400391 0.0341797
0 0.123535 0.333496 0.0439453 0.0361328
0 0.417969 0.433594 0.0546875 0.0234375
0 0.568848 0.340332 0.0615234 0.0224609
0 0.703613 0.55127 0.0302734 0.0302734
0 0.318848 0.543457 0.0556641 0.0244141
0 0.635254 0.414062 0.0458984 0.0253906
0 0.424805 0.333008 0.0371094 0.0292969
0 0.588379 0.473633 0.0478516 0.0351562
0 0.552734 0.393066 0.046875 0.0224609
0 0.393555 0.288086 0.0664062 0.0214844
0 0.571777 0.363281 0.0341797 0.0332031
0 0.476074 0.277344 0.0439453 0.0292969
0 0.459961 0.396973 0.0546875 0.0224609
0 0.269531 0.410156 0.0527344 0.0195312
0 0.681152 0.508789 0.0498047 0.0253906
0 0.493652 0.290039 0.0517578 0.0253906
0 0.779785 0.356445 0.0439453 0.0332031
0 0.666992 0.493652 0.0585938 0.0185547
0 0.702148 0.412109 0.0351562 0.03125
0 0.359863 0.337402 0.0458984 0.0302734
0 0.524902 0.47168 0.0537109 0.0234375
0 0.578125 0.415527 0.0332031 0.0322266
0 0.332031 0.242188 0.0332031 0.0332031
0 0.609863 0.242676 0.0361328 0.0341797
0 0.334473 0.559082 0.0498047 0.0224609
0 0.254395 0.464844 0.0419922 0.0332031
0 0.456055 0.412598 0.0546875 0.0166016
0 0.292969 0.421875 0.0429688 0.03125
0 0.227051 0.358398 0.0380859 0.03125
0 0.496582 0.385254 0.0458984 0.0224609
0 0.459961 0.324707 0.0605469 0.0244141
0 0.704102 0.371582 0.046875 0.0322266
0 0.556152 0.315918 0.0556641 0.0224609
0 0.428711 0.216309 0.0527344 0.0341797
0 0.191895 0.363281 0.0517578 0.0410156
0 0.34082 0.438477 0.0410156 0.0292969
0 0.529785 0.29834 0.0537109 0.0283203
0 0.158691 0.429688 0.0400391 0.0351562
0 0.629883 0.334473 0.0371094 0.0341797
0 0.263672 0.612793 0.0546875 0.0283203
0 0.386719 0.349609 0.0585938 0.0214844
0 0.393066 0.371094 0.0537109 0.0175781
0 0.209961 0.400391 0.0371094 0.0292969
0 0.307129 0.477051 0.0400391 0.0361328
0 0.534668 0.429688 0.0419922 0.03125
0 0.219238 0.516113 0.0576172 0.0185547
0 0.515625 0.51416 0.0605469 0.0263672
0 0.679688 0.32959 0.046875 0.0263672
0 0.540039 0.351074 0.0527344 0.0224609
0 0.356934 0.243164 0.0556641 0.0214844
0 0.443359 0.344727 0.0605469 0.0195312
0 0.210449 0.495117 0.0556641 0.0253906
0 0.409668 0.382812 0.0498047 0.0253906
0 0.663574 0.398438 0.0458984 0.0253906
0 0.272949 0.330566 0.0380859 0.0361328
0 0.254883 0.39209 0.0546875 0.0283203
0 0.317871 0.31543 0.0576172 0.0214844
0 0.455566 0.430176 0.0419922 0.0302734
0 0.357422 0.39502 0.0351562 0.0341797
0 0.35791 0.477051 0.0380859 0.0322266
0 0.580566 0.243164 0.0419922 0.03125
0 0.489258 0.37207 0.046875 0.0234375
0 0.411621 0.460938 0.0537109 0.0292969
0 0.445312 0.373535 0.0546875 0.0205078
0 0.319336 0.459961 0.0527344 0.0234375
0 0.130859 0.401855 0.0390625 0.0322266
0 0.258789 0.307617 0.0488281 0.03125
