0 0.478516 0.366699 0.00976562 0.0419922
0 0.509766 0.586426 0.03125 0.0517578
0 0.578613 0.575195 0.0302734 0.0761719
0 0.474121 0.654297 0.0126953 0.0625
0 0.544434 0.430176 0.0283203 0.0380859
0 0.552734 0.782227 0.0273438 0.0371094
0 0.592773 0.677246 0.0292969 0.0400391
0 0.480469 0.458496 0.0234375 0.0498047
0 0.663086 0.603516 0.0136719 0.046875
0 0.610352 0.555176 0.0273438 0.0283203
0 0.526367 0.740234 0.0214844 0.0429688
0 0.608398 0.504883 0.0292969 0.0449219
0 0.594727 0.744141 0.0136719 0.0566406
