0 0.389648 0.391113 0.0253906 0.0361328
0 0.41748 0.378906 0.0185547 0.0390625
0 0.323242 0.522949 0.0136719 0.0478516
0 0.362793 0.274902 0.0205078 0.0517578
0 0.49707 0.378906 0.0214844 0.0410156
0 0.501953 0.652344 0.0214844 0.0488281
0 0.404297 0.405762 0.0195312 0.0361328
0 0.282715 0.467773 0.0205078 0.0507812
0 0.381836 0.681641 0.0195312 0.046875
0 0.419434 0.71875 0.0244141 0.0371094
0 0.439453 0.718262 0.0195312 0.0517578
0 0.387207 0.558594 0.0166016 0.0449219
0 0.385742 0.766113 0.0175781 0.0478516
0 0.447266 0.358398 0.0234375 0.0507812
0 0.397461 0.671387 0.015625 0.0498047
0 0.319336 0.467773 0.0214844 0.0351562
0 0.474121 0.422852 0.0283203 0.0390625
0 0.457031 0.699219 0.0195312 0.0449219
0 0.476562 0.367676 0.0234375 0.0380859
0 0.496582 0.394531 0.0224609 0.0371094
0 0.332031 0.47168 0.015625 0.0449219
0 0.317871 0.433594 0.0224609 0.0273438
0 0.400879 0.425781 0.0224609 0.0371094
0 0.43457 0.456055 0.015625 0.0488281
0 0.40332 0.527832 0.0234375 0.0283203
0 0.452148 0.439453 0.0214844 0.0644531
0 0.372559 0.512695 0.0205078 0.046875
0 0.367188 0.681641 0.0234375 0.0429688
0 0.291992 0.575195 0.0214844 0.0429688
0 0.416016 0.44043 0.0214844 0.0449219
0 0.41748 0.669434 0.0244141 0.0380859
0 0.416504 0.545898 0.0224609 0.03125
0 0.381348 0.415039 0.0283203 0.0371094
0 0.401855 0.580566 0.0224609 0.0537109
0 0.394531 0.537109 0.0195312 0.0332031
0 0.469238 0.793945 0.0205078 0.0546875
0 0.391602 0.757324 0.0214844 0.0400391
0 0.214844 0.643066 0.0234375 0.0458984
0 0.333008 0.362793 0.0214844 0.0400391
0 0.65332 0.685547 0.0292969 0.0371094
0 0.389648 0.345703 0.015625 0.0429688
0 0.42627 0.311523 0.0263672 0.0371094
0 0.311523 0.350586 0.0253906 0.0449219
0 0.374023 0.45752 0.0214844 0.0400391
0 0.551758 0.713379 0.0273438 0.0439453
0 0.439453 0.301758 0.0214844 0.0410156
0 0.674805 0.557617 0.0292969 0.0429688
0 0.297852 0.529297 0.0214844 0.0449219
0 0.264648 0.625977 0.015625 0.0449219
0 0.391113 0.255371 0.0224609 0.0341797
0 0.490234 0.306641 0.0253906 0.0351562
0 0.324219 0.347168 0.0214844 0.0361328
0 0.492676 0.465332 0.0224609 0.0498047
0 0.487793 0.66748 0.0283203 0.0537109
0 0.370117 0.542969 0.0234375 0.0371094
0 0.40625 0.725098 0.0214844 0.0439453
0 0.416016 0.789062 0.0273438 0.0292969
0 0.356445 0.726562 0.0214844 0.0371094
0 0.358398 0.353516 0.0195312 0.0449219
0 0.381348 0.501953 0.0166016 0.0410156
0 0.258789 0.504883 0.0292969 0.0273438
0 0.328613 0.612793 0.0185547 0.0478516
0 0.411133 0.345703 0.0253906 0.0273438
0 0.474121 0.489258 0.0185547 0.0507812
0 0.359375 0.631348 0.0253906 0.0419922
0 0.24707 0.46582 0.0234375 0.0410156
0 0.317383 0.773438 0.0214844 0.0410156
0 0.516113 0.412598 0.0205078 0.0517578
0 0.468262 0.756836 0.0302734 0.0351562
0 0.257324 0.643066 0.0146484 0.0478516
0 0.442871 0.75 0.0205078 0.0507812
0 0.368652 0.330078 0.0146484 0.0429688
0 0.367676 0.578613 0.0185547 0.0439453
0 0.501953 0.51416 0.0214844 0.0537109
0 0.402344 0.64209 0.0273438 0.0361328
0 0.534668 0.523438 0.0244141 0.0507812
0 0.35791 0.476562 0.0166016 0.0429688
0 0.456543 0.512695 0.0205078 0.0449219
0 0.393066 0.312012 0.0185547 0.0419922
0 0.288086 0.620117 0.0214844 0.046875
0 0.436523 0.598633 0.0253906 0.0410156
0 0.340332 0.51416 0.0224609 0.0419922
0 0.265625 0.536133 0.0253906 0.0292969
