0 0.506348 0.481445 0.0185547 0.0214844
0 0.433594 0.659668 0.0332031 0.0263672
0 0.434082 0.679688 0.0302734 0.0175781
0 0.614746 0.407227 0.0185547 0.0371094
0 0.473145 0.38916 0.0244141 0.0185547
0 0.429688 0.560547 0.0292969 0.0332031
0 0.499023 0.522949 0.0117188 0.0380859
0 0.318359 0.403809 0.0234375 0.0302734
0 0.378418 0.514648 0.0302734 0.0527344
0 0.428711 0.324219 0.0214844 0.0410156
0 0.391113 0.374512 0.0166016 0.0361328
0 0.588867 0.481934 0.0292969 0.0185547
0 0.605469 0.584961 0.0351562 0.0234375
0 0.645996 0.487793 0.0205078 0.0361328
0 0.535156 0.69043 0.0332031 0.0273438
0 0.336426 0.654297 0.0146484 0.0410156
0 0.48291 0.430664 0.0302734 0.0175781
0 0.554688 0.328613 0.0351562 0.0166016
0 0.529785 0.498535 0.0263672 0.0263672
0 0.530762 0.37207 0.0302734 0.0234375
