0 0.489258 0.283203 0.0136719 0.0683594
0 0.479004 0.500977 0.0126953 0.0488281
0 0.475586 0.464844 0.0136719 0.0449219
0 0.498047 0.394531 0.0273438 0.0253906
0 0.522949 0.800781 0.0302734 0.0527344
0 0.501465 0.736328 0.0185547 0.0371094
0 0.584961 0.387695 0.0117188 0.0449219
0 0.512207 0.469727 0.0244141 0.0292969
0 0.553223 0.505859 0.0126953 0.0429688
0 0.520996 0.495605 0.0185547 0.0400391
0 0.48584 0.724121 0.0205078 0.0380859
0 0.556152 0.312012 0.0283203 0.0224609
0 0.589844 0.689941 0.015625 0.0498047
0 0.578613 0.503418 0.0263672 0.0244141
0 0.512207 0.227539 0.0107422 0.046875
0 0.508301 0.360352 0.0166016 0.0449219
0 0.545898 0.446289 0.0234375 0.0351562
0 0.515625 0.183105 0.0234375 0.0439453
