0 0.431152 0.758301 0.0556641 0.0595703
0 0.149902 0.983887 0.0498047 0.0322266
0 0.54834 0.538086 0.0244141 0.0683594
0 0.104492 0.0693359 0.0351562 0.046875
0 0.922852 0.0947266 0.015625 0.0605469
0 0.58252 0.863281 0.0791016 0.0644531
0 0.713867 0.277832 0.046875 0.0732422
0 0.339844 0.707031 0.0351562 0.0761719
0 0.805176 0.30127 0.0400391 0.0869141
0 0.594727 0.132324 0.0371094 0.0849609
0 0.118164 0.225586 0.0644531 0.0449219
0 0.635254 0.750488 0.0537109 0.0869141
0 0.672852 0.364258 0.0605469 0.0800781
0 0.450684 0.174316 0.0322266 0.0771484
0 0.48291 0.678223 0.0673828 0.0595703
0 0.635742 0.470703 0.0566406 0.105469
0 0.470703 0.41748 0.0644531 0.0712891
0 0.529785 0.278809 0.0693359 0.104492
