0 0.522461 0.669922 0.0292969 0.0976562
0 0.615234 0.976074 0.0507812 0.0478516
0 0.697754 0.831055 0.0634766 0.0957031
0 0.633789 0.839355 0.0332031 0.102539
0 0.822266 0.519531 0.0566406 0.0820312
0 0.576172 0.522949 0.0742188 0.0322266
0 0.667969 0.817383 0.0507812 0.0957031
0 0.597168 0.550293 0.0751953 0.0263672
0 0.575195 0.625977 0.0527344 0.0625
0 0.498047 0.633789 0.0566406 0.0800781
0 0.571777 0.821289 0.0810547 0.0488281
0 0.579102 0.913574 0.0351562 0.110352
0 0.604004 0.777344 0.0556641 0.0742188
0 0.545898 0.586914 0.0488281 0.0644531
