1 0.210938 0.331543 0.0546875 0.0634766
0 0.252441 0.459961 0.0205078 0.0195312
1 0.19043 0.596191 0.0703125 0.0634766
1 0.518555 0.468262 0.0917969 0.0537109
0 0.787109 0.471191 0.0507812 0.0595703
0 0.681152 0.383301 0.0556641 0.0400391
0 0.354492 0.290527 0.0351562 0.0615234
0 0.677734 0.125 0.0566406 0.0683594
0 0.627441 0.219238 0.0712891 0.0341797
0 0.626465 0.284668 0.0400391 0.0615234
1 0.35498 0.290527 0.0361328 0.0615234
0 0.883789 0.429199 0.0820312 0.0654297
0 0.19043 0.595215 0.0683594 0.0634766
1 0.51123 0.677734 0.0595703 0.0703125
0 0.672852 0.47168 0.0605469 0.0703125
