0 0.72168 0.340332 0.0390625 0.0400391
0 0.440918 0.430664 0.0478516 0.0664062
0 0.0117188 0.639648 0.0234375 0.0878906
0 0.705078 0.437012 0.0722656 0.0791016
0 0.441406 0.351562 0.0292969 0.0898438
0 0.654297 0.55127 0.0917969 0.0615234
0 0.63623 0.605957 0.0947266 0.0615234
0 0.474609 0.652344 0.0507812 0.0742188
0 0.54541 0.15625 0.0263672 0.0742188
0 0.637207 0.650879 0.0849609 0.0634766
0 0.385254 0.590332 0.0458984 0.0869141
0 0.512207 0.652344 0.0322266 0.115234
0 0.486816 0.830078 0.0419922 0.126953
0 0.675781 0.450195 0.0625 0.0859375
0 0.44043 0.289062 0.0703125 0.0507812
0 0.466797 0.71875 0.0683594 0.117188
0 0.722168 0.410156 0.0634766 0.0800781
0 0.52832 0.198242 0.0644531 0.0585938
