0 0.54834 0.564453 0.0673828 0.0175781
0 0.605957 0.574219 0.0693359 0.0253906
0 0.657715 0.564453 0.0615234 0.0292969
0 0.44873 0.621582 0.0927734 0.0615234
0 0.666992 0.490234 0.0429688 0.0390625
0 0.521484 0.447266 0.046875 0.0332031
0 0.60498 0.553711 0.0751953 0.0195312
0 0.162598 0.519043 0.0576172 0.0380859
0 0.433105 0.543457 0.0810547 0.0361328
0 0.488281 0.513184 0.0722656 0.0166016
0 0.499023 0.630859 0.03125 0.0371094
0 0.532227 0.601074 0.0410156 0.0380859
0 0.527832 0.479492 0.0595703 0.0371094
0 0.56543 0.506836 0.0683594 0.0214844
0 0.830566 0.569824 0.0634766 0.0263672
0 0.695801 0.547363 0.0673828 0.0322266
