0 0.572266 0.469727 0.0273438 0.0566406
0 0.470703 0.309082 0.0292969 0.0244141
0 0.404297 0.448242 0.0175781 0.0585938
0 0.333008 0.531738 0.0175781 0.0498047
0 0.406738 0.187988 0.0146484 0.0517578
0 0.583984 0.456055 0.0214844 0.0527344
0 0.662598 0.40625 0.0478516 0.0351562
0 0.549316 0.429688 0.0361328 0.03125
0 0.507324 0.258789 0.0283203 0.0488281
0 0.595215 0.758789 0.0498047 0.03125
0 0.657715 0.755859 0.0185547 0.0566406
0 0.527832 0.219727 0.0185547 0.0546875
0 0.632324 0.46875 0.0439453 0.0332031
0 0.425781 0.562012 0.0234375 0.0556641
0 0.622559 0.279297 0.0244141 0.0664062
0 0.740234 0.684082 0.0351562 0.0322266
0 0.485352 0.331055 0.0371094 0.0332031
0 0.431641 0.480469 0.0332031 0.0410156
0 0.549316 0.344238 0.0283203 0.0576172
0 0.477051 0.266602 0.0341797 0.0371094
0 0.62207 0.730469 0.0214844 0.0605469
0 0.382812 0.273438 0.0332031 0.0351562
0 0.543457 0.466797 0.0341797 0.0507812
0 0.30127 0.425781 0.0341797 0.0273438
0 0.443359 0.637695 0.0273438 0.0527344
0 0.536133 0.28418 0.0390625 0.0546875
0 0.384277 0.367676 0.0302734 0.0458984
0 0.609375 0.304688 0.0234375 0.0546875
0 0.691406 0.306641 0.0253906 0.0625
0 0.407227 0.307617 0.0351562 0.0449219
0 0.342773 0.227051 0.0273438 0.0361328
0 0.341309 0.292969 0.0302734 0.046875
