0 0.799316 0.193848 0.0205078 0.0205078
0 0.452148 0.153809 0.0078125 0.0224609
0 0.34668 0.336914 0.0292969 0.0214844
0 0.33252 0.770996 0.0146484 0.0224609
0 0.289062 0.729004 0.015625 0.0263672
0 0.523926 0.478027 0.0166016 0.0244141
0 0.237305 0.482422 0.0175781 0.0273438
0 0.00439453 0.866699 0.00878906 0.0341797
0 0.364746 0.605957 0.0205078 0.0185547
0 0.237305 0.566406 0.0117188 0.0214844
0 0.27002 0.485352 0.0146484 0.0273438
0 0.235352 0.596191 0.0136719 0.0263672
0 0.3125 0.449219 0.0117188 0.0351562
0 0.361816 0.600586 0.0263672 0.0136719
0 0.864258 0.293945 0.0195312 0.0234375
0 0.428223 0.715332 0.0185547 0.0302734
0 0.255371 0.568848 0.0146484 0.0302734
0 0.181152 0.490234 0.0146484 0.0253906
0 0.243164 0.625 0.0195312 0.0253906
0 0.328125 0.556152 0.00976562 0.0244141
0 0.259277 0.512207 0.0185547 0.0205078
0 0.227051 0.587891 0.0205078 0.015625
0 0.54248 0.141602 0.0166016 0.0351562
0 0.270996 0.501953 0.0126953 0.0273438
0 0.643066 0.452637 0.00878906 0.0341797
0 0.331543 0.794922 0.0166016 0.0253906
0 0.362793 0.570801 0.0126953 0.0302734
0 0.358887 0.591797 0.0205078 0.0136719
0 0.587891 0.738281 0.015625 0.0371094
0 0.381348 0.431641 0.0146484 0.0214844
0 0.748535 0.408691 0.0205078 0.0205078
0 0.227539 0.625488 0.0136719 0.0302734
0 0.0107422 0.933594 0.0214844 0.0292969
0 0.552734 0.55127 0.0136719 0.0361328
0 0.245117 0.567871 0.0136719 0.0283203
0 0.585938 0.202148 0.015625 0.0273438
0 0.874512 0.00878906 0.0205078 0.0175781
0 0.246094 0.489258 0.0214844 0.0175781
0 0.350586 0.616211 0.0117188 0.03125
0 0.35791 0.55127 0.0107422 0.0283203
0 0.608887 0.366699 0.0224609 0.0283203
0 0.687012 0.350586 0.0205078 0.0175781
0 0.611328 0.291504 0.0136719 0.0263672
0 0.199219 0.986816 0.03125 0.0263672
0 0.656738 0.262207 0.0185547 0.0244141
0 0.433105 0.732422 0.0224609 0.0214844
0 0.248535 0.91748 0.0283203 0.0341797
0 0.387207 0.450195 0.0107422 0.0292969
0 0.353516 0.331055 0.0292969 0.0175781
0 0.676758 0.431641 0.0195312 0.0253906
0 0.122559 0.549805 0.0107422 0.03125
0 0.484375 0.464844 0.0136719 0.03125
0 0.352539 0.23584 0.015625 0.0341797
0 0.234375 0.524414 0.0195312 0.0234375
0 0.219727 0.508789 0.0214844 0.015625
0 0.208496 0.634766 0.0283203 0.015625
0 0.236328 0.54248 0.015625 0.0283203
0 0.433594 0.710938 0.015625 0.0332031
0 0.395508 0.263672 0.0117188 0.03125
0 0.371582 0.571289 0.0126953 0.03125
0 0.23584 0.624023 0.0146484 0.0292969
0 0.441895 0.352539 0.0224609 0.0195312
0 0.398438 0.340332 0.0214844 0.0185547
0 0.384766 0.550781 0.0136719 0.03125
0 0.321289 0.404297 0.0175781 0.0332031
0 0.228027 0.560059 0.0244141 0.0146484
0 0.174316 0.672363 0.0126953 0.0322266
0 0.22168 0.577637 0.015625 0.0224609
0 0.244141 0.462891 0.0175781 0.0253906
0 0.464844 0.991699 0.0234375 0.0166016
0 0.25 0.506836 0.015625 0.0253906
0 0.230957 0.646484 0.0166016 0.0273438
0 0.333008 0.322266 0.0175781 0.0292969
0 0.523438 0.928711 0.0253906 0.0351562
0 0.39502 0.467773 0.0244141 0.0175781
0 0.396484 0.445312 0.0117188 0.0332031
0 0.428223 0.364746 0.0224609 0.0224609
0 0.507812 0.537109 0.0117188 0.0371094
0 0.130859 0.948242 0.0234375 0.0351562
0 0.319824 0.441406 0.0126953 0.0292969
0 0.40918 0.771973 0.015625 0.0322266
0 0.339844 0.343262 0.0175781 0.0302734
0 0.38623 0.526855 0.0166016 0.0263672
0 0.368652 0.622559 0.0146484 0.0302734
0 0.413086 0.17334 0.015625 0.0322266
0 0.370117 0.247559 0.0214844 0.0205078
0 0.456055 0.55127 0.0136719 0.0361328
0 0.389648 0.314453 0.0117188 0.03125
0 0.515625 0.227539 0.0175781 0.0234375
0 0.304199 0.428711 0.0244141 0.0175781
0 0.246582 0.529785 0.0224609 0.0146484
0 0.369141 0.224121 0.0195312 0.0322266
0 0.479004 0.747559 0.0263672 0.0224609
0 0.218262 0.491211 0.0185547 0.0273438
0 0.308105 0.344727 0.0244141 0.0195312
0 0.405273 0.590332 0.03125 0.0185547
0 0.21582 0.520508 0.0175781 0.0175781
0 0.334961 0.364746 0.0214844 0.0224609
0 0.447754 0.324707 0.0244141 0.0224609
0 0.315918 0.370117 0.0146484 0.0292969
0 0.616211 0.441895 0.0117188 0.0322266
0 0.416992 0.540039 0.015625 0.0371094
0 0.204102 0.493652 0.0136719 0.0302734
0 0.261719 0.464355 0.0175781 0.0283203
0 0.389648 0.79541 0.0175781 0.0322266
0 0.26709 0.527344 0.0244141 0.0136719
0 0.375977 0.380371 0.0214844 0.0244141
0 0.477051 0.416016 0.0205078 0.0234375
0 0.244141 0.649414 0.0136719 0.0332031
0 0.151367 0.452637 0.0253906 0.0224609
0 0.40918 0.231445 0.0175781 0.0273438
0 0.310547 0.313477 0.0273438 0.0253906
0 0.349121 0.753906 0.0263672 0.0273438
0 0.454102 0.197266 0.0234375 0.0175781
0 0.195801 0.380371 0.0205078 0.0224609
0 0.324707 0.23877 0.0205078 0.0283203
0 0.198242 0.674805 0.0214844 0.0273438
0 0.379883 0.208984 0.0195312 0.0273438
0 0.23584 0.502441 0.0126953 0.0283203
0 0.137695 0.530762 0.0175781 0.0283203
0 0.340332 0.903809 0.0185547 0.0380859
0 0.262207 0.601074 0.0244141 0.0185547
0 0.276367 0.880859 0.0273438 0.0332031
0 0.356934 0.352539 0.0224609 0.0253906
0 0.396973 0.570801 0.0263672 0.0205078
0 0.546387 0.240723 0.0224609 0.0185547
0 0.255371 0.380371 0.0224609 0.0224609
0 0.19043 0.611816 0.0214844 0.0185547
0 0.21582 0.660156 0.0214844 0.0253906
