0 0.388184 0.486328 0.0419922 0.0449219
0 0.402344 0.365234 0.0332031 0.0253906
0 0.366211 0.487793 0.0371094 0.0322266
0 0.574219 0.266113 0.0332031 0.0185547
0 0.46875 0.682617 0.015625 0.0527344
0 0.584961 0.343262 0.0214844 0.0439453
0 0.552734 0.699707 0.0175781 0.0478516
0 0.531738 0.68457 0.0263672 0.03125
0 0.314453 0.414551 0.0273438 0.0439453
0 0.479004 0.48877 0.0341797 0.0263672
0 0.516602 0.602051 0.0429688 0.0244141
0 0.43457 0.666504 0.0351562 0.0244141
0 0.681152 0.45166 0.0361328 0.0244141
0 0.438965 0.647461 0.0419922 0.0234375
0 0.400391 0.717285 0.0332031 0.0185547
0 0.504883 0.470215 0.0371094 0.0185547
0 0.412598 0.375977 0.0341797 0.0214844
0 0.444336 0.503906 0.015625 0.0410156
0 0.596191 0.480957 0.0283203 0.0322266
0 0.508301 0.666016 0.0380859 0.0234375
0 0.445801 0.541992 0.0263672 0.0332031
0 0.604492 0.389648 0.0351562 0.0214844
0 0.430664 0.516602 0.0214844 0.046875
