0 0.489258 0.510742 0.0117188 0.0117188
0 0.461426 0.518555 0.00878906 0.0117188
0 0.470703 0.544922 0.0078125 0.0136719
0 0.464844 0.566895 0.00976562 0.0146484
0 0.435547 0.524902 0.0136719 0.0107422
0 0.480469 0.504883 0.00976562 0.0136719
0 0.502441 0.469727 0.00683594 0.015625
0 0.375977 0.600098 0.00585938 0.0126953
0 0.455078 0.54541 0.0117188 0.00683594
0 0.46582 0.54541 0.0078125 0.0166016
0 0.457031 0.59082 0.0117188 0.0117188
0 0.469238 0.501953 0.00683594 0.0136719
0 0.471191 0.48291 0.0126953 0.00878906
0 0.472168 0.554688 0.0107422 0.00976562
0 0.491699 0.508301 0.00878906 0.0126953
0 0.461426 0.498535 0.0107422 0.00878906
0 0.479492 0.49707 0.0117188 0.0078125
0 0.470215 0.492188 0.0146484 0.0078125
0 0.460938 0.508789 0.0117188 0.00976562
0 0.529785 0.534668 0.0107422 0.0107422
0 0.481934 0.480957 0.00683594 0.0166016
0 0.439453 0.60791 0.0117188 0.00878906
0 0.486816 0.513184 0.00878906 0.0107422
0 0.475098 0.5625 0.0107422 0.0136719
0 0.350586 0.509766 0.0136719 0.0078125
0 0.424805 0.53125 0.0117188 0.00976562
0 0.492676 0.482422 0.0107422 0.00976562
0 0.506836 0.43457 0.00976562 0.0136719
