0 0.79248 0.552734 0.0341797 0.0117188
0 0.419922 0.524414 0.03125 0.0195312
0 0.370117 0.322266 0.0234375 0.0273438
0 0.610352 0.875977 0.0253906 0.0488281
0 0.399414 0.500488 0.015625 0.0224609
0 0.0585938 0.675781 0.0136719 0.03125
0 0.617676 0.533691 0.0244141 0.0400391
0 0.404297 0.492188 0.0234375 0.015625
0 0.533691 0.427246 0.0244141 0.0341797
0 0.419434 0.513672 0.0283203 0.0234375
0 0.602539 0.208496 0.0253906 0.0322266
0 0.811035 0.499512 0.0263672 0.0244141
0 0.0102539 0.538086 0.0205078 0.0175781
0 0.610352 0.586914 0.0214844 0.0273438
0 0.616211 0.548828 0.0214844 0.0234375
0 0.74707 0.43457 0.0292969 0.0410156
0 0.81543 0.580078 0.0292969 0.03125
0 0.374512 0.195312 0.0283203 0.0234375
0 0.347656 0.496094 0.0195312 0.0234375
0 0.358887 0.00683594 0.0126953 0.0136719
0 0.545898 0.799316 0.00976562 0.0302734
0 0.831055 0.492188 0.0332031 0.0195312
0 0.508789 0.910156 0.0195312 0.0273438
0 0.326172 0.597656 0.0214844 0.0195312
0 0.090332 0.770996 0.0283203 0.0361328
0 0.229492 0.450684 0.0214844 0.0302734
0 0.37207 0.811523 0.0214844 0.0136719
0 0.455566 0.254395 0.0185547 0.0400391
0 0.405762 0.766602 0.0107422 0.03125
0 0.898438 0.87793 0.0273438 0.0175781
0 0.851074 0.897461 0.0224609 0.0214844
0 0.0830078 0.416504 0.0117188 0.0283203
0 0.498047 0.182617 0.0175781 0.0390625
0 0.47998 0.0126953 0.0224609 0.0253906
0 0.426758 0.281738 0.0136719 0.0224609
0 0.542969 0.198242 0.0195312 0.0273438
0 0.130859 0.581055 0.0253906 0.0253906
0 0.562988 0.0639648 0.0263672 0.0302734
0 0.324219 0.358887 0.0214844 0.0302734
0 0.0439453 0.406738 0.0175781 0.0224609
0 0.516602 0.257324 0.0175781 0.0302734
0 0.121094 0.0947266 0.0234375 0.0371094
0 0.625977 0.617188 0.0292969 0.0371094
0 0.596191 0.178711 0.0244141 0.0214844
0 0.552734 0.508789 0.0273438 0.0292969
0 0.777344 0.47998 0.0273438 0.0302734
0 0.354492 0.407227 0.0136719 0.0234375
0 0.544922 0.640625 0.0195312 0.03125
0 0.529785 0.548828 0.0205078 0.03125
0 0.144531 0.144043 0.0117188 0.0302734
0 0.557617 0.797852 0.0214844 0.0253906
0 0.609375 0.799805 0.0273438 0.0234375
0 0.540039 0.930664 0.0136719 0.0332031
0 0.627441 0.569336 0.0185547 0.0351562
0 0.182129 0.247559 0.0205078 0.0263672
0 0.400391 0.368652 0.0234375 0.0185547
0 0.494629 0.321289 0.0224609 0.0292969
0 0.470703 0.391602 0.0195312 0.0292969
0 0.349609 0.078125 0.0214844 0.0292969
0 0.837891 0.228516 0.0273438 0.0390625
0 0.67041 0.527344 0.0263672 0.0195312
0 0.795898 0.468262 0.0214844 0.0341797
0 0.376465 0.48291 0.0126953 0.0341797
0 0.384766 0.507812 0.015625 0.0234375
0 0.379883 0.353516 0.0214844 0.0253906
0 0.666016 0.468262 0.0273438 0.0283203
0 0.433594 0.29541 0.0117188 0.0322266
0 0.530273 0.0615234 0.0253906 0.0136719
0 0.396973 0.692383 0.0185547 0.0292969
0 0.232422 0.237793 0.0195312 0.0185547
0 0.260254 0.0610352 0.0224609 0.0322266
0 0.884766 0.17041 0.015625 0.0400391
