0 0.583984 0.644043 0.0253906 0.0908203
0 0.628906 0.506836 0.03125 0.0703125
0 0.289551 0.812988 0.0478516 0.0400391
0 0.605957 0.480469 0.0400391 0.119141
0 0.666016 0.516602 0.0253906 0.0839844
0 0.564453 0.490723 0.0332031 0.0849609
0 0.546875 0.402832 0.0507812 0.0341797
0 0.512695 0.54541 0.0429688 0.0458984
0 0.888672 0.307129 0.0566406 0.0517578
0 0.407227 0.518555 0.0488281 0.0683594
0 0.607422 0.339844 0.0664062 0.0859375
0 0.776367 0.232422 0.0507812 0.078125
0 0.491211 0.358887 0.0273438 0.0869141
0 0.412598 0.46582 0.0322266 0.0410156
0 0.568848 0.438965 0.0498047 0.0400391
0 0.717285 0.450195 0.0322266 0.0800781
0 0.474121 0.571777 0.0263672 0.0517578
