0 0.489746 0.449707 0.00878906 0.0341797
0 0.557129 0.703613 0.00878906 0.0341797
0 0.484375 0.445312 0.015625 0.0429688
0 0.500977 0.434082 0.0234375 0.0185547
0 0.562012 0.643555 0.0146484 0.0351562
0 0.499512 0.461914 0.00878906 0.0371094
0 0.462891 0.401855 0.0214844 0.0244141
0 0.608398 0.671875 0.00976562 0.0332031
0 0.545898 0.635742 0.0136719 0.0429688
0 0.511719 0.471191 0.0175781 0.0419922
0 0.601074 0.595215 0.0185547 0.0322266
0 0.535645 0.425293 0.0126953 0.0341797
0 0.583008 0.660156 0.0214844 0.0136719
0 0.601562 0.704102 0.0214844 0.0390625
0 0.561523 0.464844 0.0195312 0.0214844
0 0.558594 0.757324 0.0253906 0.0244141
0 0.588867 0.596191 0.0195312 0.0341797
0 0.503906 0.615234 0.0273438 0.0292969
0 0.524414 0.64502 0.0175781 0.0380859
0 0.657227 0.621582 0.015625 0.0439453
0 0.583984 0.732422 0.0175781 0.0371094
0 0.643555 0.688477 0.0234375 0.0429688
