0 0.697754 0.671875 0.0361328 0.0449219
0 0.309082 0.871094 0.0244141 0.046875
0 0.370605 0.62207 0.0341797 0.078125
0 0.583984 0.475586 0.0117188 0.0507812
0 0.597656 0.509277 0.0371094 0.0283203
0 0.49707 0.746582 0.0429688 0.0732422
0 0.62793 0.452148 0.046875 0.078125
0 0.505371 0.711426 0.0302734 0.0634766
0 0.617188 0.547852 0.0371094 0.0664062
0 0.689453 0.71875 0.0449219 0.0839844
0 0.583984 0.315918 0.0175781 0.0595703
0 0.272949 0.533203 0.0322266 0.0234375
0 0.683594 0.466309 0.0351562 0.0576172
0 0.22998 0.27002 0.0244141 0.0634766
0 0.560547 0.690918 0.0273438 0.0498047
0 0.437988 0.316406 0.0341797 0.0761719
0 0.389648 0.487793 0.0410156 0.0263672
0 0.588379 0.444336 0.0185547 0.0605469
0 0.321289 0.587402 0.0214844 0.0556641
