0 0.536133 0.445801 0.015625 0.0361328
0 0.439941 0.258301 0.0107422 0.0322266
0 0.49707 0.51709 0.0273438 0.0185547
0 0.54541 0.452148 0.0166016 0.0429688
0 0.493164 0.533203 0.0332031 0.0214844
0 0.37207 0.436035 0.0234375 0.0498047
0 0.688477 0.333008 0.0390625 0.0253906
0 0.588867 0.413574 0.015625 0.0380859
0 0.352539 0.433594 0.0273438 0.0449219
0 0.524414 0.519531 0.0253906 0.0351562
0 0.506836 0.498047 0.03125 0.0292969
0 0.505859 0.405762 0.0195312 0.0302734
0 0.541016 0.497559 0.0214844 0.0380859
0 0.546875 0.523926 0.0292969 0.0283203
0 0.568359 0.339355 0.0214844 0.0341797
0 0.589355 0.365723 0.0224609 0.0400391
0 0.527832 0.408203 0.0244141 0.0371094
0 0.549316 0.583008 0.0244141 0.0410156
