0 0.481445 0.527344 0.0488281 0.0664062
0 0.59082 0.376953 0.0566406 0.0507812
0 0.452148 0.52832 0.0605469 0.0683594
0 0.41748 0.343262 0.0439453 0.0556641
0 0.412598 0.513184 0.0830078 0.0400391
0 0.283203 0.530273 0.0585938 0.0527344
0 0.33252 0.511719 0.0751953 0.0390625
0 0.567383 0.374023 0.046875 0.0566406
0 0.642578 0.437012 0.0507812 0.0537109
0 0.428711 0.669922 0.101562 0.0410156
0 0.366211 0.500977 0.0390625 0.0644531
0 0.410156 0.576172 0.0664062 0.0664062
0 0.313477 0.490234 0.0839844 0.0292969
0 0.326172 0.536621 0.078125 0.0361328
0 0.126465 0.533203 0.110352 0.0683594
0 0.410645 0.48584 0.0712891 0.0419922
0 0.452148 0.701172 0.0683594 0.0507812
0 0.546387 0.646484 0.0458984 0.0664062
0 0.369141 0.608887 0.0664062 0.0458984
0 0.510742 0.679688 0.0800781 0.0390625
0 0.638184 0.495605 0.0595703 0.0498047
0 0.362793 0.680664 0.0478516 0.0644531
0 0.771973 0.449219 0.0654297 0.046875
0 0.338379 0.59375 0.0693359 0.0390625
0 0.385742 0.427734 0.0527344 0.0761719
0 0.500977 0.644531 0.0859375 0.0488281
0 0.552734 0.328613 0.0859375 0.0400391
0 0.40332 0.452637 0.0683594 0.0537109
0 0.681152 0.474121 0.0576172 0.0634766
0 0.395508 0.338867 0.0546875 0.0605469
0 0.34668 0.563477 0.0703125 0.0429688
0 0.484375 0.211914 0.078125 0.0683594
0 0.345703 0.448242 0.0644531 0.0703125
0 0.241211 0.606445 0.0878906 0.0371094
0 0.662598 0.459961 0.0634766 0.0507812
0 0.519043 0.350098 0.0810547 0.0380859
0 0.50293 0.491211 0.0605469 0.0722656
0 0.548828 0.854492 0.0761719 0.0957031
0 0.31543 0.621094 0.0800781 0.046875
0 0.455566 0.325195 0.0556641 0.0566406
0 0.779785 0.380859 0.0693359 0.0683594
0 0.345703 0.712891 0.0742188 0.0605469
0 0.613281 0.449219 0.0527344 0.0644531
0 0.561523 0.411621 0.0566406 0.0595703
0 0.254883 0.494141 0.0625 0.0664062
0 0.806641 0.289062 0.0859375 0.0507812
0 0.358398 0.755859 0.0800781 0.0507812
0 0.316895 0.654297 0.0751953 0.0429688
0 0.598633 0.475586 0.0605469 0.0644531
0 0.437012 0.821777 0.0849609 0.0400391
0 0.547852 0.522461 0.0527344 0.0722656
0 0.716797 0.646484 0.0664062 0.0605469
0 0.437012 0.634766 0.0751953 0.0507812
0 0.496094 0.320801 0.0664062 0.0517578
0 0.349609 0.361328 0.0898438 0.0507812
0 0.400879 0.756836 0.0693359 0.0605469
0 0.616211 0.542969 0.0820312 0.046875
