0 0.538086 0.566406 0.0117188 0.0507812
0 0.489258 0.712891 0.0292969 0.046875
0 0.470703 0.68457 0.0351562 0.0292969
0 0.457031 0.583984 0.0234375 0.0546875
0 0.518555 0.560547 0.0371094 0.0429688
0 0.408691 0.649902 0.0263672 0.0673828
0 0.464355 0.617188 0.0322266 0.0625
0 0.461426 0.649414 0.0302734 0.0566406
0 0.458008 0.553711 0.0273438 0.0605469
0 0.509766 0.712891 0.0429688 0.046875
0 0.405273 0.55957 0.0449219 0.0292969
0 0.456055 0.695801 0.0332031 0.0498047
0 0.443359 0.708008 0.03125 0.0527344
0 0.494629 0.751953 0.0322266 0.0625
0 0.534668 0.495605 0.0263672 0.0693359
0 0.422363 0.589844 0.0458984 0.0390625
0 0.500977 0.679688 0.0390625 0.0390625
0 0.458008 0.424316 0.0664062 0.0888672
0 0.493164 0.650879 0.0371094 0.0498047
0 0.379395 0.610352 0.0322266 0.0605469
0 0.383789 0.697754 0.0410156 0.0439453
0 0.438477 0.630371 0.0371094 0.0302734
0 0.507812 0.46875 0.0390625 0.0429688
0 0.521484 0.439941 0.0429688 0.0341797
0 0.481934 0.45752 0.0205078 0.0673828
