0 0.466797 0.83252 0.0273438 0.0693359
0 0.538086 0.752441 0.0410156 0.0615234
0 0.75 0.716797 0.0195312 0.0664062
0 0.583008 0.0112305 0.0332031 0.0224609
0 0.182129 0.789551 0.0419922 0.0556641
0 0.629395 0.00634766 0.0263672 0.0126953
0 0.14502 0.564453 0.0400391 0.03125
0 0.648438 0.84668 0.0234375 0.0644531
0 0.0478516 0.826172 0.0644531 0.0546875
0 0.78418 0.675781 0.0214844 0.0664062
0 0.196777 0.775879 0.0302734 0.0830078
0 0.432129 0.535156 0.0498047 0.03125
0 0.342773 0.0839844 0.0449219 0.0410156
0 0.214355 0.648438 0.0244141 0.046875
0 0.548828 0.655762 0.0390625 0.0263672
0 0.470703 0.976562 0.03125 0.046875
0 0.79248 0.636719 0.0263672 0.0644531
0 0.610352 0.405762 0.0175781 0.0576172
0 0.762695 0.714844 0.0214844 0.0664062
0 0.015625 0.670898 0.03125 0.0605469
0 0.568359 0.0175781 0.0527344 0.0292969
0 0.576172 0.913086 0.0429688 0.0488281
0 0.774902 0.638672 0.0263672 0.0664062
0 0.572266 0.766602 0.0429688 0.03125
0 0.604004 0.858398 0.0341797 0.0625
0 0.424316 0.515137 0.0615234 0.0361328
0 0.0175781 0.47998 0.0351562 0.0576172
0 0.621094 0.757812 0.0429688 0.0507812
0 0.109863 0.592285 0.0556641 0.0673828
0 0.621094 0.783203 0.0429688 0.0507812
0 0.552734 0.728516 0.0664062 0.0390625
0 0.185547 0.376953 0.03125 0.0566406
0 0.38916 0.340332 0.0263672 0.0537109
0 0.587891 0.966797 0.0742188 0.03125
0 0.504395 0.500977 0.0380859 0.0566406
0 0.51709 0.88623 0.0419922 0.0439453
0 0.595215 0.902344 0.0361328 0.0585938
0 0.560059 0.867188 0.0380859 0.0664062
0 0.416992 0.81543 0.046875 0.0371094
0 0.457031 0.888672 0.03125 0.0664062
0 0.497559 0.832031 0.0478516 0.0429688
0 0.456055 0.833984 0.0253906 0.0722656
0 0.0327148 0.785156 0.0380859 0.0625
0 0.0366211 0.479004 0.0263672 0.0693359
0 0.570312 0.939453 0.0507812 0.046875
0 0.364746 0.805664 0.0458984 0.0332031
0 0.67334 0.779785 0.0556641 0.0458984
0 0.363281 0.827148 0.0390625 0.0371094
0 0.545898 0.483398 0.03125 0.0800781
0 0.317383 0.845703 0.0292969 0.078125
0 0.769531 0.6875 0.03125 0.0566406
0 0.70459 0.452148 0.0537109 0.0253906
0 0.542969 0.853516 0.0273438 0.0742188
0 0.0180664 0.208496 0.0361328 0.0712891
0 0.698242 0.161621 0.0253906 0.0654297
0 0.0175781 0.303223 0.0351562 0.0419922
0 0.29541 0.857422 0.0380859 0.078125
0 0.594727 0.785156 0.0292969 0.0742188
0 0.415527 0.836914 0.0498047 0.0332031
0 0.38916 0.369141 0.0322266 0.0390625
0 0.0249023 0.249512 0.0478516 0.0341797
0 0.81543 0.638184 0.0253906 0.0732422
0 0.794434 0.724121 0.0244141 0.0791016
0 0.206055 0.419922 0.0488281 0.078125
0 0.416992 0.862305 0.0585938 0.0371094
0 0.393066 0.78418 0.0419922 0.0703125
0 0.537109 0.92627 0.0253906 0.0771484
0 0.720703 0.772461 0.0449219 0.03125
0 0.51416 0.149414 0.0419922 0.0488281
0 0.628418 0.469727 0.0439453 0.0371094
0 0.0527344 0.444336 0.0332031 0.0761719
0 0.649414 0.808594 0.0292969 0.0703125
0 0.618164 0.818359 0.0449219 0.0410156
0 0.26709 0.312012 0.0458984 0.0419922
0 0.675781 0.644531 0.046875 0.0273438
0 0.447266 0.581055 0.0273438 0.0722656
0 0.102539 0.761719 0.0527344 0.0351562
0 0.760742 0.81543 0.0449219 0.0566406
0 0.478516 0.731934 0.0253906 0.0810547
0 0.609375 0.0175781 0.03125 0.0351562
0 0.511719 0.855469 0.046875 0.0390625
0 0.652832 0.703125 0.0595703 0.0390625
0 0.0605469 0.77832 0.046875 0.0683594
0 0.19043 0.883301 0.0605469 0.0751953
0 0.228516 0.789062 0.0507812 0.0390625
0 0.503418 0.654297 0.0556641 0.0644531
0 0.557129 0.0458984 0.0419922 0.046875
0 0.623047 0.848145 0.0273438 0.0595703
0 0.455566 0.966309 0.0283203 0.0673828
0 0.677734 0.686523 0.0507812 0.0371094
0 0.645508 0.926758 0.0449219 0.0410156
0 0.62793 0.892578 0.0488281 0.046875
0 0.432129 0.949219 0.0283203 0.078125
0 0.658691 0.662109 0.0458984 0.0351562
0 0.646484 0.879883 0.0390625 0.0644531
0 0.658203 0.0810547 0.0351562 0.0273438
0 0.525391 0.53418 0.0488281 0.0371094
0 0.49707 0.751953 0.0351562 0.0742188
0 0.369141 0.864258 0.0488281 0.0449219
0 0.238281 0.29248 0.0273438 0.0712891
0 0.0361328 0.212402 0.0351562 0.0595703
0 0.472656 0.548828 0.0488281 0.0449219
0 0.492188 0.896484 0.0390625 0.0664062
0 0.476562 0.797852 0.0351562 0.0605469
0 0.59668 0.710938 0.0332031 0.0546875
0 0.350586 0.77832 0.0605469 0.0390625
0 0.446777 0.721191 0.0517578 0.0615234
0 0.0209961 0.445312 0.0419922 0.0546875
0 0.584961 0.856934 0.0332031 0.0673828
0 0.695312 0.849609 0.0332031 0.0800781
0 0.213379 0.919922 0.0400391 0.0664062
0 0.471191 0.0307617 0.0400391 0.0498047
0 0.160156 0.365723 0.03125 0.0771484
0 0.0654297 0.364258 0.0410156 0.0742188
0 0.59375 0.337402 0.0429688 0.0478516
0 0.408691 0.913086 0.0517578 0.0488281
0 0.617188 0.338867 0.0390625 0.046875
0 0.199219 0.386719 0.0429688 0.0527344
0 0.649414 0.0957031 0.0449219 0.0390625
0 0.509277 0.793945 0.0322266 0.0644531
0 0.52832 0.0639648 0.046875 0.0302734
0 0.580078 0.266113 0.0351562 0.0634766
0 0.0444336 0.626465 0.0498047 0.0810547
0 0.705078 0.706055 0.0273438 0.0722656
0 0.603516 0.502441 0.0273438 0.0693359
0 0.739258 0.647461 0.0488281 0.0410156
0 0.241699 0.342285 0.0498047 0.0478516
0 0.734375 0.695312 0.0332031 0.0664062
0 0.0410156 0.141113 0.0546875 0.0380859
0 0.532227 0.691895 0.0566406 0.0478516
0 0.481934 0.474121 0.0498047 0.0380859
0 0.246582 0.0605469 0.0439453 0.0390625
0 0.0576172 0.275879 0.0449219 0.0615234
0 0.816406 0.701172 0.03125 0.0664062
0 0.402344 0.560059 0.0371094 0.0693359
0 0.567871 0.356445 0.0322266 0.0625
0 0.544434 0.242676 0.0400391 0.0361328
0 0.568359 0.494141 0.03125 0.0742188
0 0.366211 0.319336 0.0332031 0.0761719
0 0.650391 0.0405273 0.0429688 0.0361328
0 0.51416 0.303711 0.0537109 0.0371094
0 0.224609 0.743652 0.0371094 0.0712891
0 0.29248 0.277832 0.0458984 0.0419922
0 0.352539 0.370117 0.0429688 0.0566406
0 0.68457 0.947266 0.0488281 0.0664062
0 0.502441 0.27002 0.0517578 0.0341797
0 0.149414 0.695312 0.0566406 0.0429688
0 0.588867 0.379883 0.0253906 0.0644531
0 0.14502 0.744141 0.0595703 0.0429688
0 0.629883 0.373047 0.0449219 0.03125
0 0.452637 0.302246 0.0517578 0.0498047
0 0.616211 0.0639648 0.0449219 0.0380859
0 0.0854492 0.669922 0.0419922 0.0644531
0 0.230957 0.693359 0.0400391 0.046875
0 0.665039 0.019043 0.0371094 0.0380859
0 0.810547 0.488281 0.0390625 0.0625
0 0.211914 0.289062 0.0410156 0.0605469
0 0.633789 0.447754 0.046875 0.0517578
0 0.441895 0.496582 0.0517578 0.0439453
0 0.142578 0.449219 0.0390625 0.0664062
0 0.540527 0.802734 0.0419922 0.0625
0 0.716797 0.481934 0.0429688 0.0478516
0 0.675781 0.431152 0.0507812 0.0341797
0 0.728516 0.799805 0.0546875 0.046875
0 0.474121 0.379883 0.0439453 0.0410156
0 0.132812 0.281738 0.0449219 0.0595703
0 0.536621 0.271973 0.0380859 0.0458984
