0 0.813965 0.506836 0.0185547 0.0371094
0 0.444336 0.48291 0.0175781 0.0380859
0 0.719238 0.488281 0.0302734 0.0273438
0 0.76123 0.674805 0.0263672 0.0234375
0 0.568848 0.587891 0.0224609 0.0351562
0 0.754883 0.449707 0.0195312 0.0341797
0 0.555664 0.5625 0.03125 0.0234375
0 0.495117 0.712402 0.0253906 0.0283203
0 0.581543 0.590332 0.0244141 0.0380859
0 0.597656 0.552246 0.0214844 0.0517578
0 0.511719 0.705566 0.0253906 0.0341797
0 0.39209 0.43457 0.0244141 0.0234375
0 0.290527 0.449707 0.0244141 0.0361328
0 0.500977 0.508789 0.0273438 0.0273438
0 0.623047 0.194336 0.0351562 0.0292969
0 0.684082 0.570801 0.0263672 0.0341797
0 0.751465 0.669434 0.0244141 0.0205078
0 0.73584 0.388672 0.0302734 0.0253906
0 0.433594 0.496094 0.0195312 0.0371094
0 0.415039 0.754883 0.0332031 0.0273438
0 0.50293 0.493652 0.0351562 0.0263672
0 0.577637 0.294434 0.0302734 0.0263672
0 0.6875 0.796387 0.03125 0.0244141
0 0.338379 0.753418 0.0205078 0.0439453
0 0.555664 0.54834 0.0332031 0.0244141
0 0.395996 0.744141 0.0283203 0.0292969
0 0.636719 0.571289 0.03125 0.0253906
0 0.585449 0.712402 0.0322266 0.0263672
0 0.737305 0.756348 0.03125 0.0244141
0 0.63916 0.552734 0.0361328 0.0253906
0 0.493164 0.696289 0.0234375 0.03125
0 0.294434 0.476074 0.0361328 0.0322266
0 0.25293 0.572266 0.0351562 0.0292969
0 0.321777 0.463867 0.0244141 0.0390625
0 0.437988 0.753906 0.0205078 0.0410156
0 0.688965 0.718262 0.0263672 0.0302734
0 0.499512 0.816406 0.0361328 0.0273438
0 0.390625 0.76709 0.0273438 0.0283203
0 0.331055 0.798828 0.0273438 0.03125
0 0.331543 0.527832 0.0302734 0.0380859
0 0.549316 0.290527 0.0361328 0.0283203
0 0.800781 0.61084 0.0253906 0.0263672
0 0.80957 0.638184 0.0273438 0.0263672
0 0.712402 0.783691 0.0302734 0.0263672
0 0.303711 0.40332 0.0371094 0.0390625
0 0.52002 0.689453 0.0283203 0.0371094
0 0.303223 0.443848 0.0224609 0.0400391
0 0.311523 0.60791 0.0292969 0.0458984
0 0.452148 0.464844 0.0292969 0.0351562
0 0.653809 0.336426 0.0380859 0.0283203
0 0.779297 0.662109 0.0253906 0.03125
0 0.304199 0.528809 0.0341797 0.0361328
0 0.579102 0.773438 0.03125 0.0332031
