0 0.299316 0.48584 0.0439453 0.0302734
0 0.521973 0.728516 0.0478516 0.0332031
0 0.583984 0.376953 0.0273438 0.078125
0 0.297852 0.439941 0.0449219 0.0439453
0 0.26709 0.700684 0.0380859 0.0400391
0 0.326172 0.424805 0.0546875 0.0332031
0 0.420898 0.333984 0.0449219 0.0332031
0 0.565918 0.376953 0.0283203 0.0761719
0 0.558594 0.283203 0.0253906 0.0566406
0 0.0444336 0.608887 0.0380859 0.0888672
0 0.36377 0.538086 0.0517578 0.0429688
0 0.318359 0.658203 0.0527344 0.0566406
0 0.482422 0.761719 0.0488281 0.0410156
0 0.351562 0.643555 0.0507812 0.0546875
0 0.461914 0.87793 0.0351562 0.0742188
0 0.650879 0.449219 0.0478516 0.0839844
0 0.539062 0.830078 0.0488281 0.0761719
0 0.48291 0.90625 0.0439453 0.0722656
0 0.456543 0.382812 0.0341797 0.0800781
0 0.192383 0.0776367 0.0605469 0.0537109
0 0.703125 0.773926 0.046875 0.0615234
0 0.602051 0.47168 0.0419922 0.0683594
