0 0.509766 0.335938 0.0390625 0.0410156
0 0.247559 0.338379 0.0458984 0.0341797
0 0.278809 0.724609 0.0498047 0.015625
0 0.315918 0.540039 0.0712891 0.0332031
0 0.49707 0.355957 0.0625 0.0263672
0 0.425781 0.849609 0.0683594 0.0273438
0 0.625 0.532715 0.0390625 0.0361328
0 0.180176 0.413574 0.0361328 0.0146484
0 0.540039 0.679688 0.0527344 0.0429688
0 0.144043 0.567383 0.0400391 0.0332031
0 0.376953 0.277344 0.0429688 0.0253906
0 0.319336 0.530273 0.0703125 0.0214844
0 0.648438 0.421875 0.0410156 0.0273438
0 0.644531 0.573242 0.0429688 0.0390625
0 0.504395 0.348633 0.0498047 0.0214844
0 0.313965 0.50293 0.0400391 0.0371094
0 0.47168 0.561523 0.0566406 0.0253906
0 0.382812 0.439453 0.0625 0.0273438
0 0.306152 0.720703 0.0576172 0.0371094
0 0.493164 0.761719 0.0605469 0.0195312
0 0.315918 0.47998 0.0380859 0.0283203
0 0.182129 0.472168 0.0498047 0.0400391
0 0.177246 0.692383 0.0654297 0.0371094
0 0.424316 0.444336 0.0634766 0.0273438
0 0.313477 0.706055 0.0585938 0.0410156
0 0.620117 0.511719 0.0566406 0.015625
0 0.520508 0.668945 0.0566406 0.0488281
0 0.12793 0.584961 0.0683594 0.0175781
0 0.667969 0.59082 0.0546875 0.0371094
0 0.399414 0.335938 0.0644531 0.0234375
0 0.256348 0.37207 0.0302734 0.0449219
0 0.254883 0.472168 0.0214844 0.0458984
0 0.132324 0.544434 0.0517578 0.0224609
0 0.513672 0.321289 0.0371094 0.0351562
0 0.458984 0.334961 0.0488281 0.0214844
0 0.670898 0.566406 0.0546875 0.0351562
0 0.672363 0.421387 0.0322266 0.0341797
0 0.567383 0.678711 0.0566406 0.0371094
0 0.510742 0.297852 0.0410156 0.0371094
0 0.442871 0.587891 0.0322266 0.0429688
0 0.548828 0.384766 0.046875 0.0351562
0 0.237793 0.708008 0.0615234 0.0136719
0 0.401367 0.617188 0.0429688 0.0507812
0 0.295898 0.50293 0.0410156 0.0410156
0 0.642578 0.561035 0.0507812 0.0283203
0 0.161133 0.51123 0.0332031 0.0595703
0 0.284668 0.74707 0.0693359 0.03125
0 0.404785 0.280273 0.0654297 0.0234375
0 0.536621 0.532227 0.0751953 0.0292969
0 0.38623 0.31543 0.0654297 0.0214844
0 0.28125 0.310547 0.0449219 0.0410156
0 0.216309 0.608887 0.0576172 0.0361328
0 0.395508 0.362305 0.0234375 0.0410156
0 0.39502 0.803711 0.0712891 0.0253906
0 0.137207 0.633789 0.0458984 0.03125
0 0.453613 0.542969 0.0576172 0.0273438
0 0.624512 0.437988 0.0380859 0.0380859
0 0.278809 0.523438 0.0224609 0.0449219
0 0.219238 0.579102 0.0517578 0.0332031
0 0.317871 0.591797 0.0283203 0.0507812
0 0.484863 0.243164 0.0615234 0.0292969
0 0.493652 0.366211 0.0634766 0.0175781
0 0.441406 0.297852 0.0585938 0.0214844
0 0.255859 0.317383 0.0253906 0.0371094
0 0.356934 0.595703 0.0654297 0.03125
0 0.293945 0.469727 0.0351562 0.0449219
0 0.222168 0.692383 0.0537109 0.0214844
0 0.434082 0.728516 0.0263672 0.0585938
0 0.728516 0.62207 0.0664062 0.0214844
0 0.521484 0.378418 0.0507812 0.0283203
0 0.540039 0.416992 0.0605469 0.0371094
0 0.727539 0.604492 0.0488281 0.0273438
0 0.463379 0.414062 0.0224609 0.0429688
0 0.314453 0.31543 0.0625 0.0371094
0 0.325684 0.289551 0.0478516 0.0185547
0 0.518066 0.263184 0.0576172 0.0400391
0 0.429688 0.564941 0.0273438 0.0458984
0 0.612793 0.39502 0.0400391 0.0419922
0 0.459961 0.740234 0.0488281 0.0390625
0 0.668945 0.37793 0.0585938 0.0351562
0 0.484863 0.427734 0.0263672 0.0507812
0 0.23877 0.390625 0.0341797 0.046875
0 0.38623 0.727051 0.0712891 0.0224609
0 0.0952148 0.361328 0.0673828 0.0234375
0 0.565918 0.696289 0.0595703 0.046875
0 0.466309 0.771484 0.0595703 0.0273438
0 0.495117 0.730957 0.0273438 0.0458984
0 0.155273 0.374023 0.0625 0.0253906
0 0.228516 0.308594 0.0507812 0.0410156
0 0.546875 0.344727 0.0273438 0.0449219
0 0.589355 0.362305 0.0322266 0.0507812
0 0.364258 0.296387 0.0566406 0.0166016
0 0.144531 0.665039 0.0703125 0.0214844
0 0.129883 0.612305 0.0566406 0.0429688
0 0.610352 0.486328 0.0253906 0.0429688
0 0.473145 0.59082 0.0361328 0.0527344
0 0.312988 0.552246 0.0693359 0.0283203
0 0.22168 0.442871 0.0253906 0.0537109
0 0.130371 0.512695 0.0419922 0.0449219
0 0.666992 0.612305 0.0527344 0.0332031
0 0.419922 0.397461 0.0332031 0.0507812
0 0.651367 0.392578 0.0566406 0.0273438
0 0.650391 0.439941 0.0507812 0.0302734
0 0.45752 0.462402 0.0341797 0.0458984
0 0.155273 0.722168 0.0566406 0.0439453
0 0.137695 0.483398 0.0644531 0.0292969
0 0.106445 0.562012 0.0527344 0.0283203
0 0.168945 0.550781 0.0292969 0.0488281
0 0.692871 0.613281 0.0439453 0.0410156
0 0.475586 0.283691 0.0332031 0.0478516
0 0.462891 0.389648 0.0566406 0.03125
0 0.608398 0.541992 0.0292969 0.0488281
0 0.616211 0.455566 0.0410156 0.0458984
0 0.400391 0.506836 0.0371094 0.0527344
0 0.461914 0.708984 0.0253906 0.0507812
0 0.389648 0.760742 0.0292969 0.0566406
0 0.512207 0.70752 0.0537109 0.0380859
0 0.642578 0.483398 0.0273438 0.0449219
0 0.541992 0.732422 0.0527344 0.0371094
0 0.547852 0.307129 0.0527344 0.0517578
0 0.667969 0.495117 0.0273438 0.0410156
0 0.567383 0.55957 0.0722656 0.0175781
0 0.186035 0.449707 0.0517578 0.0380859
0 0.26416 0.496094 0.0224609 0.046875
0 0.176758 0.773438 0.0703125 0.0273438
0 0.344727 0.816406 0.0410156 0.0507812
0 0.432617 0.472656 0.0332031 0.0449219
0 0.430664 0.679688 0.0488281 0.0390625
0 0.716309 0.571289 0.0302734 0.0488281
0 0.415039 0.777344 0.0371094 0.046875
0 0.480469 0.50293 0.0507812 0.0488281
0 0.206543 0.560547 0.0693359 0.03125
0 0.192871 0.360352 0.0302734 0.046875
0 0.174805 0.611328 0.0371094 0.0507812
0 0.602539 0.602539 0.0332031 0.0527344
0 0.199219 0.393066 0.0488281 0.0400391
0 0.661133 0.518066 0.0449219 0.0380859
0 0.393066 0.478516 0.0556641 0.03125
0 0.692383 0.356934 0.0644531 0.0302734
0 0.543945 0.493164 0.0566406 0.046875
0 0.416504 0.861328 0.0732422 0.0429688
0 0.390625 0.660156 0.046875 0.0507812
0 0.619141 0.288574 0.0507812 0.0517578
0 0.69873 0.429688 0.0263672 0.046875
0 0.582031 0.736328 0.0292969 0.0585938
0 0.464844 0.800293 0.0625 0.0439453
0 0.65918 0.653809 0.0683594 0.0263672
