0 0.498047 0.36084 0.0488281 0.0126953
0 0.362793 0.396973 0.0341797 0.0146484
0 0.305664 0.300293 0.0585938 0.0107422
0 0.617676 0.319336 0.0400391 0.00976562
0 0.507324 0.414551 0.0458984 0.0126953
0 0.447754 0.391602 0.0380859 0.015625
0 0.445801 0.317383 0.0478516 0.00976562
0 0.611328 0.470215 0.0253906 0.0205078
0 0.330078 0.376953 0.0371094 0.0136719
0 0.616211 0.441406 0.0429688 0.0117188
0 0.634766 0.388672 0.0390625 0.0136719
0 0.362793 0.50293 0.0302734 0.00976562
0 0.540527 0.394531 0.0185547 0.0175781
0 0.320312 0.344727 0.0273438 0.0175781
0 0.341797 0.441895 0.0273438 0.0126953
0 0.570801 0.513184 0.0458984 0.0126953
0 0.334961 0.304688 0.0449219 0.0117188
0 0.436035 0.507812 0.0263672 0.015625
0 0.324707 0.404297 0.0263672 0.015625
0 0.330566 0.429199 0.0341797 0.0146484
0 0.507812 0.44873 0.046875 0.0126953
0 0.451172 0.407227 0.0351562 0.015625
0 0.372559 0.370605 0.0517578 0.0107422
0 0.279297 0.315918 0.046875 0.0126953
0 0.27832 0.418945 0.0371094 0.0117188
0 0.560547 0.402344 0.0214844 0.0136719
0 0.370117 0.496582 0.0234375 0.0166016
0 0.491699 0.356934 0.0537109 0.0107422
0 0.425781 0.42334 0.0390625 0.0126953
0 0.701172 0.428223 0.0351562 0.0146484
0 0.430176 0.493164 0.0244141 0.0195312
0 0.290527 0.374023 0.0419922 0.0117188
0 0.669922 0.325195 0.0273438 0.0136719
0 0.541504 0.325195 0.0361328 0.0273438
0 0.721191 0.38916 0.0302734 0.0263672
0 0.615723 0.458008 0.0322266 0.0253906
0 0.408203 0.358398 0.0449219 0.0136719
0 0.678223 0.476562 0.0205078 0.0175781
0 0.666016 0.336426 0.0273438 0.0166016
0 0.366211 0.472168 0.03125 0.0126953
0 0.494141 0.477539 0.0351562 0.015625
0 0.577148 0.306152 0.0507812 0.0185547
0 0.459961 0.387695 0.0175781 0.0175781
0 0.571777 0.439941 0.0361328 0.0205078
0 0.453125 0.341797 0.0488281 0.0214844
0 0.60791 0.304688 0.0380859 0.0136719
0 0.366211 0.42627 0.0429688 0.0107422
0 0.489258 0.330078 0.0292969 0.015625
0 0.398926 0.487305 0.0400391 0.00976562
0 0.499023 0.462891 0.0214844 0.0175781
0 0.466797 0.506836 0.0449219 0.0117188
0 0.415039 0.345703 0.0410156 0.0136719
0 0.631836 0.310547 0.0507812 0.00976562
0 0.431641 0.444824 0.0214844 0.0224609
0 0.742676 0.460938 0.0400391 0.0175781
0 0.578125 0.477539 0.0449219 0.015625
0 0.525391 0.48584 0.0390625 0.0166016
0 0.32959 0.316895 0.0361328 0.0126953
0 0.355957 0.318359 0.0341797 0.0117188
0 0.5625 0.388672 0.0195312 0.0175781
0 0.454102 0.482422 0.0351562 0.015625
0 0.358887 0.518066 0.0322266 0.0126953
0 0.733887 0.441895 0.0458984 0.0205078
0 0.461914 0.549316 0.0234375 0.0146484
0 0.283691 0.405273 0.0185547 0.0234375
0 0.403809 0.317871 0.0478516 0.0126953
0 0.336914 0.48291 0.0410156 0.0107422
0 0.477539 0.423828 0.0429688 0.0117188
0 0.498047 0.498047 0.0488281 0.0136719
0 0.685547 0.347656 0.0292969 0.0175781
0 0.6875 0.455078 0.0410156 0.015625
0 0.274414 0.447754 0.0410156 0.0107422
0 0.381836 0.466309 0.015625 0.0185547
0 0.342285 0.354492 0.0263672 0.015625
0 0.529785 0.345215 0.0380859 0.00878906
0 0.617188 0.527832 0.0273438 0.0205078
0 0.360352 0.388184 0.0332031 0.0146484
0 0.338379 0.515137 0.0322266 0.0146484
0 0.44043 0.376465 0.0449219 0.0166016
0 0.441895 0.520508 0.0380859 0.015625
0 0.568359 0.489258 0.0390625 0.0195312
0 0.661133 0.447266 0.0175781 0.0175781
0 0.713867 0.355469 0.0429688 0.0175781
0 0.552734 0.516602 0.0332031 0.0136719
0 0.365723 0.527344 0.0263672 0.015625
0 0.316406 0.327148 0.03125 0.0136719
0 0.615723 0.394043 0.0224609 0.0185547
0 0.328125 0.455078 0.0429688 0.0117188
0 0.38916 0.504883 0.0478516 0.00976562
0 0.351562 0.341797 0.0410156 0.00976562
0 0.371582 0.441895 0.0419922 0.0166016
0 0.333496 0.469238 0.0322266 0.0166016
0 0.348145 0.330566 0.0322266 0.0146484
0 0.381348 0.524902 0.0322266 0.0146484
0 0.272949 0.324219 0.0478516 0.0136719
0 0.447754 0.358398 0.0322266 0.0195312
0 0.284668 0.45752 0.0478516 0.0126953
0 0.529785 0.508301 0.0380859 0.0126953
0 0.591797 0.339355 0.0410156 0.0107422
0 0.585449 0.380371 0.0400391 0.0126953
0 0.45752 0.444336 0.0380859 0.0136719
0 0.65625 0.481445 0.0273438 0.0234375
0 0.398926 0.460938 0.0244141 0.0175781
0 0.61084 0.379395 0.0302734 0.0146484
0 0.643555 0.442383 0.0214844 0.0214844
0 0.402344 0.411133 0.0214844 0.0214844
0 0.410645 0.521484 0.0380859 0.015625
0 0.421387 0.400391 0.0205078 0.0234375
0 0.422363 0.541992 0.0517578 0.015625
0 0.513672 0.375 0.0390625 0.0175781
0 0.272461 0.396973 0.03125 0.0166016
0 0.391113 0.395996 0.0224609 0.0205078
0 0.262695 0.34668 0.0332031 0.0234375
0 0.405273 0.305176 0.0351562 0.0146484
0 0.38916 0.54834 0.0400391 0.0166016
0 0.35791 0.358887 0.0205078 0.0224609
0 0.307617 0.387207 0.0371094 0.0185547
0 0.571289 0.421875 0.0351562 0.0175781
0 0.494141 0.516113 0.0332031 0.0185547
