0 0.613281 0.474121 0.0214844 0.0224609
0 0.480469 0.663086 0.0117188 0.0351562
0 0.430176 0.674316 0.0107422 0.0400391
0 0.513672 0.425293 0.015625 0.0322266
0 0.577148 0.552734 0.0214844 0.0390625
0 0.432129 0.708496 0.0224609 0.0224609
0 0.544922 0.663086 0.0175781 0.0410156
0 0.407715 0.644531 0.0126953 0.0410156
0 0.408203 0.679688 0.015625 0.0410156
0 0.586914 0.40332 0.0136719 0.046875
0 0.598633 0.414551 0.0175781 0.0400391
0 0.59375 0.643066 0.0136719 0.0322266
0 0.585938 0.539551 0.0214844 0.0244141
0 0.608887 0.504395 0.0263672 0.0205078
0 0.450684 0.608887 0.0205078 0.0263672
0 0.589844 0.671875 0.0234375 0.0292969
0 0.637207 0.516602 0.0185547 0.0351562
0 0.633301 0.405273 0.0146484 0.0390625
0 0.600586 0.548828 0.0214844 0.0214844
0 0.477539 0.720215 0.0195312 0.0205078
0 0.536133 0.648438 0.0195312 0.0292969
0 0.515625 0.44873 0.0214844 0.0205078
0 0.433105 0.601562 0.0126953 0.0429688
0 0.533691 0.670898 0.0146484 0.0429688
0 0.616699 0.644043 0.0185547 0.0322266
0 0.601562 0.637695 0.0234375 0.0253906
0 0.49707 0.437012 0.015625 0.0341797
0 0.469238 0.581055 0.0244141 0.0234375
0 0.54248 0.421875 0.0185547 0.0390625
0 0.420898 0.696289 0.0136719 0.046875
0 0.416992 0.535156 0.0195312 0.03125
0 0.48877 0.342285 0.0224609 0.0419922
0 0.494629 0.718262 0.0244141 0.0244141
0 0.459961 0.710449 0.0136719 0.0400391
0 0.421387 0.612793 0.0166016 0.0400391
0 0.536621 0.37207 0.0185547 0.0332031
0 0.544434 0.401367 0.0185547 0.0351562
0 0.617676 0.39502 0.0126953 0.0361328
0 0.623535 0.380859 0.0166016 0.0410156
0 0.515625 0.59082 0.0253906 0.0273438
0 0.635742 0.553711 0.015625 0.0410156
0 0.477539 0.68457 0.0195312 0.0507812
0 0.592285 0.689941 0.0283203 0.0302734
0 0.410645 0.720703 0.0224609 0.0253906
0 0.496094 0.458496 0.0195312 0.0341797
0 0.415039 0.5 0.0175781 0.0273438
0 0.440918 0.573242 0.0185547 0.0351562
0 0.550781 0.382812 0.0175781 0.03125
0 0.519531 0.631836 0.0234375 0.0214844
0 0.432129 0.477539 0.0283203 0.0351562
0 0.521484 0.380371 0.0175781 0.0498047
0 0.406738 0.45752 0.0146484 0.0419922
0 0.627441 0.436035 0.0146484 0.0322266
0 0.625977 0.515137 0.0195312 0.0361328
0 0.529297 0.456543 0.0253906 0.0244141
0 0.66748 0.501953 0.0244141 0.0234375
0 0.574219 0.338867 0.0234375 0.0195312
0 0.653809 0.515137 0.0126953 0.0419922
0 0.590332 0.481445 0.0126953 0.0351562
0 0.401855 0.530273 0.0146484 0.0410156
0 0.621582 0.46582 0.0224609 0.0292969
0 0.588379 0.455078 0.0224609 0.03125
0 0.465332 0.785156 0.0146484 0.0488281
0 0.523438 0.422852 0.0214844 0.0351562
0 0.463379 0.553711 0.0244141 0.0273438
0 0.63623 0.45459 0.0185547 0.0302734
0 0.463867 0.740234 0.0175781 0.0410156
0 0.572266 0.587402 0.0195312 0.0302734
0 0.612305 0.447754 0.0195312 0.0244141
0 0.567871 0.376953 0.0205078 0.0214844
0 0.497559 0.666992 0.0244141 0.0273438
0 0.614258 0.414062 0.0175781 0.0410156
0 0.445801 0.558594 0.0205078 0.03125
0 0.561035 0.35791 0.0244141 0.0205078
0 0.511719 0.695801 0.015625 0.0400391
0 0.617676 0.557129 0.0244141 0.0224609
0 0.430664 0.643066 0.0214844 0.0380859
0 0.597656 0.363281 0.0253906 0.0234375
0 0.636719 0.603516 0.0214844 0.0371094
0 0.493164 0.551758 0.0234375 0.0292969
0 0.655762 0.565918 0.0146484 0.0439453
0 0.537109 0.623047 0.0234375 0.0292969
0 0.561035 0.558105 0.0146484 0.0400391
0 0.594727 0.337402 0.0253906 0.0380859
0 0.65918 0.473633 0.0234375 0.0390625
0 0.563477 0.650391 0.0234375 0.0332031
0 0.612305 0.489258 0.0234375 0.0234375
0 0.444824 0.756348 0.0146484 0.0478516
0 0.401367 0.496582 0.0214844 0.0302734
0 0.672363 0.409668 0.0166016 0.0400391
0 0.656738 0.454102 0.0244141 0.0234375
0 0.654297 0.685547 0.015625 0.0410156
0 0.566406 0.317383 0.0273438 0.0253906
0 0.416992 0.556641 0.0253906 0.0234375
0 0.395508 0.472656 0.0234375 0.0292969
0 0.605957 0.529785 0.0205078 0.0380859
0 0.54834 0.693359 0.0224609 0.0292969
0 0.56543 0.669434 0.0273438 0.0322266
0 0.660645 0.650391 0.0263672 0.0253906
0 0.605957 0.59668 0.0185547 0.0410156
0 0.571289 0.40918 0.0195312 0.0410156
0 0.634766 0.691895 0.0253906 0.0283203
0 0.580078 0.51709 0.0234375 0.0263672
0 0.680176 0.485352 0.0205078 0.03125
0 0.578613 0.359375 0.0185547 0.0332031
0 0.723145 0.550781 0.0205078 0.0351562
0 0.45166 0.587891 0.0205078 0.0332031
0 0.651367 0.428711 0.0253906 0.0253906
0 0.484375 0.429199 0.0234375 0.0341797
0 0.66748 0.53418 0.0205078 0.0332031
