0 0.529297 0.409668 0.015625 0.0341797
0 0.454102 0.697754 0.0214844 0.0166016
0 0.456055 0.612305 0.0117188 0.0410156
0 0.440918 0.756836 0.0107422 0.0410156
0 0.555664 0.51416 0.015625 0.0224609
0 0.449219 0.597656 0.0117188 0.0390625
0 0.459961 0.629883 0.0136719 0.0410156
0 0.463379 0.244141 0.0205078 0.03125
0 0.477539 0.240234 0.0214844 0.0429688
0 0.502441 0.817871 0.0126953 0.0419922
0 0.482422 0.703125 0.015625 0.03125
0 0.54248 0.426758 0.0185547 0.0214844
0 0.46582 0.55127 0.0195312 0.0341797
0 0.443359 0.441406 0.0117188 0.0410156
0 0.543945 0.48291 0.0136719 0.0419922
0 0.449219 0.442383 0.0136719 0.0410156
0 0.54834 0.483398 0.0107422 0.0429688
0 0.452637 0.661133 0.0126953 0.0371094
0 0.404785 0.708496 0.0185547 0.0283203
0 0.467773 0.682617 0.0175781 0.0253906
0 0.483398 0.606934 0.0195312 0.0205078
0 0.415527 0.667969 0.0146484 0.0390625
0 0.479492 0.68457 0.0214844 0.0214844
0 0.524414 0.685547 0.0175781 0.0371094
0 0.442383 0.677246 0.015625 0.0283203
0 0.44873 0.688477 0.0205078 0.0214844
0 0.477051 0.546875 0.0224609 0.0234375
0 0.446777 0.75293 0.0126953 0.0410156
0 0.436523 0.655273 0.0117188 0.0449219
0 0.478516 0.594238 0.0234375 0.0341797
0 0.467773 0.420898 0.0195312 0.0332031
0 0.503906 0.532227 0.0195312 0.0273438
0 0.540039 0.716797 0.0175781 0.0390625
0 0.427734 0.750977 0.0234375 0.0195312
0 0.532227 0.473633 0.0175781 0.0292969
0 0.520508 0.408691 0.0136719 0.0322266
0 0.498535 0.543457 0.0185547 0.0283203
0 0.539062 0.387695 0.0234375 0.0253906
0 0.477539 0.571289 0.0117188 0.0371094
0 0.45459 0.419922 0.0146484 0.0429688
0 0.475098 0.400879 0.0166016 0.0224609
0 0.493164 0.803223 0.0175781 0.0380859
0 0.681641 0.455078 0.0117188 0.0390625
0 0.562988 0.524414 0.0185547 0.0292969
0 0.476562 0.426758 0.0136719 0.0371094
0 0.416016 0.609863 0.015625 0.0380859
0 0.417969 0.4375 0.0175781 0.03125
0 0.463867 0.506836 0.0136719 0.0292969
0 0.691406 0.459473 0.0117188 0.0419922
0 0.433594 0.435059 0.015625 0.0283203
0 0.390137 0.352539 0.0146484 0.0449219
0 0.498047 0.677734 0.0234375 0.0234375
0 0.405762 0.693359 0.0185547 0.0273438
0 0.431152 0.771484 0.0146484 0.0273438
0 0.375 0.405273 0.015625 0.0449219
0 0.419922 0.324707 0.0234375 0.0244141
0 0.577148 0.584961 0.0234375 0.0371094
0 0.509766 0.822266 0.0136719 0.0429688
0 0.552734 0.460449 0.015625 0.0400391
0 0.490234 0.826172 0.015625 0.0234375
0 0.424805 0.739258 0.0234375 0.0214844
0 0.563477 0.650879 0.0136719 0.0322266
0 0.408203 0.606445 0.0175781 0.0371094
0 0.467285 0.781738 0.0205078 0.0263672
0 0.626953 0.437988 0.0234375 0.0224609
0 0.507812 0.662598 0.0195312 0.0263672
0 0.422852 0.297852 0.0136719 0.0371094
0 0.466309 0.761719 0.0185547 0.0351562
0 0.509277 0.686523 0.0205078 0.0292969
0 0.458008 0.549805 0.0117188 0.0371094
0 0.475586 0.710938 0.0175781 0.0351562
0 0.496582 0.517578 0.0224609 0.0195312
0 0.517578 0.539062 0.0117188 0.0371094
0 0.422852 0.677734 0.0175781 0.0351562
0 0.444336 0.787109 0.0214844 0.0273438
0 0.541504 0.515625 0.0146484 0.0390625
0 0.507324 0.422852 0.0166016 0.0332031
0 0.587402 0.400879 0.0244141 0.0205078
0 0.553711 0.578125 0.0175781 0.0292969
0 0.499023 0.592285 0.0136719 0.0380859
0 0.509766 0.503906 0.0234375 0.0175781
0 0.561523 0.499023 0.0195312 0.0351562
0 0.460938 0.748047 0.0175781 0.0292969
0 0.405762 0.32959 0.0146484 0.0400391
0 0.504883 0.44043 0.0136719 0.0351562
0 0.413086 0.643555 0.015625 0.0410156
0 0.460449 0.590332 0.0146484 0.0400391
0 0.437012 0.411133 0.0205078 0.0253906
0 0.467285 0.52832 0.0224609 0.0234375
0 0.44043 0.38916 0.0136719 0.0400391
0 0.524414 0.522461 0.0195312 0.0292969
0 0.532227 0.678223 0.0175781 0.0400391
0 0.449219 0.520508 0.015625 0.0371094
0 0.425293 0.420898 0.0244141 0.0214844
0 0.59082 0.725098 0.0136719 0.0439453
0 0.525391 0.458008 0.0234375 0.0175781
0 0.478027 0.512695 0.0126953 0.0410156
0 0.544434 0.400391 0.0224609 0.0214844
0 0.447754 0.634766 0.0185547 0.0351562
0 0.473633 0.625977 0.0175781 0.0371094
0 0.464844 0.666992 0.015625 0.0371094
0 0.45752 0.466309 0.0146484 0.0400391
0 0.577637 0.518555 0.0146484 0.0410156
0 0.377441 0.428711 0.0244141 0.0214844
0 0.35791 0.304199 0.0166016 0.0478516
0 0.572266 0.384277 0.0234375 0.0263672
0 0.483398 0.668945 0.0214844 0.0214844
0 0.451172 0.714844 0.015625 0.0390625
0 0.429199 0.706055 0.0205078 0.0292969
0 0.5 0.568359 0.0234375 0.0273438
0 0.358398 0.518555 0.0175781 0.0410156
0 0.433594 0.722656 0.0234375 0.0234375
0 0.705078 0.643555 0.0253906 0.0253906
0 0.430176 0.576172 0.0205078 0.0273438
0 0.518555 0.569336 0.0175781 0.0351562
0 0.400391 0.811523 0.015625 0.0371094
0 0.418457 0.788574 0.0146484 0.0322266
0 0.387207 0.516602 0.0244141 0.0234375
0 0.294434 0.841309 0.0205078 0.0244141
0 0.529297 0.496094 0.015625 0.03125
0 0.583984 0.288086 0.015625 0.0332031
0 0.539062 0.447266 0.0175781 0.0351562
0 0.529785 0.548828 0.0166016 0.03125
0 0.522461 0.385742 0.0234375 0.0214844
0 0.494629 0.706055 0.0146484 0.0371094
0 0.587891 0.421387 0.015625 0.0283203
0 0.516602 0.651855 0.0253906 0.0224609
0 0.499023 0.37207 0.0136719 0.0410156
0 0.541992 0.561523 0.0175781 0.0371094
0 0.455078 0.494141 0.0195312 0.0273438
0 0.573242 0.689941 0.0136719 0.0380859
0 0.387207 0.767578 0.0146484 0.0429688
0 0.48877 0.416504 0.0205078 0.0263672
0 0.520508 0.435547 0.0136719 0.0332031
0 0.381836 0.561035 0.0214844 0.0263672
0 0.619629 0.274414 0.0166016 0.0390625
0 0.619141 0.44873 0.0234375 0.0302734
0 0.557129 0.408691 0.0224609 0.0263672
0 0.575195 0.411133 0.0195312 0.0292969
0 0.490234 0.845703 0.0273438 0.0234375
0 0.578125 0.642578 0.0195312 0.0410156
0 0.445312 0.316895 0.0195312 0.0322266
0 0.442383 0.589844 0.0175781 0.0351562
0 0.404785 0.457031 0.0205078 0.0214844
0 0.406738 0.574219 0.0126953 0.0429688
0 0.394531 0.672852 0.0234375 0.0214844
0 0.399414 0.483398 0.0175781 0.0332031
0 0.375977 0.469727 0.0175781 0.0351562
0 0.375977 0.649902 0.0136719 0.0380859
0 0.619141 0.580078 0.03125 0.0234375
0 0.549805 0.192871 0.0253906 0.0263672
0 0.60498 0.729004 0.0185547 0.0380859
0 0.56543 0.425293 0.0234375 0.0205078
0 0.435059 0.457031 0.0205078 0.0292969
0 0.430664 0.830078 0.0175781 0.0390625
0 0.433105 0.618164 0.0224609 0.03125
0 0.400879 0.547852 0.0224609 0.0214844
0 0.487793 0.768555 0.0205078 0.0332031
0 0.410645 0.277832 0.0224609 0.0263672
0 0.489746 0.744141 0.0224609 0.03125
0 0.634766 0.402832 0.0234375 0.0224609
0 0.529297 0.723633 0.015625 0.0410156
0 0.601562 0.376953 0.0195312 0.0292969
0 0.393555 0.274902 0.0253906 0.0244141
0 0.520508 0.739258 0.0175781 0.0332031
0 0.516113 0.48584 0.0166016 0.0322266
0 0.490723 0.32373 0.0263672 0.0244141
0 0.62207 0.492676 0.0214844 0.0419922
0 0.449707 0.363281 0.0146484 0.0390625
0 0.352539 0.677734 0.0214844 0.03125
0 0.560547 0.445312 0.015625 0.03125
0 0.354004 0.466797 0.0185547 0.0371094
0 0.576172 0.769531 0.0175781 0.0390625
0 0.573242 0.5625 0.0253906 0.0214844
0 0.674805 0.550293 0.0253906 0.0302734
0 0.43457 0.501465 0.0175781 0.0341797
0 0.402344 0.433105 0.0195312 0.0302734
0 0.385254 0.816895 0.0205078 0.0322266
0 0.514648 0.603516 0.0175781 0.0332031
0 0.580078 0.60498 0.0195312 0.0341797
0 0.55957 0.61084 0.0175781 0.0380859
0 0.399902 0.736816 0.0166016 0.0322266
0 0.496094 0.5 0.0234375 0.0234375
