0 0.481934 0.488281 0.0263672 0.0390625
0 0.483398 0.420898 0.0371094 0.0214844
0 0.605469 0.63623 0.0273438 0.0556641
0 0.501953 0.396973 0.0195312 0.0556641
0 0.616699 0.465332 0.0380859 0.0458984
0 0.613281 0.450195 0.0390625 0.0234375
0 0.609375 0.575195 0.0175781 0.0546875
0 0.553223 0.415527 0.0400391 0.0224609
0 0.625977 0.405273 0.0234375 0.0507812
0 0.588379 0.511719 0.0263672 0.0371094
0 0.484375 0.475098 0.0273438 0.0341797
0 0.528809 0.451172 0.0439453 0.03125
0 0.472168 0.490723 0.0244141 0.0400391
0 0.518555 0.471191 0.0488281 0.0244141
0 0.605469 0.711426 0.0449219 0.0205078
0 0.438477 0.485352 0.0234375 0.0507812
0 0.48877 0.445312 0.0244141 0.0371094
0 0.552734 0.572266 0.0292969 0.0585938
0 0.566895 0.472656 0.0263672 0.0527344
0 0.473145 0.365234 0.0439453 0.0332031
0 0.554199 0.529785 0.0224609 0.0537109
0 0.537109 0.427246 0.0507812 0.0302734
0 0.579102 0.476562 0.0234375 0.0507812
0 0.612305 0.678711 0.015625 0.0546875
0 0.521484 0.617188 0.0234375 0.0566406
0 0.620117 0.498047 0.0273438 0.0390625
0 0.594238 0.555176 0.0283203 0.0634766
0 0.657715 0.407715 0.0341797 0.0517578
0 0.501953 0.617188 0.015625 0.0527344
0 0.57959 0.428711 0.0400391 0.0429688
0 0.621582 0.624023 0.0244141 0.0703125
0 0.475586 0.538574 0.0214844 0.0634766
0 0.519043 0.521973 0.0400391 0.0302734
0 0.580566 0.381836 0.0380859 0.0546875
0 0.538574 0.538574 0.0205078 0.0576172
0 0.538086 0.494629 0.0488281 0.0283203
0 0.63916 0.465332 0.0341797 0.0400391
0 0.441895 0.442871 0.0458984 0.0361328
0 0.602051 0.508789 0.0263672 0.0507812
0 0.550781 0.616699 0.0253906 0.0439453
0 0.404297 0.459961 0.0390625 0.0449219
0 0.580566 0.640137 0.0400391 0.0576172
0 0.546875 0.659668 0.03125 0.0732422
0 0.578125 0.603027 0.0292969 0.0615234
0 0.636719 0.569336 0.0175781 0.0644531
0 0.427734 0.504883 0.0273438 0.0449219
0 0.473633 0.624023 0.0214844 0.0585938
0 0.417969 0.428223 0.0527344 0.0322266
0 0.501953 0.498535 0.0253906 0.0634766
0 0.439941 0.562988 0.0458984 0.0498047
0 0.625977 0.533203 0.0351562 0.0390625
0 0.460938 0.455078 0.0351562 0.046875
0 0.489258 0.568848 0.0292969 0.0517578
0 0.446777 0.410156 0.0419922 0.0371094
0 0.50293 0.662109 0.0429688 0.0527344
0 0.578613 0.686523 0.0419922 0.0488281
