0 0.384277 0.604492 0.0205078 0.0214844
0 0.489258 0.259277 0.0117188 0.0400391
0 0.504883 0.684082 0.0253906 0.0126953
0 0.382812 0.652832 0.00976562 0.0302734
0 0.39209 0.413574 0.0185547 0.0146484
0 0.442383 0.712402 0.015625 0.0185547
0 0.475586 0.615234 0.0214844 0.0136719
0 0.377441 0.621582 0.0244141 0.0185547
0 0.476562 0.687988 0.0175781 0.0244141
0 0.442871 0.245117 0.0302734 0.0332031
0 0.456543 0.324219 0.0107422 0.0214844
0 0.39209 0.650391 0.0126953 0.0371094
0 0.459473 0.642578 0.0146484 0.0234375
0 0.418457 0.699219 0.0146484 0.0214844
0 0.432129 0.610352 0.0224609 0.0117188
0 0.481934 0.38916 0.0263672 0.0126953
0 0.396973 0.537109 0.0146484 0.0390625
0 0.43457 0.361816 0.015625 0.0205078
0 0.466797 0.457031 0.0234375 0.0292969
0 0.490723 0.696777 0.0263672 0.0126953
0 0.467773 0.751953 0.0117188 0.0371094
0 0.391113 0.49707 0.0263672 0.0195312
0 0.38916 0.514648 0.0126953 0.0292969
0 0.411133 0.28125 0.0195312 0.0195312
0 0.399902 0.281738 0.0205078 0.0361328
0 0.490234 0.654297 0.0234375 0.0253906
0 0.361816 0.610352 0.0244141 0.0195312
0 0.431641 0.472656 0.0234375 0.0234375
0 0.499512 0.41748 0.0126953 0.0361328
0 0.438965 0.698242 0.0244141 0.0195312
0 0.503906 0.368652 0.0136719 0.0341797
0 0.349121 0.631836 0.0244141 0.0195312
0 0.425781 0.569824 0.00976562 0.0322266
0 0.46582 0.538574 0.0117188 0.0302734
0 0.34668 0.430664 0.0175781 0.0292969
0 0.356445 0.481445 0.0175781 0.0351562
0 0.387695 0.681641 0.0117188 0.0253906
0 0.441895 0.688477 0.0224609 0.0234375
0 0.479492 0.276367 0.0175781 0.0175781
0 0.447754 0.467285 0.0146484 0.0283203
0 0.446289 0.307617 0.0195312 0.0136719
0 0.353027 0.399414 0.0166016 0.0351562
0 0.394043 0.475098 0.0283203 0.0107422
0 0.388184 0.362305 0.0244141 0.0253906
0 0.487305 0.499023 0.0332031 0.015625
0 0.455078 0.540039 0.0175781 0.0234375
0 0.436523 0.546387 0.0234375 0.0166016
0 0.509766 0.555664 0.0253906 0.0214844
0 0.443359 0.389648 0.00976562 0.0234375
0 0.47168 0.632812 0.0117188 0.03125
0 0.408691 0.53418 0.0146484 0.03125
0 0.418945 0.334961 0.0292969 0.0195312
0 0.430176 0.30957 0.0126953 0.0332031
0 0.51709 0.776855 0.0146484 0.0380859
0 0.37793 0.405273 0.0117188 0.0390625
0 0.411621 0.556641 0.0263672 0.0214844
0 0.471191 0.604004 0.0244141 0.0166016
0 0.464355 0.71875 0.0107422 0.0292969
0 0.457031 0.513672 0.0117188 0.0253906
0 0.383301 0.446777 0.0126953 0.0361328
0 0.520508 0.650391 0.0136719 0.0488281
0 0.482422 0.367676 0.0136719 0.0283203
0 0.365234 0.714844 0.0214844 0.015625
0 0.40918 0.358398 0.0234375 0.0195312
0 0.395996 0.39502 0.0205078 0.0146484
0 0.485352 0.668457 0.0234375 0.0205078
0 0.43457 0.522461 0.0136719 0.0175781
0 0.487305 0.422363 0.0117188 0.0185547
0 0.41748 0.61377 0.0205078 0.0263672
0 0.439941 0.27832 0.0185547 0.0292969
0 0.384277 0.483398 0.0244141 0.00976562
0 0.408691 0.58252 0.0126953 0.0322266
0 0.464844 0.488281 0.0214844 0.0175781
0 0.346191 0.728516 0.0244141 0.0332031
0 0.461914 0.418945 0.0234375 0.0136719
0 0.443359 0.568848 0.0136719 0.0263672
0 0.453613 0.571777 0.0166016 0.0283203
0 0.458984 0.353516 0.00976562 0.0332031
0 0.474121 0.738281 0.0126953 0.0332031
0 0.380371 0.330078 0.0146484 0.03125
0 0.442383 0.591797 0.0273438 0.0136719
0 0.42627 0.532715 0.0244141 0.0107422
0 0.470703 0.560059 0.0253906 0.0146484
0 0.501465 0.519043 0.0224609 0.0126953
0 0.46582 0.302734 0.0195312 0.03125
0 0.40918 0.29541 0.0234375 0.0185547
0 0.425293 0.26123 0.0166016 0.0283203
0 0.381348 0.298828 0.0126953 0.03125
0 0.371094 0.644043 0.0195312 0.0224609
0 0.395508 0.58252 0.015625 0.0361328
0 0.486328 0.54248 0.0078125 0.0322266
0 0.487793 0.754883 0.0166016 0.03125
0 0.417969 0.800293 0.0371094 0.0166016
0 0.345215 0.388184 0.0244141 0.0361328
0 0.384277 0.26123 0.0205078 0.0322266
0 0.465332 0.26709 0.0107422 0.0341797
0 0.418457 0.588867 0.0107422 0.0332031
0 0.402344 0.82666 0.0214844 0.0126953
0 0.456055 0.683105 0.0117188 0.0302734
0 0.311035 0.241211 0.0283203 0.0429688
0 0.445801 0.606445 0.0166016 0.0234375
0 0.455078 0.750488 0.015625 0.0322266
0 0.495117 0.722656 0.0195312 0.0332031
0 0.499023 0.580566 0.015625 0.0380859
0 0.508789 0.416504 0.00976562 0.0361328
0 0.433594 0.45166 0.0253906 0.0185547
0 0.418945 0.475586 0.0195312 0.0332031
0 0.458984 0.659668 0.0292969 0.0146484
0 0.430176 0.426758 0.0263672 0.0175781
0 0.324707 0.316895 0.0322266 0.0302734
0 0.476562 0.71582 0.0136719 0.0351562
0 0.48291 0.577148 0.0126953 0.0332031
0 0.371582 0.502441 0.0244141 0.0166016
0 0.407715 0.756348 0.0126953 0.0498047
0 0.380371 0.534668 0.0126953 0.0361328
0 0.511719 0.458984 0.0234375 0.0273438
0 0.520996 0.758301 0.0185547 0.0361328
0 0.347168 0.602539 0.0283203 0.0234375
0 0.374023 0.581055 0.0117188 0.0390625
0 0.440918 0.852539 0.00878906 0.0351562
0 0.404785 0.454102 0.0263672 0.0253906
0 0.452148 0.725098 0.015625 0.0361328
0 0.466797 0.824219 0.0273438 0.0175781
0 0.311035 0.52832 0.0263672 0.0371094
0 0.278809 0.719238 0.0263672 0.0244141
0 0.209473 0.399414 0.0185547 0.0390625
0 0.318359 0.283691 0.03125 0.0322266
0 0.44043 0.879883 0.0253906 0.0234375
