0 0.392578 0.632812 0.0332031 0.0488281
0 0.410156 0.690918 0.0234375 0.0478516
0 0.337891 0.884766 0.0253906 0.0410156
0 0.365723 0.655273 0.0341797 0.0234375
0 0.546387 0.540527 0.0361328 0.0302734
0 0.462402 0.519043 0.0361328 0.0205078
0 0.326172 0.648438 0.0332031 0.0351562
0 0.34668 0.633301 0.0332031 0.0224609
0 0.617188 0.435059 0.0195312 0.0380859
0 0.489746 0.64209 0.0380859 0.0263672
0 0.600098 0.754883 0.0224609 0.0351562
0 0.32959 0.622559 0.0263672 0.0244141
0 0.500488 0.674316 0.0341797 0.0322266
0 0.417969 0.256836 0.0332031 0.0136719
0 0.493652 0.603027 0.0341797 0.0419922
0 0.343262 0.384766 0.0263672 0.0292969
0 0.522949 0.667969 0.0263672 0.0449219
0 0.319824 0.350098 0.0244141 0.0498047
0 0.476074 0.383789 0.0341797 0.0292969
0 0.444824 0.643555 0.0361328 0.0214844
0 0.486328 0.351074 0.0253906 0.0419922
