0 0.428223 0.416016 0.0263672 0.0390625
0 0.270996 0.346191 0.0263672 0.0478516
0 0.350098 0.430664 0.0146484 0.0527344
0 0.27832 0.441406 0.0175781 0.046875
0 0.275391 0.593262 0.0234375 0.0380859
0 0.30957 0.532227 0.0292969 0.0273438
0 0.467773 0.45752 0.0195312 0.0458984
0 0.333984 0.552734 0.0195312 0.0488281
0 0.300781 0.412109 0.0253906 0.0273438
0 0.313477 0.561035 0.0136719 0.0439453
0 0.453613 0.777344 0.0244141 0.0253906
0 0.480957 0.445801 0.0224609 0.0283203
0 0.416504 0.633301 0.0146484 0.0498047
0 0.504883 0.665039 0.0253906 0.0234375
0 0.489746 0.432129 0.0205078 0.0263672
0 0.369141 0.667969 0.0253906 0.0253906
0 0.377441 0.439453 0.0283203 0.0273438
0 0.466309 0.74707 0.0146484 0.046875
0 0.399902 0.777344 0.0302734 0.0273438
0 0.505371 0.544922 0.0283203 0.03125
0 0.369141 0.735352 0.0195312 0.0546875
0 0.358398 0.545898 0.0234375 0.0390625
0 0.49707 0.680176 0.0253906 0.0244141
0 0.413086 0.503418 0.0214844 0.0341797
0 0.485352 0.526855 0.0273438 0.0283203
0 0.474121 0.513184 0.0263672 0.0302734
0 0.464844 0.601562 0.0234375 0.0410156
0 0.330078 0.712891 0.0273438 0.0371094
