1 0.389648 0.515137 0.105469 0.168945
1 0.272949 0.691406 0.129883 0.121094
1 0.410645 0.470703 0.0966797 0.138672
1 0.3125 0.322266 0.119141 0.117188
1 0.249512 0.411621 0.129883 0.0927734
1 0.194336 0.625 0.130859 0.148438
1 0.225098 0.805664 0.106445 0.109375
1 0.366699 0.565918 0.0986328 0.161133
1 0.744629 0.227539 0.112305 0.195312
1 0.197266 0.333984 0.123047 0.144531
1 0.766113 0.0996094 0.137695 0.15625
1 0.411133 0.346191 0.113281 0.172852
1 0.817383 0.695312 0.15625 0.181641
1 0.593262 0.140625 0.0927734 0.199219
