0 0.263184 0.381836 0.0185547 0.0273438
0 0.379395 0.48291 0.0283203 0.0322266
0 0.445801 0.0429688 0.0126953 0.0234375
0 0.45459 0.528809 0.0322266 0.0263672
0 0.407227 0.375977 0.0410156 0.0429688
0 0.227539 0.0595703 0.0410156 0.0292969
0 0.535156 0.591797 0.0429688 0.0390625
0 0.387207 0.360352 0.0224609 0.078125
0 0.616699 0.680664 0.0517578 0.0234375
0 0.631836 0.397461 0.0664062 0.0273438
0 0.429199 0.344727 0.0439453 0.0253906
0 0.640137 0.973145 0.0322266 0.0458984
0 0.419922 0.32959 0.0429688 0.0283203
0 0.370605 0.53125 0.0419922 0.0566406
0 0.396973 0.526855 0.0322266 0.0498047
0 0.474121 0.364258 0.0419922 0.0410156
0 0.609375 0.782227 0.0214844 0.0625
0 0.483398 0.269531 0.0371094 0.0351562
0 0.589355 0.79834 0.0283203 0.0537109
