0 0.427246 0.578125 0.0283203 0.0273438
0 0.51123 0.451172 0.0361328 0.0175781
0 0.44043 0.49707 0.03125 0.03125
0 0.449219 0.595703 0.0175781 0.0429688
0 0.464844 0.572754 0.0136719 0.0361328
0 0.45459 0.475098 0.0224609 0.0654297
0 0.524414 0.573242 0.0136719 0.0703125
0 0.480957 0.42627 0.0341797 0.0498047
0 0.500977 0.407715 0.0332031 0.0361328
0 0.497559 0.944824 0.0224609 0.0458984
0 0.458984 0.439941 0.0253906 0.0791016
0 0.518555 0.469238 0.0429688 0.0224609
0 0.605469 0.361328 0.0195312 0.0898438
0 0.476562 0.367188 0.03125 0.0605469
0 0.489258 0.514648 0.0351562 0.0703125
0 0.522949 0.439453 0.0439453 0.0253906
0 0.507324 0.575195 0.0166016 0.078125
0 0.657227 0.41748 0.0449219 0.0263672
0 0.554688 0.453613 0.0429688 0.0263672
0 0.491211 0.368164 0.03125 0.0585938
0 0.655762 0.575195 0.0341797 0.0488281
0 0.404785 0.211914 0.0302734 0.078125
0 0.644043 0.618652 0.0341797 0.0654297
0 0.526367 0.641113 0.0429688 0.0302734
0 0.480469 0.622559 0.0253906 0.0615234
0 0.569336 0.491211 0.0332031 0.0527344
