0 0.501953 0.290527 0.0273438 0.0224609
0 0.628906 0.492676 0.0253906 0.0283203
0 0.643066 0.49707 0.0185547 0.0429688
0 0.779785 0.529297 0.0185547 0.0390625
0 0.802734 0.60498 0.0273438 0.0244141
0 0.634766 0.364746 0.0273438 0.0185547
0 0.501465 0.267578 0.0205078 0.0390625
0 0.609375 0.512695 0.0195312 0.0488281
0 0.769531 0.546387 0.0214844 0.0361328
0 0.632812 0.512695 0.0332031 0.0214844
0 0.892578 0.525879 0.015625 0.0361328
0 0.594727 0.378906 0.015625 0.0390625
0 0.51709 0.266602 0.0185547 0.0429688
0 0.873047 0.577148 0.015625 0.0371094
0 0.764648 0.578125 0.0273438 0.0351562
0 0.952148 0.234863 0.0273438 0.0556641
0 0.635742 0.554688 0.0371094 0.0253906
0 0.535645 0.350098 0.0302734 0.0205078
0 0.646484 0.433594 0.0332031 0.0214844
0 0.775391 0.419434 0.0273438 0.0458984
0 0.612793 0.334473 0.0166016 0.0458984
0 0.873047 0.526367 0.0332031 0.0195312
0 0.795898 0.592285 0.0234375 0.0361328
0 0.635254 0.339844 0.0302734 0.0234375
0 0.788086 0.617676 0.03125 0.0205078
0 0.647461 0.355957 0.0332031 0.0185547
0 0.62207 0.481445 0.0332031 0.0253906
0 0.708008 0.518555 0.0390625 0.0273438
0 0.589355 0.505859 0.0322266 0.0253906
0 0.718262 0.573242 0.0224609 0.0449219
0 0.550781 0.265625 0.0214844 0.046875
0 0.747559 0.63623 0.0224609 0.0400391
0 0.410645 0.428223 0.0361328 0.0205078
0 0.491699 0.311035 0.0185547 0.0380859
0 0.77832 0.582031 0.0273438 0.0332031
0 0.853516 0.382812 0.0292969 0.0390625
0 0.599609 0.310547 0.0371094 0.0195312
0 0.831055 0.540039 0.03125 0.0273438
0 0.594238 0.474609 0.0341797 0.03125
0 0.623047 0.312012 0.0195312 0.0400391
0 0.483398 0.300781 0.0234375 0.0371094
0 0.520508 0.515625 0.0175781 0.0371094
0 0.852539 0.592773 0.015625 0.0371094
0 0.467285 0.450684 0.0322266 0.0224609
0 0.818848 0.565918 0.0283203 0.0302734
0 0.504395 0.329102 0.0224609 0.0410156
0 0.592773 0.328613 0.0195312 0.0380859
0 0.736816 0.53125 0.0185547 0.0449219
0 0.765137 0.61377 0.0244141 0.0244141
0 0.578613 0.577148 0.0361328 0.0273438
0 0.84082 0.48584 0.0351562 0.0224609
0 0.494629 0.254883 0.0224609 0.0410156
0 0.800781 0.540039 0.0332031 0.0332031
0 0.747559 0.577637 0.0244141 0.0322266
0 0.510742 0.358398 0.0390625 0.0253906
0 0.533691 0.289551 0.0302734 0.0302734
0 0.549805 0.369629 0.0195312 0.0400391
0 0.663574 0.440918 0.0302734 0.0419922
0 0.550293 0.230957 0.0380859 0.0283203
0 0.549805 0.332031 0.0195312 0.046875
0 0.743164 0.555664 0.03125 0.0332031
0 0.534668 0.542969 0.0322266 0.0410156
0 0.44043 0.448242 0.0351562 0.0234375
0 0.873535 0.547363 0.0302734 0.0341797
0 0.904785 0.649902 0.0283203 0.0380859
0 0.588379 0.355469 0.0322266 0.0253906
0 0.614258 0.569336 0.0292969 0.0351562
0 0.886719 0.503418 0.0214844 0.0380859
0 0.652344 0.59668 0.0371094 0.0390625
0 0.691406 0.348633 0.0292969 0.0292969
0 0.494141 0.563477 0.0253906 0.0449219
0 0.821289 0.598633 0.0234375 0.0429688
0 0.526367 0.500977 0.0253906 0.0410156
0 0.64209 0.320801 0.0283203 0.0302734
0 0.481934 0.521973 0.0283203 0.0380859
0 0.564453 0.322754 0.0214844 0.0380859
