0 0.411621 0.359375 0.0498047 0.0449219
0 0.598145 0.416992 0.0263672 0.0390625
0 0.375488 0.443848 0.0263672 0.0751953
0 0.54834 0.599121 0.0341797 0.0751953
0 0.445801 0.594727 0.0595703 0.0527344
0 0.395508 0.494141 0.0449219 0.0410156
0 0.611816 0.931641 0.0634766 0.0292969
0 0.516113 0.421387 0.0244141 0.0537109
0 0.658691 0.493164 0.0341797 0.0566406
0 0.506348 0.379883 0.0439453 0.0585938
0 0.494141 0.434082 0.0234375 0.0654297
0 0.678223 0.481445 0.0361328 0.0507812
0 0.399414 0.432617 0.0292969 0.0878906
0 0.341309 0.532715 0.0361328 0.0673828
0 0.586426 0.60791 0.0576172 0.0419922
0 0.429199 0.419922 0.0380859 0.0605469
0 0.293945 0.584473 0.0371094 0.0576172
0 0.584961 0.432129 0.0390625 0.0439453
0 0.376465 0.606934 0.0302734 0.0498047
0 0.63916 0.537598 0.0693359 0.0341797
