0 0.413086 0.38623 0.0703125 0.0283203
0 0.541016 0.426758 0.0820312 0.0371094
0 0.412598 0.700684 0.0517578 0.0595703
0 0.486328 0.472168 0.0410156 0.0712891
0 0.496094 0.509277 0.0429688 0.0361328
0 0.376465 0.543945 0.0732422 0.0351562
0 0.398926 0.677246 0.0478516 0.0537109
0 0.352539 0.389648 0.0546875 0.0585938
0 0.535645 0.510742 0.0341797 0.0527344
0 0.365723 0.413574 0.0458984 0.0458984
0 0.473633 0.675781 0.0820312 0.0273438
0 0.744629 0.489258 0.0771484 0.0683594
0 0.552734 0.478516 0.0488281 0.046875
0 0.384277 0.563965 0.0693359 0.0244141
0 0.472656 0.344727 0.0839844 0.0332031
0 0.43457 0.581543 0.078125 0.0458984
0 0.496094 0.639648 0.046875 0.0410156
0 0.476562 0.54834 0.0429688 0.0556641
0 0.486328 0.400391 0.0703125 0.0332031
