0 0.769043 0.523438 0.0849609 0.0449219
0 0.515137 0.681641 0.0888672 0.0527344
0 0.40332 0.665527 0.0839844 0.0419922
0 0.587891 0.753906 0.0703125 0.0566406
0 0.566895 0.491699 0.0927734 0.0439453
0 0.618652 0.797852 0.0576172 0.0703125
0 0.440918 0.804688 0.0791016 0.0449219
0 0.277832 0.378418 0.0791016 0.0556641
0 0.867188 0.67041 0.0839844 0.0498047
0 0.257812 0.526367 0.0605469 0.0625
0 0.227539 0.350586 0.078125 0.0371094
0 0.422363 0.631836 0.0693359 0.0410156
0 0.857422 0.833008 0.0683594 0.0507812
0 0.549805 0.228027 0.0625 0.0712891
0 0.548828 0.27002 0.0800781 0.0556641
0 0.482422 0.732422 0.0546875 0.0605469
0 0.479004 0.260742 0.0595703 0.0664062
0 0.274414 0.317383 0.0957031 0.0527344
