0 0.951172 0.985352 0.0859375 0.0292969
0 0.981445 0.716797 0.0371094 0.107422
0 0.804688 0.712891 0.0957031 0.0507812
0 0.614258 0.385742 0.0566406 0.115234
0 0.67334 0.0488281 0.0595703 0.0859375
0 0.308594 0.681641 0.0761719 0.0898438
0 0.710938 0.671387 0.0859375 0.116211
0 0.678711 0.498535 0.103516 0.0849609
0 0.984863 0.427246 0.0302734 0.100586
0 0.374512 0.418457 0.0654297 0.0712891
0 0.310547 0.245605 0.0546875 0.0888672
0 0.568359 0.108887 0.0488281 0.0927734
0 0.730469 0.258301 0.0957031 0.0634766
0 0.185547 0.692871 0.0429688 0.102539
0 0.949707 0.338379 0.0966797 0.0712891
0 0.782715 0.833984 0.0537109 0.119141
0 0.849609 0.553223 0.0566406 0.12207
0 0.765137 0.775879 0.120117 0.104492
0 0.53418 0.631836 0.0527344 0.103516
0 0.0810547 0.748047 0.0566406 0.0625
0 0.280273 0.15625 0.0605469 0.09375
0 0.486328 0.206543 0.0390625 0.116211
0 0.913574 0.759277 0.0732422 0.0947266
0 0.820312 0.0151367 0.0839844 0.0302734
0 0.662109 0.255859 0.0976562 0.0605469
0 0.908203 0.527832 0.134766 0.0830078
0 0.516602 0.504883 0.0820312 0.0488281
0 0.451172 0.575684 0.0683594 0.0830078
0 0.434082 0.306641 0.0595703 0.121094
0 0.311523 0.0327148 0.0527344 0.0654297
0 0.217285 0.692383 0.0537109 0.101562
0 0.111816 0.79834 0.0908203 0.0673828
0 0.600586 0.272461 0.0859375 0.113281
0 0.799805 0.191406 0.0742188 0.0761719
0 0.864746 0.959473 0.0751953 0.0810547
0 0.95166 0.494141 0.0947266 0.0742188
0 0.738281 0.883301 0.109375 0.0830078
0 0.975098 0.272949 0.0498047 0.12793
0 0.154297 0.880859 0.0859375 0.0703125
0 0.533203 0.84668 0.0800781 0.0390625
0 0.475586 0.0439453 0.0566406 0.0859375
0 0.716797 0.0981445 0.0722656 0.100586
0 0.351074 0.494141 0.0419922 0.0917969
0 0.924805 0.865234 0.078125 0.126953
0 0.449707 0.767578 0.0419922 0.101562
0 0.430176 0.964355 0.0673828 0.0712891
0 0.579102 0.136719 0.0878906 0.046875
0 0.286621 0.344238 0.0478516 0.114258
0 0.385254 0.958008 0.0986328 0.0625
0 0.878906 0.675293 0.107422 0.0478516
0 0.320801 0.905762 0.0380859 0.116211
0 0.321777 0.421387 0.0927734 0.0751953
0 0.260254 0.858887 0.0537109 0.120117
0 0.655273 0.558594 0.0996094 0.046875
0 0.93457 0.0288086 0.125 0.0576172
0 0.67041 0.298828 0.0908203 0.0605469
0 0.571777 0.871582 0.0771484 0.106445
0 0.762695 0.175293 0.0976562 0.102539
0 0.475586 0.912109 0.0410156 0.123047
0 0.556152 0.0458984 0.0458984 0.0878906
0 0.599121 0.486816 0.100586 0.114258
0 0.288574 0.527344 0.0673828 0.0742188
0 0.574707 0.189941 0.0693359 0.0732422
0 0.84668 0.915527 0.117188 0.0810547
0 0.970215 0.933594 0.0595703 0.125
0 0.361328 0.363281 0.117188 0.0742188
0 0.894531 0.0683594 0.0917969 0.0898438
0 0.223145 0.757812 0.0771484 0.0683594
0 0.755371 0.44043 0.0947266 0.0683594
0 0.425781 0.460938 0.109375 0.0605469
0 0.902832 0.580078 0.0986328 0.0566406
0 0.374512 0.722656 0.0986328 0.0898438
0 0.675781 0.360352 0.0585938 0.111328
0 0.819824 0.674316 0.0673828 0.0908203
0 0.393555 0.320312 0.0605469 0.09375
0 0.643555 0.133789 0.0566406 0.117188
0 0.780762 0.108398 0.0810547 0.0898438
0 0.749512 0.337891 0.0791016 0.113281
0 0.892578 0.116211 0.103516 0.0605469
0 0.635254 0.592285 0.118164 0.0576172
0 0.880371 0.257812 0.0986328 0.115234
0 0.961426 0.812988 0.0771484 0.0810547
0 0.78418 0.567871 0.0585938 0.129883
0 0.938477 0.927734 0.109375 0.115234
0 0.614258 0.0795898 0.0761719 0.0908203
0 0.203613 0.571289 0.0400391 0.111328
0 0.277344 0.898438 0.0742188 0.111328
0 0.610352 0.915039 0.0859375 0.046875
0 0.541992 0.968262 0.0976562 0.0634766
0 0.821289 0.590332 0.0625 0.0927734
0 0.157715 0.74707 0.0576172 0.0742188
0 0.822266 0.236328 0.0839844 0.0585938
0 0.769531 0.680664 0.0917969 0.115234
0 0.876953 0.335938 0.0644531 0.123047
0 0.831055 0.10791 0.0390625 0.124023
0 0.446777 0.414062 0.100586 0.0566406
0 0.144531 0.623047 0.0566406 0.109375
0 0.808594 0.0507812 0.0878906 0.0800781
0 0.295898 0.734863 0.0761719 0.0498047
0 0.692383 0.912598 0.09375 0.108398
0 0.319824 0.60791 0.0576172 0.118164
0 0.669434 0.816406 0.0947266 0.134766
0 0.702148 0.212891 0.0742188 0.0742188
0 0.955566 0.744141 0.0888672 0.128906
0 0.403809 0.182129 0.0732422 0.131836
0 0.870117 0.718262 0.0820312 0.0576172
0 0.414551 0.512207 0.0849609 0.0595703
0 0.374512 0.56543 0.0947266 0.0566406
0 0.85791 0.801758 0.0830078 0.121094
0 0.160156 0.79248 0.0820312 0.112305
0 0.816406 0.476074 0.0976562 0.0693359
0 0.941406 0.417969 0.0820312 0.0703125
0 0.518555 0.0654297 0.0488281 0.121094
0 0.964844 0.104004 0.0703125 0.116211
0 0.213379 0.875488 0.0517578 0.104492
0 0.753906 0.0507812 0.0644531 0.101562
0 0.722656 0.5625 0.0859375 0.126953
0 0.633301 0.18457 0.0908203 0.0957031
0 0.807129 0.332031 0.0556641 0.128906
0 0.349609 0.291016 0.0566406 0.132812
0 0.599121 0.668457 0.0830078 0.116211
0 0.491211 0.710449 0.0859375 0.0947266
0 0.447266 0.139648 0.0371094 0.136719
0 0.912598 0.62793 0.108398 0.0820312
0 0.256836 0.505859 0.0742188 0.0761719
0 0.473633 0.3125 0.0703125 0.136719
0 0.242188 0.43457 0.03125 0.105469
0 0.296875 0.45752 0.0878906 0.0693359
0 0.552246 0.309082 0.102539 0.100586
