0 0.478516 0.444824 0.0195312 0.0185547
0 0.514648 0.666016 0.0136719 0.0214844
0 0.529785 0.393066 0.0146484 0.0185547
0 0.509766 0.411621 0.0195312 0.0224609
0 0.479492 0.487305 0.0214844 0.0117188
0 0.5 0.597656 0.0117188 0.0234375
0 0.513672 0.484375 0.0195312 0.015625
0 0.517578 0.469238 0.0195312 0.0126953
0 0.488281 0.588867 0.0117188 0.0273438
0 0.505371 0.549805 0.0205078 0.0136719
0 0.522461 0.607422 0.0136719 0.0234375
0 0.399902 0.421387 0.0185547 0.0205078
0 0.490234 0.492188 0.0214844 0.0117188
0 0.540039 0.543457 0.0136719 0.0185547
0 0.44873 0.473633 0.0244141 0.0136719
0 0.534668 0.604492 0.0166016 0.0214844
0 0.489258 0.508301 0.0175781 0.0185547
0 0.53418 0.576172 0.0175781 0.015625
0 0.391602 0.396484 0.0175781 0.0234375
0 0.482422 0.419434 0.0214844 0.0166016
0 0.447266 0.449219 0.015625 0.0175781
0 0.391113 0.384766 0.0166016 0.0214844
0 0.506348 0.388184 0.0107422 0.0244141
0 0.448242 0.384766 0.0136719 0.015625
0 0.444336 0.407227 0.0253906 0.015625
0 0.522949 0.441895 0.0166016 0.0205078
0 0.413086 0.434082 0.0214844 0.0107422
0 0.411133 0.376465 0.0214844 0.0166016
0 0.449219 0.422363 0.0234375 0.0126953
0 0.495605 0.443359 0.0126953 0.0273438
0 0.500977 0.524902 0.0136719 0.0224609
0 0.510742 0.54541 0.0175781 0.0166016
0 0.382324 0.444336 0.0166016 0.0214844
0 0.503906 0.646484 0.0117188 0.0234375
0 0.42334 0.402832 0.0126953 0.0166016
0 0.416992 0.422852 0.0195312 0.0136719
0 0.47998 0.380859 0.0263672 0.015625
0 0.388672 0.452148 0.015625 0.0292969
0 0.507812 0.450195 0.015625 0.0175781
0 0.506836 0.575195 0.00976562 0.0253906
0 0.459473 0.385742 0.0107422 0.0253906
0 0.528809 0.415039 0.0126953 0.0214844
0 0.442871 0.37207 0.0205078 0.0136719
0 0.521484 0.581055 0.00976562 0.0273438
0 0.435059 0.387695 0.0185547 0.0214844
0 0.53418 0.560547 0.0214844 0.0195312
0 0.474609 0.460938 0.0195312 0.0175781
0 0.512695 0.597656 0.0136719 0.0214844
0 0.430664 0.415039 0.0175781 0.0136719
0 0.367188 0.383301 0.015625 0.0185547
0 0.504395 0.423828 0.0166016 0.0214844
0 0.527344 0.640625 0.00976562 0.0253906
0 0.407227 0.393066 0.0195312 0.0205078
0 0.476562 0.549805 0.0117188 0.0273438
0 0.376953 0.433594 0.0234375 0.0175781
0 0.515625 0.629883 0.0117188 0.0253906
0 0.40918 0.458496 0.0214844 0.0166016
0 0.476074 0.522461 0.0146484 0.0175781
0 0.364746 0.420898 0.0205078 0.0136719
0 0.472656 0.396484 0.0175781 0.0195312
0 0.518555 0.657227 0.0175781 0.0253906
0 0.430176 0.433594 0.0166016 0.0234375
0 0.332031 0.410645 0.015625 0.0283203
0 0.519043 0.502441 0.0185547 0.0146484
0 0.372559 0.40918 0.0146484 0.0214844
0 0.535156 0.513672 0.0117188 0.0253906
