0 0.56543 0.914062 0.0351562 0.046875
0 0.512695 0.837402 0.046875 0.0361328
0 0.398926 0.856934 0.0380859 0.0478516
0 0.386719 0.661133 0.0214844 0.0488281
0 0.164062 0.421875 0.0351562 0.0585938
0 0.813965 0.246094 0.0380859 0.0507812
0 0.758301 0.267578 0.0439453 0.0332031
0 0.643066 0.837402 0.0517578 0.0341797
0 0.547363 0.536133 0.0322266 0.0546875
0 0.760742 0.336426 0.0546875 0.0283203
0 0.284668 0.616699 0.0380859 0.0537109
0 0.358887 0.225586 0.0263672 0.0605469
0 0.740234 0.904297 0.0351562 0.0527344
0 0.777344 0.305664 0.0351562 0.0390625
0 0.59668 0.867188 0.0566406 0.0332031
0 0.686523 0.786621 0.0351562 0.0556641
0 0.442871 0.842773 0.0361328 0.0351562
0 0.308105 0.59082 0.0458984 0.0253906
0 0.503418 0.788574 0.0419922 0.0341797
0 0.228027 0.327637 0.0302734 0.0576172
0 0.882812 0.561035 0.0546875 0.0361328
0 0.838867 0.582031 0.0429688 0.0429688
0 0.76123 0.599121 0.0361328 0.0673828
0 0.788574 0.598145 0.0458984 0.0576172
0 0.753906 0.557617 0.0449219 0.0488281
0 0.683594 0.476562 0.0371094 0.0488281
0 0.253418 0.585938 0.0458984 0.0429688
0 0.64502 0.557129 0.0419922 0.0400391
0 0.397461 0.231445 0.03125 0.0449219
0 0.168457 0.615234 0.0322266 0.0625
0 0.531738 0.861328 0.0576172 0.0292969
0 0.680664 0.566406 0.0273438 0.0683594
0 0.384277 0.195312 0.0322266 0.0566406
0 0.77832 0.630371 0.0273438 0.0615234
0 0.662109 0.557617 0.0292969 0.0859375
0 0.700195 0.836914 0.0273438 0.0585938
0 0.630371 0.872559 0.0400391 0.0498047
0 0.575684 0.379395 0.0439453 0.0458984
0 0.141113 0.451172 0.0322266 0.0585938
0 0.727051 0.45752 0.0537109 0.0400391
0 0.225098 0.566895 0.0361328 0.0615234
0 0.17041 0.464844 0.0341797 0.0683594
0 0.431152 0.286133 0.0400391 0.0507812
0 0.759277 0.879395 0.0263672 0.0517578
0 0.842285 0.560059 0.0400391 0.0341797
0 0.191406 0.204102 0.0351562 0.0527344
0 0.890625 0.401367 0.0488281 0.0390625
0 0.159668 0.575684 0.0478516 0.0439453
0 0.012207 0.20166 0.0244141 0.0361328
0 0.447266 0.827637 0.0390625 0.0361328
0 0.51416 0.68457 0.0478516 0.0488281
0 0.888672 0.381348 0.046875 0.0361328
0 0.52832 0.873047 0.0566406 0.0390625
0 0.630859 0.64209 0.0410156 0.0419922
0 0.320801 0.149902 0.0361328 0.0439453
0 0.188965 0.32373 0.0361328 0.0654297
0 0.427246 0.79541 0.0283203 0.0615234
0 0.288574 0.199707 0.0458984 0.0478516
0 0.733398 0.66748 0.0507812 0.0458984
0 0.149414 0.54834 0.0527344 0.0341797
0 0.558105 0.502441 0.0439453 0.0615234
0 0.674805 0.285645 0.0546875 0.0322266
0 0.32666 0.67041 0.0537109 0.0322266
0 0.227539 0.675781 0.0273438 0.0566406
0 0.258301 0.246094 0.0283203 0.0527344
0 0.842285 0.387207 0.0283203 0.0654297
0 0.742676 0.501953 0.0244141 0.0625
0 0.231934 0.741211 0.0439453 0.0390625
0 0.161621 0.539062 0.0458984 0.0546875
0 0.303223 0.155762 0.0400391 0.0458984
0 0.318359 0.522949 0.0332031 0.0576172
0 0.828613 0.334473 0.0400391 0.0400391
0 0.354004 0.744141 0.0341797 0.0605469
0 0.791016 0.887695 0.0566406 0.0429688
0 0.166016 0.640137 0.0507812 0.0283203
0 0.724609 0.687012 0.0410156 0.0478516
0 0.804688 0.379395 0.0390625 0.0576172
0 0.249023 0.401855 0.0546875 0.0361328
0 0.675781 0.882324 0.0410156 0.0439453
0 0.625977 0.842285 0.0410156 0.0439453
0 0.325195 0.185059 0.046875 0.0380859
0 0.707031 0.741211 0.0488281 0.0351562
0 0.275391 0.710938 0.0507812 0.046875
0 0.203613 0.435547 0.0380859 0.0507812
0 0.474121 0.828613 0.0341797 0.0771484
0 0.920898 0.542969 0.0546875 0.0644531
0 0.237793 0.645508 0.0400391 0.0429688
0 0.496582 0.80957 0.0498047 0.03125
0 0.147461 0.490234 0.0566406 0.03125
0 0.371582 0.590332 0.0517578 0.0380859
0 0.216797 0.705078 0.0429688 0.0527344
0 0.301758 0.128418 0.0410156 0.0517578
0 0.844238 0.433594 0.0302734 0.0605469
0 0.801758 0.421875 0.0546875 0.0410156
0 0.34668 0.786133 0.0371094 0.0546875
0 0.258301 0.38623 0.0439453 0.0537109
0 0.482422 0.508301 0.0585938 0.0478516
0 0.756836 0.317871 0.0546875 0.0283203
0 0.382812 0.129395 0.0605469 0.0380859
0 0.826172 0.393066 0.0273438 0.0556641
0 0.408203 0.183105 0.0253906 0.0869141
0 0.690918 0.65332 0.0537109 0.0390625
0 0.714844 0.76416 0.046875 0.0380859
0 0.285645 0.765137 0.0439453 0.0400391
0 0.253906 0.731445 0.0429688 0.0429688
0 0.697754 0.307617 0.0400391 0.0449219
0 0.534668 0.930176 0.0458984 0.0380859
0 0.272461 0.685547 0.0410156 0.046875
0 0.713867 0.333984 0.046875 0.0605469
0 0.532227 0.803223 0.0429688 0.0380859
0 0.429688 0.240234 0.0371094 0.0527344
0 0.785156 0.699707 0.0371094 0.0576172
0 0.434082 0.620605 0.0283203 0.0634766
0 0.34082 0.754883 0.0214844 0.0585938
0 0.762695 0.695801 0.0273438 0.0654297
0 0.699219 0.620117 0.0488281 0.0488281
0 0.275391 0.578125 0.0390625 0.0566406
0 0.810059 0.292969 0.0419922 0.0527344
0 0.869141 0.413086 0.0292969 0.0585938
0 0.740723 0.715332 0.0498047 0.0458984
0 0.200195 0.602051 0.0488281 0.0341797
0 0.835449 0.644043 0.0302734 0.0673828
0 0.631348 0.587891 0.0380859 0.0546875
0 0.692383 0.924805 0.046875 0.0429688
0 0.554199 0.814453 0.0458984 0.0292969
0 0.777344 0.216797 0.0566406 0.0429688
0 0.724609 0.902344 0.0292969 0.0664062
0 0.759277 0.498535 0.0263672 0.0673828
0 0.175293 0.341309 0.0419922 0.0654297
0 0.382812 0.717773 0.0507812 0.03125
0 0.794922 0.3125 0.0292969 0.0449219
0 0.383789 0.752441 0.0429688 0.0517578
0 0.754883 0.763672 0.0234375 0.0585938
0 0.818848 0.769043 0.0283203 0.0615234
0 0.724609 0.294922 0.0449219 0.0449219
0 0.188965 0.393555 0.0341797 0.0585938
0 0.30127 0.742188 0.0458984 0.0507812
0 0.252441 0.330078 0.0380859 0.0644531
0 0.865723 0.34082 0.0595703 0.0625
0 0.320312 0.378418 0.0625 0.0693359
0 0.824707 0.265625 0.0419922 0.0546875
0 0.406738 0.896484 0.0498047 0.0488281
0 0.822266 0.654785 0.0410156 0.0634766
0 0.407227 0.83252 0.03125 0.0576172
0 0.228516 0.254883 0.0371094 0.0507812
0 0.557617 0.469238 0.0625 0.0634766
0 0.742676 0.630371 0.0341797 0.0595703
0 0.728027 0.257324 0.0576172 0.0419922
0 0.438477 0.779785 0.03125 0.0673828
0 0.248535 0.482422 0.0439453 0.0390625
0 0.726074 0.492676 0.0361328 0.0517578
0 0.649414 0.35791 0.0585938 0.0361328
0 0.254395 0.606445 0.0419922 0.0546875
0 0.446289 0.557129 0.046875 0.0400391
0 0.630371 0.614746 0.0537109 0.0517578
0 0.824219 0.535156 0.0351562 0.0585938
0 0.647949 0.818359 0.0595703 0.0449219
0 0.918945 0.622559 0.03125 0.0654297
0 0.521973 0.917969 0.0341797 0.0566406
0 0.414551 0.260742 0.0439453 0.0449219
0 0.546875 0.841797 0.0546875 0.046875
0 0.882812 0.320801 0.0332031 0.0693359
0 0.126953 0.438965 0.0332031 0.0673828
0 0.196777 0.708984 0.0419922 0.046875
0 0.14502 0.595703 0.0400391 0.0488281
0 0.272461 0.314453 0.0292969 0.0625
0 0.156738 0.333984 0.0400391 0.0605469
0 0.786621 0.667969 0.0537109 0.0410156
0 0.331055 0.490234 0.0585938 0.0390625
0 0.324219 0.643555 0.0429688 0.0507812
0 0.665039 0.859863 0.0507812 0.0458984
0 0.834473 0.60791 0.0419922 0.0419922
0 0.274414 0.646484 0.0449219 0.0371094
0 0.77832 0.493164 0.03125 0.0644531
0 0.73291 0.861328 0.0419922 0.0527344
0 0.599609 0.90332 0.0527344 0.0429688
0 0.30127 0.213379 0.0576172 0.0400391
0 0.294434 0.385742 0.0595703 0.0683594
0 0.841309 0.782715 0.0498047 0.0439453
0 0.241699 0.529297 0.0458984 0.0507812
0 0.345703 0.169434 0.0546875 0.0302734
0 0.378906 0.152832 0.0585938 0.0322266
0 0.798828 0.338379 0.0585938 0.0322266
0 0.481445 0.772461 0.0507812 0.0351562
0 0.794434 0.862793 0.0498047 0.0615234
0 0.858398 0.681152 0.0429688 0.0595703
0 0.79248 0.456055 0.0380859 0.0585938
0 0.405273 0.561035 0.0410156 0.0654297
0 0.866699 0.285645 0.0400391 0.0419922
0 0.664551 0.233887 0.0595703 0.0673828
0 0.824219 0.834473 0.03125 0.0654297
0 0.808594 0.217773 0.0546875 0.046875
0 0.803711 0.798828 0.03125 0.0722656
0 0.939941 0.652832 0.0322266 0.0751953
0 0.40918 0.733887 0.0566406 0.0322266
0 0.304688 0.705078 0.0488281 0.0429688
0 0.814453 0.480469 0.0566406 0.046875
0 0.84082 0.741699 0.0351562 0.0517578
0 0.371582 0.232422 0.0361328 0.0664062
0 0.335449 0.538574 0.0458984 0.0400391
0 0.956543 0.625 0.0341797 0.0839844
0 0.420898 0.819336 0.0273438 0.0625
0 0.665527 0.324219 0.0458984 0.0625
0 0.47168 0.28418 0.03125 0.0644531
0 0.333008 0.364258 0.0527344 0.0605469
0 0.138184 0.37793 0.0400391 0.0742188
0 0.231445 0.461914 0.0566406 0.0292969
0 0.757324 0.833984 0.0478516 0.046875
0 0.193359 0.51123 0.0507812 0.0380859
0 0.123047 0.500977 0.0566406 0.0332031
0 0.181152 0.236816 0.0498047 0.0654297
0 0.810547 0.524414 0.0332031 0.0703125
0 0.193359 0.652344 0.0273438 0.0683594
0 0.452637 0.893066 0.0478516 0.0380859
0 0.242676 0.425781 0.0537109 0.0449219
0 0.280762 0.506348 0.0380859 0.0634766
0 0.392578 0.790039 0.0488281 0.0429688
0 0.203125 0.569336 0.0273438 0.0605469
0 0.24707 0.758301 0.0449219 0.0380859
0 0.361816 0.693848 0.0283203 0.0634766
0 0.523438 0.309082 0.0488281 0.0751953
0 0.912109 0.32959 0.0410156 0.0771484
0 0.695312 0.524414 0.0605469 0.0351562
0 0.229492 0.132324 0.0429688 0.0732422
0 0.780273 0.536621 0.046875 0.0595703
0 0.722168 0.810547 0.0419922 0.0585938
0 0.336914 0.612793 0.0507812 0.0458984
0 0.234375 0.215332 0.0273438 0.0615234
0 0.670898 0.739258 0.0429688 0.0585938
0 0.605469 0.165039 0.078125 0.0527344
0 0.614746 0.196777 0.0927734 0.0537109
0 0.332031 0.576172 0.0429688 0.0527344
0 0.879883 0.630371 0.0585938 0.0458984
0 0.523438 0.565918 0.0527344 0.0498047
0 0.488281 0.688477 0.0390625 0.0664062
0 0.585449 0.80957 0.0498047 0.0507812
0 0.22168 0.363281 0.0410156 0.0683594
0 0.76709 0.791992 0.0556641 0.0507812
0 0.453613 0.273438 0.0283203 0.0742188
0 0.39209 0.54541 0.0478516 0.0693359
0 0.728516 0.360352 0.0371094 0.0566406
0 0.692383 0.497559 0.0585938 0.0458984
0 0.512695 0.652344 0.0429688 0.0664062
0 0.159668 0.262207 0.0380859 0.0732422
0 0.45752 0.631348 0.0380859 0.0634766
0 0.165527 0.0615234 0.0576172 0.0878906
0 0.336914 0.211426 0.0429688 0.0478516
0 0.886719 0.519043 0.0507812 0.0693359
0 0.217285 0.19043 0.0283203 0.0664062
0 0.872559 0.706055 0.0419922 0.0664062
0 0.63916 0.674805 0.0615234 0.0488281
0 0.101562 0.534668 0.0625 0.0380859
0 0.214844 0.626465 0.0449219 0.0595703
0 0.335449 0.703613 0.0263672 0.0576172
0 0.165039 0.192383 0.0332031 0.0683594
0 0.451172 0.469727 0.0527344 0.0546875
0 0.765625 0.401367 0.0527344 0.0507812
0 0.577148 0.445312 0.0429688 0.0664062
0 0.73291 0.409668 0.0322266 0.0732422
0 0.316406 0.236328 0.0527344 0.0351562
0 0.241699 0.290039 0.0361328 0.0644531
0 0.427734 0.161621 0.03125 0.0751953
0 0.478027 0.376953 0.0400391 0.078125
0 0.359863 0.813965 0.0302734 0.0654297
0 0.452637 0.229004 0.0458984 0.0576172
0 0.755859 0.461426 0.0585938 0.0517578
0 0.831055 0.941406 0.0625 0.0605469
0 0.194336 0.149902 0.0527344 0.0478516
0 0.614258 0.55127 0.0332031 0.0771484
0 0.297852 0.569336 0.0527344 0.0429688
0 0.691406 0.713867 0.0605469 0.0507812
0 0.684082 0.266602 0.0595703 0.0351562
0 0.845215 0.504883 0.0380859 0.0664062
0 0.213379 0.489746 0.0439453 0.0615234
0 0.513184 0.368652 0.0576172 0.0732422
0 0.276855 0.254395 0.0302734 0.0693359
0 0.356934 0.115723 0.0400391 0.0634766
0 0.789062 0.259277 0.0332031 0.0751953
0 0.545898 0.762695 0.046875 0.0625
0 0.788086 0.734863 0.0546875 0.0380859
0 0.508301 0.757812 0.0439453 0.0488281
0 0.637695 0.901367 0.0507812 0.0546875
0 0.661133 0.786621 0.0566406 0.0556641
0 0.442871 0.670898 0.0517578 0.0507812
0 0.597656 0.379395 0.0371094 0.0771484
0 0.578613 0.69873 0.0537109 0.0439453
0 0.711914 0.231445 0.0585938 0.0488281
0 0.441895 0.585938 0.0556641 0.0566406
0 0.548828 0.203613 0.0371094 0.0556641
0 0.523438 0.617188 0.0488281 0.0625
0 0.560547 0.888672 0.0566406 0.0410156
0 0.172363 0.681152 0.0302734 0.0693359
0 0.313965 0.0175781 0.0537109 0.0351562
0 0.339844 0.258789 0.0507812 0.0488281
0 0.27832 0.824219 0.0429688 0.0683594
0 0.871582 0.455078 0.0498047 0.0683594
0 0.495605 0.921387 0.0498047 0.0537109
0 0.759766 0.20166 0.0527344 0.0634766
0 0.608887 0.714844 0.0556641 0.0410156
0 0.32666 0.826172 0.0283203 0.0722656
0 0.901367 0.430664 0.0507812 0.0527344
0 0.526367 0.492188 0.0507812 0.0722656
0 0.394043 0.433594 0.0478516 0.0605469
0 0.61084 0.430664 0.0322266 0.0742188
0 0.674805 0.370605 0.0625 0.0439453
0 0.307617 0.824219 0.0253906 0.0761719
0 0.67334 0.608398 0.0595703 0.0351562
0 0.60791 0.635254 0.0361328 0.0751953
0 0.491211 0.466797 0.0488281 0.0722656
0 0.447754 0.119141 0.0537109 0.0585938
0 0.12207 0.279785 0.0546875 0.0576172
0 0.0541992 0.428223 0.0634766 0.0595703
0 0.710938 0.566406 0.0410156 0.0664062
0 0.469727 0.204102 0.0527344 0.0722656
0 0.575195 0.562012 0.0390625 0.0712891
0 0.512695 0.151855 0.0546875 0.0576172
0 0.922852 0.68457 0.03125 0.0664062
0 0.859375 0.248047 0.0605469 0.0527344
0 0.619629 0.253418 0.0458984 0.0732422
0 0.26709 0.169434 0.0517578 0.0419922
0 0.887695 0.75293 0.0507812 0.0664062
0 0.517578 0.219727 0.0605469 0.0605469
0 0.949219 0.318359 0.0488281 0.0820312
