0 0.734375 0.444336 0.0214844 0.0585938
0 0.730957 0.416016 0.0302734 0.0429688
0 0.709473 0.419922 0.0244141 0.0527344
0 0.745605 0.482422 0.0361328 0.0429688
0 0.47168 0.554688 0.0507812 0.0292969
0 0.685547 0.389648 0.0488281 0.03125
0 0.51123 0.563477 0.0361328 0.0214844
0 0.697266 0.365723 0.0488281 0.0341797
0 0.750488 0.443848 0.0263672 0.0693359
0 0.647461 0.654785 0.0332031 0.0498047
0 0.69873 0.253906 0.0322266 0.0566406
0 0.473145 0.571289 0.0517578 0.0273438
0 0.679199 0.654785 0.0458984 0.0322266
0 0.706543 0.292969 0.0302734 0.0703125
0 0.776367 0.402832 0.0507812 0.0615234
0 0.718262 0.391113 0.0517578 0.0263672
0 0.687988 0.559082 0.0439453 0.0556641
0 0.617676 0.673828 0.0380859 0.0507812
0 0.606934 0.632812 0.0498047 0.0371094
0 0.651367 0.6875 0.046875 0.0566406
0 0.720215 0.460449 0.0322266 0.0634766
0 0.416992 0.563477 0.0429688 0.0605469
0 0.425781 0.300781 0.0527344 0.0390625
0 0.48291 0.591309 0.0439453 0.0361328
0 0.689453 0.772461 0.0410156 0.03125
0 0.542969 0.267578 0.0390625 0.0742188
0 0.742676 0.551758 0.0478516 0.0546875
0 0.70459 0.459473 0.0283203 0.0517578
0 0.647461 0.544922 0.0371094 0.0625
0 0.770996 0.431641 0.0302734 0.0683594
0 0.436523 0.451172 0.0644531 0.0585938
0 0.408691 0.478516 0.0498047 0.0390625
0 0.642578 0.517578 0.0390625 0.0605469
0 0.652832 0.568848 0.0380859 0.0693359
0 0.623047 0.699219 0.0351562 0.0488281
0 0.522461 0.274902 0.0332031 0.0732422
0 0.570801 0.703613 0.0595703 0.0458984
0 0.726562 0.250977 0.0429688 0.0605469
0 0.604492 0.661133 0.0527344 0.046875
0 0.753906 0.530762 0.0488281 0.0537109
0 0.663574 0.616699 0.0263672 0.0615234
0 0.437012 0.568848 0.0439453 0.0537109
0 0.724121 0.334961 0.0322266 0.0683594
0 0.40918 0.452637 0.0390625 0.0498047
0 0.693848 0.496094 0.0537109 0.046875
0 0.688477 0.526367 0.0546875 0.0351562
0 0.413574 0.391113 0.0302734 0.0712891
0 0.632812 0.416016 0.0546875 0.0390625
0 0.648438 0.388672 0.0488281 0.0410156
0 0.68457 0.313477 0.0507812 0.046875
0 0.425293 0.19043 0.0595703 0.0488281
0 0.668457 0.24707 0.0556641 0.0644531
0 0.628418 0.601074 0.0380859 0.0654297
0 0.787598 0.338379 0.0380859 0.0712891
0 0.672852 0.282227 0.0507812 0.046875
0 0.741211 0.727051 0.03125 0.0810547
0 0.330566 0.309082 0.0537109 0.0498047
0 0.542969 0.556152 0.0507812 0.0341797
0 0.72168 0.691406 0.03125 0.0800781
0 0.715332 0.639648 0.0458984 0.0488281
0 0.806641 0.413086 0.0410156 0.0820312
0 0.474121 0.624512 0.0498047 0.0537109
0 0.509277 0.621582 0.0341797 0.0712891
0 0.420898 0.503906 0.0507812 0.03125
0 0.525879 0.428711 0.0419922 0.0683594
0 0.622559 0.821289 0.0517578 0.0546875
0 0.493164 0.423828 0.0410156 0.0585938
0 0.48291 0.541992 0.0537109 0.0332031
0 0.466309 0.652832 0.0458984 0.0537109
0 0.49707 0.525879 0.0488281 0.0361328
0 0.597656 0.755371 0.0332031 0.0654297
0 0.170898 0.72168 0.0488281 0.0664062
0 0.61377 0.798828 0.0322266 0.0488281
0 0.703125 0.739746 0.0351562 0.0751953
0 0.360352 0.453613 0.0449219 0.0556641
0 0.549805 0.644531 0.0351562 0.0625
0 0.581055 0.805664 0.046875 0.0507812
0 0.462402 0.794922 0.0537109 0.046875
