0 0.964844 0.019043 0.0234375 0.0380859
0 0.850098 0.0332031 0.0302734 0.0117188
0 0.656738 0.00976562 0.0361328 0.0195312
0 0.520508 0.404785 0.0136719 0.0419922
0 0.313477 0.607422 0.0136719 0.0390625
0 0.467773 0.48584 0.0214844 0.0634766
0 0.468262 0.42334 0.0400391 0.0576172
0 0.40625 0.482422 0.0195312 0.046875
0 0.533203 0.500977 0.0234375 0.0566406
0 0.26416 0.209961 0.0205078 0.0507812
0 0.496094 0.570312 0.0234375 0.0585938
0 0.489746 0.516113 0.0322266 0.0439453
0 0.443359 0.362793 0.0429688 0.0322266
0 0.432617 0.47168 0.0390625 0.0703125
0 0.438477 0.567383 0.0371094 0.0410156
0 0.537109 0.608398 0.046875 0.0527344
0 0.378906 0.327637 0.0273438 0.0576172
0 0.529785 0.56543 0.0419922 0.0332031
0 0.719238 0.261719 0.0380859 0.0273438
0 0.454102 0.536133 0.046875 0.0449219
0 0.663574 0.655273 0.0283203 0.0566406
0 0.559082 0.475586 0.0283203 0.0546875
0 0.645508 0.749023 0.0292969 0.0761719
