0 0.666504 0.427734 0.0751953 0.0566406
0 0.834473 0.588379 0.0419922 0.0615234
0 0.910645 0.431152 0.0576172 0.0615234
0 0.724121 0.503906 0.0771484 0.0488281
0 0.893555 0.36084 0.0546875 0.0986328
0 0.824219 0.374512 0.107422 0.0517578
0 0.29248 0.387695 0.0830078 0.0898438
0 0.816406 0.503418 0.0527344 0.0791016
0 0.867188 0.472168 0.0449219 0.0810547
0 0.666504 0.716797 0.0869141 0.0410156
0 0.45166 0.665039 0.0576172 0.105469
0 0.833984 0.30957 0.0390625 0.0820312
0 0.738281 0.651367 0.109375 0.0507812
0 0.683105 0.562012 0.0908203 0.0654297
0 0.607422 0.692383 0.0957031 0.0429688
0 0.519043 0.678223 0.0791016 0.0673828
0 0.631348 0.733887 0.104492 0.0419922
0 0.565918 0.632812 0.0830078 0.0664062
0 0.478516 0.554199 0.0878906 0.0888672
0 0.508789 0.708496 0.0800781 0.0947266
0 0.646973 0.637207 0.0595703 0.0771484
