0 0.714844 0.59668 0.0332031 0.0566406
0 0.317383 0.512695 0.0292969 0.03125
0 0.618164 0.334961 0.0175781 0.0332031
0 0.514648 0.65918 0.0507812 0.0273438
0 0.447266 0.737793 0.0488281 0.0380859
0 0.310059 0.488281 0.0478516 0.0332031
0 0.740234 0.606934 0.0761719 0.0322266
0 0.546875 0.70752 0.0429688 0.0361328
0 0.512207 0.398438 0.0615234 0.03125
0 0.368164 0.624023 0.0273438 0.0273438
0 0.736328 0.532715 0.0410156 0.0537109
0 0.607422 0.662598 0.0683594 0.0439453
0 0.407227 0.489746 0.0664062 0.0380859
0 0.659668 0.738281 0.0478516 0.0371094
0 0.647461 0.666992 0.0625 0.0507812
0 0.380859 0.412598 0.0371094 0.0322266
0 0.369629 0.524414 0.0439453 0.0410156
0 0.37793 0.600586 0.0742188 0.0234375
0 0.786621 0.403809 0.0576172 0.0458984
0 0.505859 0.615234 0.0800781 0.0273438
0 0.746582 0.514648 0.0478516 0.0761719
0 0.777344 0.451172 0.0546875 0.0371094
0 0.45166 0.478516 0.0947266 0.0234375
0 0.516602 0.709473 0.03125 0.0615234
0 0.666016 0.622559 0.0703125 0.0361328
0 0.710938 0.637207 0.0859375 0.0283203
0 0.337402 0.566895 0.0498047 0.0556641
0 0.537598 0.768066 0.0615234 0.0869141
0 0.638184 0.506348 0.0771484 0.0205078
0 0.53125 0.496582 0.0488281 0.0341797
0 0.668457 0.499023 0.0478516 0.0488281
0 0.22998 0.717773 0.0830078 0.0234375
0 0.562988 0.465332 0.0400391 0.0439453
0 0.722656 0.392578 0.0898438 0.0351562
0 0.396484 0.567383 0.0761719 0.0234375
0 0.238281 0.740234 0.0742188 0.0273438
0 0.430176 0.647949 0.0732422 0.0263672
0 0.736328 0.592285 0.0722656 0.0439453
0 0.600098 0.473633 0.0458984 0.0566406
0 0.353516 0.663574 0.0800781 0.0244141
0 0.453125 0.780762 0.0253906 0.0654297
0 0.177734 0.599609 0.0703125 0.0292969
0 0.244141 0.646973 0.0683594 0.0380859
0 0.631348 0.749512 0.0439453 0.0732422
0 0.415039 0.73877 0.0683594 0.0517578
0 0.584961 0.746094 0.0703125 0.046875
0 0.493652 0.670898 0.0244141 0.0546875
0 0.292969 0.601074 0.0390625 0.0556641
0 0.576172 0.635254 0.0351562 0.0634766
0 0.700195 0.493652 0.03125 0.0595703
0 0.472168 0.624512 0.0751953 0.0400391
0 0.342285 0.469727 0.0615234 0.0332031
0 0.294434 0.531738 0.0478516 0.0458984
0 0.491211 0.508301 0.0488281 0.0380859
0 0.397949 0.628906 0.0498047 0.0488281
0 0.321289 0.702637 0.0566406 0.0400391
0 0.40918 0.585938 0.0722656 0.0234375
0 0.465332 0.463867 0.0771484 0.0175781
0 0.786133 0.554688 0.0351562 0.0527344
0 0.154785 0.637207 0.0595703 0.0419922
0 0.722168 0.553223 0.0791016 0.0400391
0 0.601562 0.592773 0.0507812 0.0546875
0 0.617188 0.634766 0.0507812 0.0410156
0 0.285156 0.498047 0.0507812 0.046875
0 0.652344 0.525391 0.0761719 0.0234375
0 0.747559 0.731934 0.0751953 0.0615234
0 0.205078 0.790039 0.0527344 0.0820312
0 0.367676 0.495117 0.0791016 0.0273438
0 0.344238 0.349609 0.0458984 0.0664062
0 0.709473 0.327637 0.0849609 0.0263672
0 0.591309 0.434082 0.0576172 0.0517578
0 0.647949 0.467285 0.0712891 0.0205078
0 0.398926 0.706543 0.0458984 0.0576172
0 0.54834 0.653809 0.0361328 0.0595703
0 0.61084 0.543945 0.0712891 0.0410156
0 0.592773 0.236328 0.078125 0.0390625
0 0.533203 0.424316 0.0703125 0.0361328
0 0.754883 0.442871 0.0507812 0.0537109
0 0.672363 0.780762 0.0654297 0.0458984
0 0.501465 0.45166 0.0771484 0.0205078
0 0.264648 0.365723 0.0234375 0.0537109
0 0.350098 0.535156 0.0400391 0.0507812
0 0.226562 0.600098 0.0683594 0.0439453
0 0.464844 0.513672 0.046875 0.046875
0 0.68457 0.575684 0.0683594 0.0419922
0 0.509766 0.557617 0.0722656 0.0175781
0 0.495605 0.539551 0.0732422 0.0185547
0 0.230469 0.680664 0.0585938 0.0507812
0 0.783203 0.303223 0.0878906 0.0615234
0 0.648438 0.304688 0.0351562 0.0566406
0 0.414062 0.400391 0.078125 0.0390625
0 0.627441 0.287109 0.0400391 0.0585938
0 0.515625 0.596191 0.0800781 0.0322266
0 0.612793 0.407715 0.0517578 0.0517578
0 0.675293 0.248535 0.0380859 0.0615234
0 0.163086 0.498047 0.0566406 0.0449219
0 0.310059 0.449219 0.0478516 0.0449219
0 0.228516 0.516602 0.0273438 0.0585938
0 0.779297 0.367676 0.0683594 0.0458984
0 0.727539 0.773438 0.0585938 0.0527344
0 0.272949 0.299316 0.0224609 0.0478516
0 0.254883 0.525391 0.0351562 0.0605469
0 0.234375 0.339355 0.0839844 0.0302734
0 0.811035 0.227051 0.0732422 0.0361328
0 0.522461 0.311035 0.0449219 0.0537109
0 0.566895 0.191895 0.0361328 0.0537109
0 0.552734 0.516113 0.0449219 0.0517578
0 0.295898 0.758301 0.0410156 0.0615234
0 0.210938 0.64209 0.0683594 0.0439453
0 0.826172 0.254883 0.0703125 0.0292969
0 0.416504 0.443359 0.0869141 0.0351562
0 0.62793 0.368164 0.0410156 0.0566406
0 0.24707 0.437988 0.0625 0.0361328
0 0.43457 0.26416 0.0371094 0.0556641
0 0.158203 0.541016 0.0742188 0.03125
0 0.578125 0.361328 0.0351562 0.0585938
0 0.660645 0.419434 0.0576172 0.0458984
0 0.445801 0.346191 0.0771484 0.0361328
0 0.821777 0.45459 0.0693359 0.0302734
0 0.40332 0.371582 0.0683594 0.0400391
0 0.351562 0.442871 0.0644531 0.0439453
0 0.902832 0.453125 0.0732422 0.0371094
0 0.493652 0.34375 0.0693359 0.0449219
0 0.580078 0.288086 0.0625 0.0449219
0 0.320801 0.284668 0.0478516 0.0517578
0 0.686523 0.205566 0.0742188 0.0458984
