0 0.490234 0.484863 0.0214844 0.0361328
0 0.635254 0.696289 0.0185547 0.0390625
0 0.529297 0.504395 0.0195312 0.0556641
0 0.272461 0.432129 0.0742188 0.0341797
0 0.724121 0.554199 0.0458984 0.0576172
0 0.692383 0.826172 0.0117188 0.0351562
0 0.519531 0.403809 0.0390625 0.0380859
0 0.521973 0.689941 0.0439453 0.0400391
0 0.222656 0.50293 0.0371094 0.0722656
0 0.490234 0.663086 0.0351562 0.0390625
0 0.46582 0.618652 0.0253906 0.0517578
0 0.444824 0.699219 0.0595703 0.0214844
0 0.461914 0.587891 0.0507812 0.0273438
0 0.378418 0.466797 0.0556641 0.0332031
0 0.525879 0.460449 0.0478516 0.0576172
0 0.667969 0.571289 0.046875 0.046875
0 0.553711 0.695801 0.0234375 0.0693359
