0 0.336426 0.441895 0.0341797 0.0302734
0 0.165039 0.847656 0.0292969 0.0800781
0 0.41748 0.706543 0.0380859 0.0615234
0 0.540527 0.547852 0.0439453 0.03125
0 0.494141 0.59375 0.0429688 0.0664062
0 0.511719 0.831543 0.03125 0.0791016
0 0.295898 0.33252 0.0625 0.0400391
0 0.34668 0.755859 0.0449219 0.046875
0 0.404297 0.850586 0.03125 0.0625
0 0.555176 0.520996 0.0517578 0.0419922
0 0.219727 0.474121 0.0527344 0.0498047
0 0.478027 0.878906 0.0458984 0.0332031
0 0.382324 0.841797 0.0419922 0.0527344
0 0.392578 0.463867 0.0351562 0.0683594
0 0.265625 0.727539 0.0351562 0.0742188
0 0.392578 0.593262 0.0371094 0.0654297
0 0.591309 0.50293 0.0419922 0.0546875
0 0.405273 0.403809 0.0371094 0.0654297
0 0.544922 0.371094 0.0371094 0.0761719
0 0.603027 0.681152 0.0498047 0.0478516
0 0.449219 0.473145 0.0371094 0.0654297
0 0.62793 0.740234 0.0566406 0.0527344
