0 0.643066 0.540527 0.0224609 0.0380859
0 0.731445 0.598145 0.0195312 0.0166016
0 0.537109 0.449219 0.0195312 0.0136719
0 0.401855 0.623535 0.0205078 0.0244141
0 0.557617 0.476562 0.0214844 0.0371094
0 0.519043 0.635742 0.0244141 0.0175781
0 0.40332 0.607422 0.0117188 0.0273438
0 0.580078 0.543457 0.0195312 0.0205078
0 0.448242 0.620605 0.00976562 0.0400391
0 0.574707 0.564453 0.0263672 0.0214844
0 0.529297 0.616699 0.0214844 0.0244141
0 0.299316 0.565918 0.0224609 0.0126953
0 0.664551 0.503906 0.0263672 0.0351562
0 0.62793 0.53418 0.0195312 0.0234375
0 0.672363 0.630859 0.0126953 0.0351562
0 0.447266 0.399902 0.03125 0.0322266
0 0.517578 0.5 0.0195312 0.03125
