0 0.484375 0.644043 0.0136719 0.0322266
0 0.530273 0.37793 0.0136719 0.0273438
0 0.373047 0.663086 0.0234375 0.0214844
0 0.577637 0.536621 0.00878906 0.0380859
0 0.377441 0.399902 0.0205078 0.0322266
0 0.394531 0.616211 0.00976562 0.0351562
0 0.493652 0.443359 0.0185547 0.0253906
0 0.571777 0.59668 0.0126953 0.0332031
0 0.557129 0.621094 0.0166016 0.03125
0 0.525391 0.402344 0.015625 0.0351562
0 0.480469 0.593262 0.015625 0.0302734
0 0.515625 0.367676 0.015625 0.0224609
0 0.40332 0.713379 0.00976562 0.0361328
0 0.538086 0.381836 0.0136719 0.0351562
0 0.533203 0.566406 0.015625 0.015625
0 0.360352 0.584961 0.0214844 0.0332031
0 0.408203 0.692871 0.0117188 0.0322266
0 0.636719 0.658203 0.0195312 0.046875
0 0.433594 0.632324 0.0234375 0.0224609
0 0.538574 0.53418 0.0166016 0.0214844
0 0.467773 0.664062 0.0175781 0.0234375
0 0.523438 0.649902 0.0234375 0.0224609
0 0.382812 0.637695 0.0195312 0.0136719
0 0.569336 0.620605 0.0136719 0.0380859
0 0.492188 0.64209 0.015625 0.0322266
0 0.554199 0.654297 0.0126953 0.0390625
0 0.394043 0.32959 0.0185547 0.0185547
0 0.434082 0.547852 0.0166016 0.0410156
0 0.335449 0.519531 0.0185547 0.0195312
0 0.543945 0.632812 0.0117188 0.0429688
0 0.536621 0.681641 0.0205078 0.0332031
0 0.338867 0.596191 0.015625 0.0419922
0 0.580078 0.485352 0.0195312 0.0195312
0 0.54248 0.708984 0.0185547 0.03125
0 0.447266 0.402344 0.0214844 0.0253906
0 0.536133 0.644531 0.0175781 0.0292969
0 0.533203 0.583008 0.015625 0.0253906
0 0.509766 0.416016 0.0234375 0.0234375
0 0.530762 0.599609 0.0146484 0.0351562
0 0.501465 0.607422 0.0107422 0.0429688
0 0.506836 0.585938 0.0175781 0.03125
0 0.464844 0.375977 0.0195312 0.0253906
0 0.546875 0.587891 0.015625 0.0351562
0 0.514648 0.388184 0.0214844 0.0224609
0 0.497559 0.751465 0.0205078 0.0380859
0 0.589844 0.373047 0.015625 0.0332031
0 0.551758 0.472656 0.0214844 0.03125
0 0.472656 0.386719 0.0175781 0.03125
0 0.47168 0.351562 0.0214844 0.0273438
0 0.451172 0.683594 0.0214844 0.0234375
0 0.517578 0.725586 0.0214844 0.0214844
