0 0.14502 0.43457 0.0341797 0.0273438
0 0.185059 0.78418 0.0419922 0.0214844
0 0.724121 0.183594 0.0478516 0.0273438
0 0.683594 0.724609 0.0410156 0.0332031
0 0.818359 0.744629 0.0234375 0.0478516
0 0.441406 0.44043 0.0351562 0.0410156
0 0.428711 0.0498047 0.0429688 0.0371094
0 0.381836 0.380859 0.0488281 0.0175781
0 0.688477 0.389648 0.0410156 0.0292969
0 0.412109 0.081543 0.0390625 0.0322266
0 0.227539 0.305664 0.0410156 0.0371094
0 0.305176 0.651367 0.0517578 0.0214844
0 0.576172 0.728516 0.0507812 0.0273438
0 0.431152 0.782715 0.0439453 0.0751953
0 0.385742 0.535156 0.0488281 0.0253906
0 0.262207 0.14209 0.0419922 0.0224609
0 0.774414 0.412109 0.0214844 0.0351562
0 0.286133 0.384766 0.046875 0.0214844
0 0.847656 0.333008 0.0429688 0.0214844
0 0.567383 0.474121 0.0566406 0.0341797
0 0.768555 0.625 0.0488281 0.03125
0 0.58252 0.667969 0.0458984 0.0585938
0 0.667969 0.405273 0.0390625 0.0214844
0 0.71582 0.898438 0.0332031 0.0390625
0 0.15332 0.638672 0.0351562 0.03125
0 0.0981445 0.453613 0.0439453 0.0380859
0 0.225098 0.87207 0.0478516 0.0332031
0 0.80957 0.355469 0.0449219 0.0175781
0 0.224609 0.541504 0.0488281 0.0263672
0 0.823242 0.203613 0.0214844 0.0380859
0 0.423828 0.650879 0.0527344 0.0341797
0 0.90625 0.474121 0.046875 0.0263672
0 0.490723 0.932617 0.0361328 0.0410156
0 0.338867 0.5 0.0292969 0.0390625
0 0.694824 0.427246 0.0361328 0.0302734
0 0.469238 0.293945 0.0361328 0.0332031
0 0.145508 0.311523 0.0234375 0.0371094
