0 0.473145 0.612305 0.0283203 0.0410156
0 0.416016 0.626953 0.03125 0.0410156
0 0.586914 0.805176 0.0273438 0.0537109
0 0.416992 0.339355 0.0332031 0.0341797
0 0.503418 0.151855 0.0244141 0.0361328
0 0.481934 0.699219 0.0166016 0.0585938
0 0.37207 0.45752 0.0234375 0.0634766
0 0.605469 0.433105 0.0195312 0.0458984
0 0.361328 0.581055 0.0253906 0.046875
0 0.426758 0.370605 0.0175781 0.0517578
0 0.511719 0.128418 0.0253906 0.0537109
0 0.378418 0.479492 0.0263672 0.0410156
0 0.437012 0.62793 0.0224609 0.0527344
0 0.608398 0.629883 0.0214844 0.0605469
0 0.458496 0.194336 0.0302734 0.0410156
0 0.404297 0.345215 0.0195312 0.0498047
0 0.447754 0.665039 0.0322266 0.0449219
0 0.474609 0.708008 0.015625 0.0566406
0 0.445801 0.354004 0.0361328 0.0380859
0 0.470703 0.200195 0.0195312 0.0527344
0 0.454102 0.606445 0.0214844 0.0546875
0 0.643555 0.567383 0.0175781 0.0566406
0 0.495605 0.744629 0.0185547 0.0576172
0 0.587891 0.362793 0.0195312 0.0458984
0 0.604492 0.674316 0.03125 0.0244141
0 0.466309 0.69043 0.0224609 0.0605469
0 0.583984 0.779297 0.0253906 0.0429688
0 0.613281 0.483887 0.0234375 0.0439453
0 0.392578 0.389648 0.0195312 0.0605469
0 0.361816 0.457031 0.0263672 0.0703125
0 0.580078 0.48291 0.0273438 0.0517578
0 0.579102 0.399902 0.0332031 0.0302734
0 0.416504 0.376953 0.0205078 0.0585938
0 0.35498 0.638672 0.0224609 0.0527344
0 0.611816 0.557129 0.0263672 0.0693359
0 0.467285 0.522949 0.0205078 0.0537109
0 0.462891 0.336914 0.0332031 0.0332031
0 0.53418 0.659668 0.0332031 0.0458984
0 0.589844 0.734863 0.0195312 0.0517578
0 0.421875 0.45166 0.0195312 0.0595703
0 0.441895 0.439453 0.0302734 0.0488281
0 0.666504 0.575195 0.0341797 0.0410156
0 0.6875 0.566406 0.0351562 0.0351562
0 0.556152 0.321777 0.0205078 0.0556641
0 0.516113 0.200684 0.0283203 0.0322266
0 0.54248 0.314453 0.0166016 0.0605469
0 0.567383 0.25293 0.0253906 0.0488281
0 0.680664 0.539062 0.0292969 0.0507812
0 0.591797 0.661133 0.015625 0.0605469
0 0.486816 0.206055 0.0244141 0.0488281
0 0.469727 0.385254 0.0234375 0.0615234
0 0.582031 0.667969 0.0195312 0.0625
0 0.592285 0.443359 0.0283203 0.0351562
0 0.619141 0.474609 0.0273438 0.0410156
0 0.396484 0.650391 0.0234375 0.0429688
0 0.575195 0.442383 0.0214844 0.0546875
0 0.494141 0.700684 0.0214844 0.0634766
0 0.438965 0.191406 0.0322266 0.03125
0 0.604492 0.645508 0.0214844 0.0605469
0 0.520508 0.120605 0.0332031 0.0400391
0 0.570312 0.292969 0.03125 0.0351562
0 0.44873 0.526855 0.0322266 0.0341797
0 0.483398 0.634766 0.0351562 0.0351562
0 0.474609 0.753906 0.03125 0.0429688
0 0.474609 0.539062 0.03125 0.0429688
0 0.362793 0.62793 0.0244141 0.0449219
0 0.464355 0.31543 0.0322266 0.0449219
0 0.510742 0.776855 0.0214844 0.0712891
0 0.375 0.742188 0.0273438 0.0722656
0 0.533691 0.571289 0.0224609 0.0644531
0 0.449219 0.565918 0.015625 0.0595703
0 0.568359 0.276367 0.03125 0.0429688
0 0.618164 0.589844 0.0214844 0.0507812
0 0.672852 0.792969 0.0214844 0.0546875
0 0.459961 0.244141 0.0175781 0.0546875
0 0.401855 0.671875 0.0341797 0.0351562
0 0.623047 0.359375 0.0292969 0.0390625
0 0.643066 0.615234 0.0263672 0.0429688
0 0.463867 0.645508 0.0292969 0.0410156
0 0.486328 0.331543 0.0195312 0.0634766
0 0.606445 0.714844 0.0332031 0.0351562
0 0.584961 0.571289 0.0253906 0.0644531
0 0.560547 0.42334 0.03125 0.0341797
0 0.541992 0.196289 0.0253906 0.0273438
0 0.59668 0.46582 0.0292969 0.0371094
0 0.39209 0.754883 0.0341797 0.0371094
0 0.579102 0.352539 0.0273438 0.0488281
0 0.51123 0.583984 0.0244141 0.0585938
0 0.460449 0.167969 0.0263672 0.0390625
0 0.615234 0.428711 0.0234375 0.0449219
0 0.536621 0.632812 0.0400391 0.0410156
0 0.574219 0.751953 0.0234375 0.0527344
0 0.644043 0.236328 0.0244141 0.0605469
0 0.666504 0.604492 0.0322266 0.0371094
0 0.688477 0.669922 0.0371094 0.0351562
0 0.392578 0.455566 0.0273438 0.0341797
0 0.56543 0.389648 0.0351562 0.03125
0 0.595703 0.513184 0.0332031 0.0302734
0 0.760742 0.501953 0.0214844 0.0625
0 0.446777 0.508301 0.0341797 0.0380859
0 0.371094 0.675293 0.0195312 0.0537109
0 0.442383 0.396973 0.0214844 0.0595703
0 0.627441 0.519531 0.0302734 0.0449219
0 0.637207 0.645508 0.0341797 0.0371094
0 0.410156 0.442383 0.0175781 0.0644531
0 0.57959 0.712891 0.0283203 0.0507812
0 0.381348 0.38623 0.0244141 0.0654297
0 0.477539 0.153809 0.0195312 0.0517578
0 0.362305 0.505371 0.0332031 0.0361328
0 0.415527 0.53418 0.0224609 0.0546875
0 0.623047 0.338379 0.03125 0.0361328
0 0.48584 0.498047 0.0263672 0.0546875
0 0.422852 0.73877 0.0351562 0.0341797
0 0.416504 0.59668 0.0361328 0.0351562
0 0.603027 0.384766 0.0361328 0.0410156
0 0.602539 0.34082 0.0175781 0.0585938
0 0.506836 0.851562 0.0292969 0.0546875
0 0.636719 0.206055 0.0214844 0.0644531
0 0.529785 0.241699 0.0263672 0.0576172
0 0.413086 0.702148 0.0292969 0.0488281
0 0.435059 0.557129 0.0224609 0.0498047
0 0.553223 0.747559 0.0224609 0.0615234
0 0.387207 0.510742 0.0205078 0.0644531
0 0.523438 0.541992 0.0273438 0.0625
0 0.680664 0.703125 0.0332031 0.0390625
0 0.602539 0.296875 0.0253906 0.0566406
0 0.444336 0.134766 0.0371094 0.046875
0 0.319824 0.835938 0.0361328 0.0625
0 0.69873 0.535156 0.0205078 0.0605469
0 0.497559 0.466797 0.0244141 0.0585938
0 0.632812 0.755859 0.0273438 0.0683594
0 0.520508 0.167969 0.0253906 0.046875
0 0.578613 0.323242 0.0302734 0.0527344
0 0.397461 0.262207 0.0253906 0.0595703
0 0.423828 0.494629 0.0351562 0.0380859
0 0.402344 0.318359 0.0351562 0.0332031
0 0.651855 0.426758 0.0263672 0.0683594
0 0.516602 0.418945 0.0253906 0.0527344
0 0.439453 0.28125 0.0273438 0.046875
0 0.338867 0.567383 0.0214844 0.0566406
0 0.685059 0.623047 0.0224609 0.0664062
0 0.75 0.460938 0.03125 0.0664062
0 0.672852 0.960938 0.0292969 0.0585938
0 0.425781 0.158691 0.0332031 0.0361328
0 0.444824 0.24707 0.0263672 0.0527344
0 0.602539 0.213867 0.0332031 0.0585938
0 0.541016 0.395508 0.0234375 0.0546875
0 0.551758 0.917969 0.0371094 0.0410156
0 0.638672 0.850586 0.0332031 0.0527344
0 0.600586 0.844727 0.0332031 0.0566406
0 0.601074 0.0722656 0.0322266 0.0507812
0 0.550781 0.697266 0.0351562 0.0429688
