0 0.292969 0.512695 0.0136719 0.0253906
0 0.560547 0.605957 0.00976562 0.0244141
0 0.595215 0.48877 0.00683594 0.0244141
0 0.413574 0.443359 0.0126953 0.0292969
0 0.435547 0.537109 0.0078125 0.0234375
0 0.506348 0.503418 0.0185547 0.0146484
0 0.600098 0.522949 0.0205078 0.0107422
0 0.396484 0.474609 0.0078125 0.0214844
0 0.189453 0.56543 0.0214844 0.0195312
0 0.420898 0.665527 0.0136719 0.0263672
0 0.589844 0.637695 0.0117188 0.0332031
0 0.381348 0.470215 0.0205078 0.0166016
0 0.330078 0.511719 0.00976562 0.0214844
0 0.350586 0.609863 0.00976562 0.0283203
0 0.322266 0.533691 0.0078125 0.0224609
0 0.597168 0.575195 0.0185547 0.0136719
0 0.370117 0.617188 0.0078125 0.0234375
0 0.40918 0.689453 0.0195312 0.0195312
0 0.351074 0.453125 0.00878906 0.0234375
0 0.484863 0.591309 0.0185547 0.0205078
0 0.482422 0.482422 0.0175781 0.0214844
0 0.238281 0.515625 0.0175781 0.00976562
0 0.255371 0.521973 0.0224609 0.0146484
0 0.40625 0.700195 0.0175781 0.015625
0 0.647949 0.389648 0.0107422 0.0371094
0 0.52002 0.530762 0.00878906 0.0224609
0 0.506836 0.509277 0.0195312 0.0126953
0 0.332031 0.546875 0.00976562 0.0195312
0 0.364746 0.443848 0.0166016 0.0146484
0 0.508301 0.399414 0.0166016 0.0175781
0 0.452637 0.676758 0.0126953 0.0253906
0 0.23584 0.534668 0.0126953 0.0263672
0 0.366699 0.629395 0.0166016 0.0166016
0 0.362793 0.527344 0.0146484 0.0136719
0 0.453613 0.648438 0.0224609 0.00976562
0 0.434082 0.561523 0.0205078 0.0136719
0 0.556641 0.521973 0.0117188 0.0283203
0 0.644531 0.349609 0.00976562 0.0253906
0 0.477539 0.501465 0.0175781 0.0166016
0 0.40918 0.429199 0.0117188 0.0224609
0 0.496582 0.668457 0.0166016 0.0205078
0 0.402344 0.461914 0.0136719 0.0195312
0 0.400879 0.446289 0.0185547 0.0117188
0 0.371094 0.599609 0.0214844 0.0214844
0 0.266602 0.808594 0.0175781 0.0410156
0 0.570312 0.48584 0.0117188 0.0205078
0 0.447754 0.527344 0.0185547 0.0214844
0 0.373047 0.433594 0.015625 0.0253906
0 0.448242 0.43457 0.0117188 0.0234375
0 0.355469 0.47998 0.0136719 0.0185547
0 0.461426 0.611328 0.0185547 0.0175781
0 0.587891 0.505859 0.0136719 0.0253906
0 0.413574 0.410156 0.00683594 0.0234375
0 0.59082 0.355469 0.0253906 0.0195312
0 0.33252 0.528809 0.0107422 0.0205078
0 0.480469 0.554688 0.00976562 0.0351562
0 0.608398 0.689941 0.0175781 0.0166016
0 0.541016 0.584961 0.0136719 0.0214844
0 0.250488 0.484863 0.0205078 0.0146484
0 0.563477 0.46875 0.0214844 0.0117188
0 0.469727 0.566895 0.0117188 0.0185547
0 0.585449 0.457031 0.0205078 0.0195312
0 0.395508 0.624512 0.00976562 0.0244141
0 0.376953 0.496094 0.015625 0.0214844
0 0.506348 0.42627 0.0205078 0.0166016
0 0.455566 0.550293 0.00878906 0.0244141
0 0.405762 0.505859 0.0185547 0.0117188
0 0.44043 0.452637 0.0175781 0.0224609
0 0.439941 0.626465 0.0166016 0.0107422
0 0.617676 0.50293 0.0126953 0.0234375
0 0.433105 0.671875 0.0126953 0.0214844
0 0.199219 0.522949 0.0175781 0.0263672
0 0.58252 0.529297 0.0146484 0.0136719
0 0.365234 0.651855 0.0214844 0.0146484
0 0.311523 0.546387 0.00976562 0.0244141
0 0.48291 0.527344 0.0224609 0.0195312
0 0.450684 0.57666 0.0166016 0.0146484
0 0.574707 0.546875 0.0166016 0.0136719
0 0.294434 0.675781 0.0224609 0.0214844
0 0.44043 0.681152 0.015625 0.0185547
0 0.422363 0.699707 0.0146484 0.0263672
0 0.458008 0.453125 0.00976562 0.0253906
0 0.491211 0.419434 0.0195312 0.0146484
0 0.543945 0.510742 0.0136719 0.0117188
0 0.157227 0.507812 0.015625 0.0117188
0 0.610352 0.537109 0.0253906 0.0214844
0 0.40625 0.408691 0.0136719 0.0224609
0 0.427734 0.421875 0.0117188 0.0214844
0 0.532715 0.547852 0.00878906 0.03125
0 0.517578 0.393066 0.015625 0.0185547
0 0.597656 0.516602 0.0195312 0.0136719
0 0.445801 0.414062 0.0166016 0.0136719
0 0.40332 0.272949 0.0117188 0.0263672
0 0.699219 0.526855 0.0175781 0.0302734
0 0.584473 0.560547 0.0146484 0.0234375
0 0.563477 0.586914 0.0136719 0.0253906
0 0.441895 0.700195 0.0146484 0.0195312
0 0.351562 0.502441 0.0078125 0.0205078
0 0.460938 0.499023 0.0214844 0.0175781
0 0.44043 0.504883 0.015625 0.0117188
0 0.618164 0.344238 0.0273438 0.0185547
0 0.468262 0.639648 0.0185547 0.0136719
0 0.32666 0.505859 0.0126953 0.0214844
0 0.228516 0.507812 0.0117188 0.0214844
0 0.602539 0.505859 0.0195312 0.0117188
0 0.347656 0.640625 0.0214844 0.0136719
0 0.541016 0.608398 0.00976562 0.0292969
0 0.235352 0.487793 0.015625 0.0244141
0 0.512695 0.615723 0.0136719 0.0205078
0 0.587891 0.537598 0.0117188 0.0205078
0 0.680664 0.583984 0.015625 0.0292969
0 0.478516 0.410645 0.0175781 0.0205078
0 0.417969 0.395508 0.0195312 0.0136719
0 0.546875 0.495605 0.015625 0.0146484
0 0.504883 0.647461 0.0175781 0.0175781
0 0.542969 0.68457 0.0195312 0.015625
0 0.473633 0.669922 0.0214844 0.0195312
0 0.52002 0.547852 0.0126953 0.0175781
0 0.583984 0.657227 0.0175781 0.015625
0 0.25 0.540039 0.0175781 0.0195312
0 0.620605 0.598145 0.0126953 0.0244141
0 0.607422 0.661621 0.0175781 0.0263672
0 0.410645 0.532227 0.0224609 0.015625
0 0.550781 0.566895 0.0175781 0.0185547
0 0.165527 0.57666 0.0205078 0.0166016
0 0.299805 0.527344 0.0175781 0.0175781
0 0.611816 0.454102 0.0185547 0.015625
0 0.447266 0.618652 0.0175781 0.0107422
0 0.270508 0.524414 0.0195312 0.015625
0 0.371094 0.522949 0.0078125 0.0205078
0 0.619141 0.615234 0.0175781 0.015625
0 0.510254 0.539551 0.00878906 0.0263672
0 0.481445 0.349609 0.0136719 0.03125
0 0.493164 0.396484 0.0136719 0.0234375
0 0.537109 0.414062 0.0214844 0.0195312
0 0.543945 0.467773 0.015625 0.0273438
0 0.641113 0.492188 0.0126953 0.03125
0 0.256836 0.493164 0.0195312 0.0195312
0 0.46875 0.696289 0.00976562 0.0234375
0 0.574219 0.601562 0.0175781 0.0195312
0 0.556152 0.677734 0.0107422 0.0273438
0 0.466309 0.407227 0.0166016 0.00976562
0 0.449707 0.630371 0.0146484 0.0185547
0 0.568848 0.452148 0.0126953 0.0234375
0 0.632324 0.569824 0.0185547 0.0166016
0 0.188477 0.507324 0.00976562 0.0224609
0 0.587891 0.473633 0.0136719 0.0214844
0 0.22168 0.558105 0.0136719 0.0205078
0 0.64209 0.599609 0.0146484 0.0253906
0 0.54834 0.638672 0.0185547 0.0195312
0 0.500977 0.381836 0.0117188 0.0253906
0 0.333496 0.626953 0.0166016 0.0214844
0 0.480469 0.749512 0.0195312 0.0166016
0 0.493652 0.547363 0.0166016 0.0146484
0 0.710449 0.557617 0.0185547 0.015625
0 0.670898 0.339355 0.0214844 0.0263672
0 0.748535 0.493652 0.0126953 0.0263672
0 0.348633 0.51709 0.0195312 0.0107422
0 0.570312 0.574707 0.0175781 0.0224609
0 0.523926 0.375488 0.0146484 0.0302734
0 0.330078 0.429199 0.0195312 0.0146484
0 0.785645 0.492188 0.0205078 0.0273438
0 0.384766 0.340332 0.0175781 0.0244141
0 0.172363 0.497559 0.00878906 0.0244141
0 0.632812 0.629395 0.0195312 0.0126953
0 0.645508 0.629883 0.00976562 0.0273438
0 0.313965 0.695801 0.0146484 0.0302734
0 0.712402 0.523438 0.0205078 0.0253906
