0 0.625 0.308105 0.0136719 0.0322266
0 0.336914 0.48584 0.0195312 0.0283203
0 0.625488 0.405762 0.0205078 0.0458984
0 0.467285 0.594238 0.0185547 0.0419922
0 0.54248 0.511719 0.0185547 0.046875
0 0.257812 0.72998 0.0292969 0.0263672
0 0.332031 0.520508 0.0273438 0.03125
0 0.507812 0.462402 0.0195312 0.0439453
0 0.32666 0.482422 0.0166016 0.0214844
0 0.348633 0.502441 0.0234375 0.0205078
0 0.225098 0.650391 0.0166016 0.0390625
0 0.428223 0.285645 0.0283203 0.0205078
0 0.615234 0.507324 0.0371094 0.0185547
0 0.580078 0.419922 0.0234375 0.0371094
0 0.360352 0.445312 0.0214844 0.0332031
0 0.477051 0.442383 0.0263672 0.0292969
