0 0.541504 0.564941 0.0322266 0.0205078
0 0.590332 0.910156 0.0146484 0.0429688
0 0.564941 0.429688 0.0341797 0.0253906
0 0.611328 0.911621 0.0292969 0.0302734
0 0.629883 0.670898 0.0214844 0.0585938
0 0.635742 0.876465 0.0253906 0.0205078
0 0.588379 0.98877 0.0244141 0.0224609
0 0.513672 0.558594 0.0117188 0.0566406
0 0.430664 0.439941 0.0292969 0.0224609
0 0.675293 0.73877 0.0244141 0.0146484
0 0.544922 0.978516 0.0175781 0.0429688
0 0.430664 0.419434 0.0332031 0.0224609
0 0.51709 0.60498 0.0146484 0.0478516
0 0.499023 0.450195 0.0351562 0.0214844
0 0.576172 0.415039 0.0136719 0.0410156
0 0.392578 0.478516 0.0351562 0.0175781
0 0.600586 0.752441 0.03125 0.0185547
0 0.625488 0.73584 0.0185547 0.0556641
0 0.466797 0.459961 0.0136719 0.0410156
0 0.557617 0.575195 0.0195312 0.0332031
0 0.52832 0.535156 0.0273438 0.0371094
0 0.509277 0.650391 0.0146484 0.0429688
0 0.577148 0.65918 0.0195312 0.0390625
0 0.808105 0.438965 0.0263672 0.0126953
0 0.419922 0.990723 0.0332031 0.0185547
0 0.645996 0.647461 0.0146484 0.046875
0 0.65625 0.838379 0.0234375 0.0361328
0 0.430664 0.897461 0.03125 0.0429688
0 0.617188 0.833984 0.0273438 0.0429688
0 0.529785 0.623535 0.0263672 0.0458984
0 0.529297 0.413574 0.0273438 0.0205078
0 0.647461 0.73877 0.0273438 0.0263672
0 0.540527 0.295898 0.0166016 0.0585938
0 0.509277 0.740723 0.0263672 0.0361328
0 0.413086 0.46582 0.0410156 0.0214844
0 0.527344 0.319824 0.0136719 0.0576172
0 0.618652 0.883301 0.0322266 0.0302734
0 0.652832 0.874512 0.0146484 0.0439453
0 0.666016 0.631836 0.0253906 0.0507812
0 0.789062 0.808594 0.046875 0.0371094
0 0.536133 0.588867 0.0273438 0.0410156
0 0.566895 0.373047 0.0341797 0.046875
0 0.561523 0.400391 0.03125 0.0371094
0 0.474121 0.475098 0.0205078 0.0419922
0 0.535645 0.378418 0.0166016 0.0458984
0 0.722656 0.885742 0.0390625 0.03125
0 0.720703 0.684082 0.0371094 0.0263672
0 0.542969 0.36377 0.0234375 0.0419922
0 0.509277 0.302246 0.0224609 0.0498047
0 0.517578 0.395508 0.0351562 0.0195312
0 0.606934 0.386719 0.0205078 0.0410156
0 0.508301 0.369141 0.0361328 0.03125
