0 0.451172 0.541992 0.0292969 0.0332031
0 0.472656 0.649902 0.0410156 0.0341797
0 0.400879 0.595215 0.0361328 0.0263672
0 0.321777 0.550781 0.0361328 0.0273438
0 0.321777 0.569336 0.0419922 0.0292969
0 0.444824 0.646973 0.0400391 0.0322266
0 0.418457 0.561523 0.0400391 0.0273438
0 0.592773 0.644043 0.0136719 0.0537109
0 0.338867 0.669434 0.015625 0.0615234
0 0.512695 0.598145 0.0410156 0.0439453
0 0.450195 0.522949 0.03125 0.0400391
0 0.517578 0.472168 0.0195312 0.0595703
0 0.438965 0.58252 0.0400391 0.0458984
0 0.359375 0.462402 0.0429688 0.0244141
0 0.505859 0.632812 0.0390625 0.0566406
0 0.550293 0.626953 0.0302734 0.0546875
0 0.618164 0.680664 0.0390625 0.0332031
0 0.49707 0.551758 0.03125 0.0410156
0 0.54541 0.579102 0.0322266 0.0410156
0 0.358887 0.655762 0.0263672 0.0556641
0 0.529297 0.587402 0.0351562 0.0478516
0 0.478516 0.70459 0.0195312 0.0615234
0 0.574219 0.437012 0.0234375 0.0634766
0 0.564453 0.508789 0.0214844 0.0566406
0 0.397461 0.475586 0.03125 0.0546875
0 0.309082 0.652344 0.0458984 0.0664062
0 0.383789 0.6875 0.0390625 0.0410156
0 0.375 0.560547 0.03125 0.0488281
0 0.464355 0.57373 0.0322266 0.0458984
0 0.379395 0.647949 0.0244141 0.0537109
0 0.519531 0.547363 0.0410156 0.0419922
0 0.436523 0.678711 0.0332031 0.0449219
0 0.408203 0.541504 0.0371094 0.0341797
0 0.445801 0.727051 0.0478516 0.0263672
0 0.48584 0.573242 0.0283203 0.0449219
0 0.32373 0.517578 0.0205078 0.0488281
0 0.42041 0.501465 0.0263672 0.0576172
0 0.380371 0.510254 0.0478516 0.0302734
0 0.353516 0.556641 0.0429688 0.0390625
0 0.400391 0.445801 0.0449219 0.0478516
0 0.45166 0.625488 0.0419922 0.0302734
0 0.63623 0.606445 0.0439453 0.046875
0 0.366211 0.52832 0.046875 0.0175781
0 0.378906 0.605957 0.0449219 0.0380859
0 0.269531 0.649414 0.0234375 0.0800781
0 0.457031 0.477539 0.0488281 0.0332031
0 0.616699 0.638672 0.0361328 0.0507812
0 0.308594 0.487793 0.046875 0.0400391
0 0.414551 0.417969 0.0341797 0.0644531
0 0.400879 0.647949 0.0439453 0.0458984
0 0.337402 0.617676 0.0439453 0.0419922
0 0.487305 0.48877 0.0351562 0.0576172
0 0.357422 0.490234 0.0429688 0.0410156
