0 0.830078 0.388672 0.078125 0.0957031
0 0.620117 0.322266 0.0566406 0.101562
0 0.794434 0.23584 0.100586 0.0947266
0 0.45752 0.264648 0.0537109 0.0839844
0 0.72998 0.452637 0.0693359 0.102539
0 0.415039 0.465332 0.0351562 0.114258
0 0.498535 0.350098 0.0791016 0.0966797
0 0.122559 0.60791 0.0458984 0.0810547
0 0.480469 0.508789 0.0859375 0.111328
0 0.56543 0.34668 0.0703125 0.134766
0 0.552734 0.568848 0.0859375 0.0712891
0 0.391113 0.121582 0.0732422 0.0869141
0 0.748047 0.608887 0.0488281 0.131836
0 0.250488 0.670898 0.0849609 0.150391
0 0.542969 0.452148 0.0761719 0.0742188
0 0.437988 0.365723 0.0615234 0.12207
0 0.381836 0.264648 0.0839844 0.0917969
0 0.8125 0.695801 0.0878906 0.0595703
0 0.874023 0.606445 0.0820312 0.0957031
0 0.214355 0.54248 0.104492 0.0693359
0 0.710938 0.75 0.078125 0.0820312
0 0.486816 0.629883 0.0537109 0.125
0 0.0551758 0.125 0.0576172 0.144531
0 0.321289 0.46582 0.0566406 0.136719
0 0.361816 0.478516 0.0498047 0.121094
0 0.436523 0.842285 0.0742188 0.170898
0 0.347656 0.767578 0.0546875 0.134766
0 0.305176 0.648438 0.0869141 0.125
