0 0.46582 0.804688 0.0996094 0.0273438
0 0.98584 0.409668 0.0283203 0.0751953
0 0.0512695 0.366211 0.102539 0.0839844
0 0.568359 0.628418 0.177734 0.0439453
0 0.545898 0.795898 0.183594 0.0351562
0 0.401855 0.569336 0.147461 0.0898438
0 0.869629 0.33252 0.116211 0.0908203
0 0.600098 0.513672 0.145508 0.0292969
0 0.914551 0.535156 0.0830078 0.0722656
0 0.502441 0.556641 0.0908203 0.0722656
0 0.202637 0.495117 0.135742 0.0742188
0 0.421387 0.660156 0.125977 0.0722656
0 0.373535 0.509766 0.0693359 0.0800781
0 0.578125 0.328613 0.166016 0.0908203
