0 0.662109 0.543457 0.0175781 0.0478516
0 0.67041 0.684082 0.0244141 0.0166016
0 0.679199 0.584961 0.0302734 0.0507812
0 0.660156 0.486328 0.0175781 0.0390625
0 0.673828 0.480957 0.0292969 0.0205078
0 0.666992 0.518555 0.0117188 0.0390625
0 0.636719 0.439453 0.0253906 0.0390625
0 0.556152 0.708984 0.0146484 0.046875
0 0.450684 0.432617 0.0478516 0.0488281
0 0.570801 0.726562 0.0185547 0.0507812
0 0.606445 0.705078 0.0292969 0.03125
0 0.415527 0.776367 0.0400391 0.0546875
0 0.51123 0.728516 0.0400391 0.0371094
0 0.680176 0.52832 0.0166016 0.0429688
0 0.708984 0.642578 0.0332031 0.046875
0 0.622559 0.321289 0.0400391 0.0332031
0 0.279297 0.575684 0.0351562 0.0595703
0 0.687988 0.497559 0.0322266 0.0283203
0 0.413086 0.881348 0.0273438 0.0576172
0 0.560059 0.458008 0.0322266 0.0332031
0 0.589355 0.751953 0.0283203 0.0527344
0 0.535156 0.720703 0.0429688 0.0429688
0 0.65332 0.458984 0.0234375 0.0429688
0 0.579102 0.701172 0.0273438 0.0429688
0 0.751953 0.469238 0.0195312 0.0439453
0 0.390625 0.738281 0.0332031 0.0546875
0 0.485352 0.444336 0.0390625 0.0234375
0 0.64209 0.706055 0.0302734 0.0429688
0 0.496582 0.51416 0.0166016 0.0498047
