0 0.303711 0.26709 0.0390625 0.0732422
0 0.378906 0.29834 0.0585938 0.0751953
0 0.373535 0.493164 0.0419922 0.0683594
0 0.687012 0.822266 0.0322266 0.0800781
0 0.412109 0.740234 0.0429688 0.0644531
0 0.459961 0.802734 0.0332031 0.078125
0 0.315918 0.32959 0.0341797 0.0615234
0 0.44043 0.691406 0.046875 0.0449219
0 0.34082 0.486328 0.0371094 0.0917969
0 0.43457 0.743652 0.0253906 0.0517578
0 0.324219 0.422852 0.0546875 0.0371094
0 0.685547 0.540527 0.0449219 0.0888672
0 0.394043 0.555664 0.0576172 0.0546875
0 0.376465 0.618164 0.0263672 0.101562
0 0.505371 0.76123 0.0537109 0.0419922
0 0.461426 0.29541 0.0517578 0.0615234
0 0.262695 0.0922852 0.0292969 0.0673828
0 0.483398 0.419922 0.0449219 0.0839844
0 0.48877 0.825195 0.0576172 0.0546875
0 0.512207 0.241211 0.0380859 0.0722656
0 0.474609 0.709473 0.0273438 0.0908203
0 0.362793 0.708008 0.0556641 0.0585938
0 0.344727 0.592285 0.03125 0.0654297
0 0.629395 0.506836 0.0654297 0.0917969
0 0.48584 0.641602 0.0556641 0.0507812
0 0.513672 0.45166 0.046875 0.0537109
0 0.421875 0.362793 0.0566406 0.0595703
0 0.255859 0.477051 0.0605469 0.0400391
0 0.418945 0.604492 0.0566406 0.0488281
0 0.37793 0.396484 0.0429688 0.0898438
0 0.42627 0.470215 0.0556641 0.0576172
0 0.612793 0.702637 0.0615234 0.0654297
0 0.469238 0.375 0.0654297 0.0644531
0 0.43457 0.299316 0.046875 0.0927734
0 0.802734 0.286621 0.0761719 0.0517578
0 0.354004 0.32959 0.0615234 0.0654297
0 0.722168 0.615723 0.0712891 0.0693359
