0 0.505859 0.387207 0.0234375 0.0693359
0 0.48584 0.48291 0.0419922 0.0419922
0 0.381348 0.603027 0.0302734 0.0634766
0 0.236816 0.635742 0.0537109 0.0371094
0 0.582031 0.751953 0.0546875 0.0546875
0 0.331543 0.439453 0.0419922 0.0507812
0 0.641602 0.447266 0.0527344 0.046875
0 0.464844 0.33252 0.0488281 0.0361328
0 0.603516 0.637695 0.0429688 0.0527344
0 0.427734 0.489258 0.0371094 0.0605469
0 0.449219 0.755859 0.0410156 0.0625
0 0.459961 0.390137 0.0371094 0.0615234
0 0.282715 0.510254 0.0458984 0.0458984
0 0.429688 0.431641 0.046875 0.046875
