0 0.757812 0.640625 0.0332031 0.0371094
0 0.378418 0.68457 0.0537109 0.0410156
0 0.708984 0.557129 0.0488281 0.0341797
0 0.0166016 0.717285 0.0332031 0.0537109
0 0.71582 0.641113 0.0351562 0.0361328
0 0.600098 0.771484 0.0517578 0.0234375
0 0.19043 0.793945 0.0566406 0.0253906
0 0.692383 0.697266 0.0429688 0.0234375
0 0.541504 0.851562 0.0556641 0.0234375
0 0.440918 0.777832 0.0458984 0.0322266
0 0.243652 0.660156 0.0556641 0.0332031
0 0.378418 0.820312 0.0400391 0.0371094
0 0.351562 0.701172 0.0410156 0.0273438
0 0.436523 0.655273 0.0410156 0.0351562
0 0.478516 0.762695 0.0546875 0.0214844
0 0.491699 0.810547 0.0380859 0.0273438
0 0.365234 0.467285 0.0410156 0.0380859
0 0.284668 0.640625 0.0576172 0.0273438
0 0.691895 0.64209 0.0302734 0.0400391
0 0.163086 0.794922 0.0527344 0.0273438
0 0.711914 0.728027 0.0488281 0.0205078
0 0.239258 0.672363 0.0488281 0.0341797
0 0.739258 0.651367 0.0410156 0.0410156
0 0.517578 0.817871 0.0390625 0.0458984
0 0.436523 0.602539 0.0644531 0.0253906
0 0.375977 0.783203 0.0527344 0.0234375
0 0.729492 0.691406 0.0449219 0.0234375
0 0.492188 0.826172 0.0429688 0.0273438
0 0.500977 0.664062 0.0527344 0.0351562
0 0.603516 0.791504 0.0546875 0.0244141
0 0.458496 0.813477 0.0439453 0.0332031
0 0.677246 0.631836 0.0302734 0.0371094
0 0.316406 0.787598 0.046875 0.0439453
0 0.362305 0.809082 0.046875 0.0322266
0 0.200684 0.548828 0.0498047 0.0429688
0 0.424316 0.633789 0.0517578 0.0234375
0 0.382812 0.466309 0.0390625 0.0361328
0 0.44043 0.47168 0.0449219 0.0390625
0 0.214844 0.725098 0.0410156 0.0400391
0 0.453125 0.62793 0.0429688 0.03125
0 0.654297 0.448242 0.0371094 0.0332031
0 0.664062 0.472656 0.03125 0.0429688
0 0.325684 0.673828 0.0419922 0.0429688
0 0.263672 0.816406 0.03125 0.0390625
0 0.717773 0.863281 0.0371094 0.046875
0 0.623047 0.591309 0.0429688 0.0380859
0 0.408691 0.48291 0.0458984 0.0341797
0 0.664062 0.578125 0.0429688 0.0351562
0 0.566406 0.779297 0.0507812 0.0195312
0 0.549316 0.604492 0.0634766 0.0332031
0 0.172852 0.768555 0.03125 0.0410156
0 0.754883 0.833008 0.0371094 0.0429688
0 0.18457 0.586426 0.0410156 0.0419922
0 0.687012 0.495117 0.0400391 0.0410156
0 0.625977 0.653809 0.0449219 0.0400391
0 0.489258 0.600098 0.0371094 0.0341797
0 0.277832 0.48584 0.0498047 0.0322266
0 0.477539 0.581055 0.0527344 0.0253906
0 0.569336 0.713867 0.0410156 0.0410156
0 0.585938 0.855469 0.0429688 0.0390625
0 0.266113 0.458984 0.0595703 0.0273438
0 0.517578 0.432129 0.0429688 0.0419922
0 0.599609 0.749023 0.0507812 0.0292969
0 0.275879 0.615723 0.0478516 0.0302734
0 0.530762 0.711914 0.0498047 0.0253906
0 0.495605 0.53125 0.0517578 0.0234375
0 0.341309 0.529297 0.0517578 0.03125
0 0.255859 0.540039 0.0449219 0.0371094
0 0.740234 0.738281 0.0546875 0.0234375
0 0.618652 0.47998 0.0673828 0.0283203
0 0.320801 0.562012 0.0517578 0.0322266
0 0.658203 0.418945 0.0429688 0.0371094
0 0.5625 0.754883 0.0351562 0.0410156
0 0.572266 0.627441 0.0390625 0.0341797
0 0.470215 0.443359 0.0537109 0.0273438
0 0.396484 0.568359 0.0566406 0.0234375
0 0.175293 0.61084 0.0595703 0.0302734
0 0.380371 0.541016 0.0537109 0.0273438
0 0.582031 0.675293 0.0507812 0.0322266
