0 0.290527 0.430176 0.0166016 0.0458984
0 0.350586 0.522461 0.015625 0.0429688
0 0.381836 0.481934 0.0214844 0.0439453
0 0.424316 0.510742 0.0400391 0.0410156
0 0.428711 0.425293 0.0351562 0.0224609
0 0.418457 0.529297 0.0283203 0.046875
0 0.35498 0.299316 0.0341797 0.0400391
0 0.257812 0.398926 0.03125 0.0458984
0 0.362793 0.558105 0.0205078 0.0458984
0 0.411621 0.3125 0.0380859 0.03125
0 0.305664 0.477051 0.0351562 0.0302734
0 0.393555 0.526367 0.03125 0.0292969
0 0.242676 0.37793 0.0361328 0.0273438
0 0.453125 0.422852 0.0351562 0.0429688
0 0.451172 0.453125 0.0371094 0.0429688
0 0.328613 0.348633 0.0166016 0.0527344
0 0.398926 0.431152 0.0263672 0.0478516
0 0.393555 0.543945 0.0390625 0.0195312
0 0.522949 0.514648 0.0341797 0.0371094
0 0.448242 0.492188 0.0195312 0.0449219
0 0.322266 0.430176 0.0175781 0.0478516
0 0.339844 0.402832 0.0253906 0.0322266
0 0.276367 0.462891 0.0175781 0.0527344
0 0.314941 0.38916 0.0185547 0.0498047
0 0.38623 0.374023 0.0244141 0.0488281
0 0.475586 0.452148 0.015625 0.0566406
0 0.455566 0.397461 0.0283203 0.0527344
0 0.335938 0.511719 0.0195312 0.0546875
0 0.321777 0.303711 0.0302734 0.0527344
0 0.285156 0.365723 0.0351562 0.0244141
0 0.446777 0.57959 0.0166016 0.0400391
0 0.375488 0.303711 0.0322266 0.0292969
0 0.463867 0.529297 0.0410156 0.0371094
0 0.444336 0.64502 0.0175781 0.0576172
0 0.478027 0.599121 0.0263672 0.0419922
0 0.352051 0.332031 0.0322266 0.03125
0 0.298828 0.51416 0.03125 0.0498047
0 0.278809 0.330566 0.0126953 0.0498047
0 0.481445 0.408691 0.0273438 0.0419922
0 0.453613 0.607422 0.0166016 0.0351562
0 0.459961 0.349609 0.0175781 0.0722656
0 0.544922 0.605957 0.0449219 0.0205078
0 0.581055 0.649902 0.046875 0.0205078
0 0.422852 0.577148 0.0371094 0.0410156
0 0.305176 0.433594 0.0146484 0.0507812
0 0.380371 0.413086 0.0185547 0.0488281
0 0.315918 0.518555 0.0224609 0.0488281
0 0.506348 0.641602 0.0361328 0.0410156
0 0.476562 0.625488 0.0292969 0.0439453
0 0.548828 0.770508 0.03125 0.03125
0 0.515625 0.501953 0.0449219 0.0214844
0 0.305176 0.57959 0.0322266 0.0341797
0 0.446777 0.327148 0.0341797 0.0664062
0 0.390625 0.506348 0.0273438 0.0341797
0 0.389648 0.346191 0.0371094 0.0380859
0 0.713379 0.580078 0.0478516 0.0644531
0 0.461914 0.583984 0.0136719 0.0488281
0 0.261719 0.325684 0.0234375 0.0498047
0 0.560059 0.802734 0.0205078 0.0449219
0 0.480957 0.569824 0.0244141 0.0498047
0 0.577148 0.667969 0.0429688 0.0410156
0 0.432617 0.623047 0.0175781 0.0527344
0 0.335938 0.470215 0.0351562 0.0224609
0 0.362305 0.380371 0.0292969 0.0615234
0 0.298828 0.558105 0.03125 0.0341797
0 0.502441 0.575195 0.0361328 0.0332031
0 0.411621 0.655273 0.0439453 0.0273438
0 0.296875 0.321777 0.0253906 0.0517578
0 0.422852 0.455566 0.0292969 0.0595703
0 0.489258 0.484863 0.0371094 0.0439453
0 0.257812 0.459961 0.0234375 0.0507812
0 0.430176 0.56543 0.0322266 0.0292969
0 0.263184 0.593262 0.0244141 0.0517578
0 0.528809 0.637695 0.0419922 0.0273438
0 0.412109 0.623047 0.0292969 0.0449219
0 0.591309 0.631348 0.0439453 0.0244141
0 0.529785 0.577637 0.0341797 0.0400391
0 0.532227 0.529297 0.0390625 0.0390625
0 0.254883 0.353516 0.0292969 0.0371094
0 0.518555 0.382324 0.0410156 0.0400391
0 0.70166 0.675781 0.0263672 0.0605469
0 0.294922 0.737793 0.0429688 0.0244141
0 0.495117 0.526855 0.0292969 0.0576172
0 0.554199 0.571777 0.0205078 0.0537109
0 0.527832 0.473145 0.0458984 0.0341797
0 0.325684 0.61377 0.0380859 0.0224609
0 0.464355 0.65332 0.0283203 0.0488281
0 0.525879 0.617676 0.0361328 0.0322266
0 0.343262 0.599609 0.0439453 0.0371094
0 0.304688 0.712891 0.0371094 0.0410156
0 0.556641 0.681152 0.0410156 0.0439453
0 0.527832 0.759766 0.0361328 0.0449219
0 0.752441 0.555664 0.0478516 0.0449219
0 0.473145 0.520508 0.0341797 0.0410156
0 0.379883 0.573242 0.0292969 0.0371094
0 0.487305 0.374023 0.0351562 0.0429688
0 0.38916 0.59082 0.0302734 0.0449219
