0 0.646973 0.49707 0.0244141 0.0136719
0 0.705078 0.550293 0.0136719 0.0263672
0 0.474609 0.549805 0.0234375 0.0117188
0 0.574219 0.439941 0.0273438 0.0146484
0 0.630859 0.56543 0.0253906 0.0195312
0 0.562988 0.569336 0.0244141 0.015625
0 0.648438 0.519043 0.00976562 0.0263672
0 0.479492 0.516113 0.0195312 0.0146484
0 0.553223 0.475098 0.0302734 0.0263672
0 0.556152 0.541992 0.0185547 0.0234375
0 0.611328 0.451172 0.0214844 0.0117188
0 0.471191 0.532715 0.0185547 0.0146484
0 0.57373 0.566406 0.0361328 0.015625
0 0.601562 0.487793 0.0273438 0.0224609
0 0.443848 0.517578 0.0361328 0.015625
0 0.583496 0.481445 0.00878906 0.0273438
0 0.634766 0.487793 0.00976562 0.0283203
0 0.576172 0.539551 0.015625 0.0263672
0 0.630859 0.556641 0.0234375 0.0195312
0 0.506836 0.575195 0.0214844 0.0136719
0 0.69873 0.508789 0.0166016 0.0214844
0 0.529297 0.558105 0.0214844 0.0263672
0 0.618164 0.462402 0.0214844 0.0126953
0 0.649902 0.483887 0.0244141 0.0146484
0 0.618652 0.526855 0.0166016 0.0166016
0 0.655762 0.499512 0.0166016 0.0146484
0 0.592773 0.452637 0.0195312 0.0283203
0 0.543945 0.512207 0.0195312 0.0283203
0 0.518555 0.537109 0.0117188 0.0253906
0 0.650391 0.473633 0.0234375 0.0175781
0 0.678711 0.512207 0.0117188 0.0283203
0 0.690918 0.512695 0.00878906 0.0292969
0 0.645996 0.538574 0.0205078 0.0244141
0 0.577148 0.505859 0.0214844 0.0195312
0 0.479492 0.525391 0.0214844 0.00976562
0 0.553711 0.456543 0.0292969 0.0107422
0 0.677734 0.472168 0.0273438 0.0126953
0 0.481934 0.568359 0.0244141 0.015625
0 0.605469 0.480469 0.0292969 0.015625
0 0.45166 0.533203 0.0126953 0.0273438
0 0.516113 0.490234 0.00878906 0.0292969
0 0.693359 0.491211 0.0234375 0.0195312
0 0.435059 0.564453 0.0185547 0.03125
0 0.662598 0.513672 0.0224609 0.0214844
0 0.496094 0.553223 0.0234375 0.0205078
0 0.536621 0.469727 0.0224609 0.0175781
0 0.651367 0.563477 0.0214844 0.0214844
0 0.542969 0.556641 0.00976562 0.03125
0 0.599609 0.51709 0.0253906 0.0185547
0 0.523438 0.549316 0.0195312 0.0244141
0 0.668457 0.487305 0.0107422 0.03125
0 0.550293 0.43457 0.0224609 0.0195312
0 0.662109 0.54541 0.0253906 0.0205078
0 0.668457 0.527832 0.0205078 0.0126953
0 0.681641 0.5625 0.0175781 0.0195312
0 0.496094 0.525879 0.0136719 0.0263672
0 0.502441 0.499023 0.0185547 0.015625
0 0.529297 0.5 0.0195312 0.0253906
0 0.619629 0.495605 0.0263672 0.0205078
0 0.605469 0.562012 0.0253906 0.0224609
0 0.446289 0.557129 0.0234375 0.0244141
0 0.597168 0.46875 0.0185547 0.0332031
0 0.597656 0.494141 0.0234375 0.0136719
0 0.565918 0.516602 0.0283203 0.0195312
0 0.523438 0.517578 0.0195312 0.0136719
0 0.364746 0.535645 0.0224609 0.0146484
0 0.54541 0.527344 0.0166016 0.0273438
0 0.632812 0.51123 0.0234375 0.0185547
0 0.587402 0.54248 0.0146484 0.0322266
0 0.633301 0.526855 0.0166016 0.0244141
0 0.508789 0.467285 0.0273438 0.0166016
0 0.484863 0.476562 0.0205078 0.0273438
0 0.440918 0.492676 0.0185547 0.0302734
0 0.690918 0.540039 0.0166016 0.0332031
0 0.27832 0.614746 0.0175781 0.0244141
0 0.637207 0.45459 0.0205078 0.0224609
0 0.316895 0.571777 0.0205078 0.0185547
0 0.384277 0.57666 0.0224609 0.0244141
0 0.362793 0.584961 0.0224609 0.0273438
