0 0.613281 0.50293 0.03125 0.0175781
0 0.443359 0.401367 0.0332031 0.015625
0 0.567383 0.520508 0.0214844 0.0136719
0 0.429199 0.381348 0.0478516 0.0244141
0 0.491211 0.472656 0.0292969 0.0195312
0 0.478027 0.487305 0.0244141 0.0175781
0 0.625977 0.386719 0.0214844 0.0195312
0 0.578125 0.554199 0.0351562 0.0283203
0 0.735352 0.514648 0.0253906 0.0136719
0 0.498535 0.415527 0.0302734 0.0283203
0 0.474121 0.467285 0.0166016 0.0224609
0 0.451172 0.461914 0.0234375 0.0253906
0 0.44043 0.550781 0.0292969 0.0195312
0 0.506348 0.444336 0.0361328 0.0136719
0 0.621094 0.499023 0.03125 0.015625
0 0.481934 0.433594 0.0302734 0.0214844
0 0.663086 0.40332 0.0214844 0.0175781
0 0.669922 0.435059 0.0351562 0.0146484
0 0.559082 0.509277 0.0302734 0.0185547
0 0.491211 0.422852 0.0253906 0.0214844
0 0.620117 0.473633 0.0234375 0.0234375
0 0.520996 0.452148 0.0302734 0.0214844
0 0.609375 0.491699 0.0195312 0.0244141
0 0.481445 0.518066 0.0195312 0.0263672
0 0.59082 0.504395 0.0175781 0.0224609
0 0.59375 0.491699 0.0273438 0.0166016
0 0.422852 0.394043 0.0390625 0.0185547
0 0.464844 0.520508 0.0234375 0.0175781
0 0.625 0.410156 0.03125 0.0117188
0 0.491211 0.456055 0.0332031 0.0136719
0 0.464844 0.457031 0.0195312 0.0273438
0 0.428223 0.541992 0.0224609 0.0253906
0 0.447266 0.480957 0.03125 0.0166016
0 0.411133 0.464355 0.0351562 0.0126953
0 0.543457 0.435059 0.0302734 0.0224609
0 0.551758 0.555664 0.0175781 0.03125
0 0.486328 0.512695 0.0214844 0.0273438
0 0.599121 0.473633 0.0263672 0.0214844
0 0.462891 0.494141 0.0214844 0.0273438
0 0.416992 0.409668 0.0175781 0.0263672
0 0.533203 0.493652 0.0273438 0.0244141
0 0.382324 0.376465 0.0439453 0.0205078
0 0.860352 0.522461 0.0410156 0.0136719
0 0.443848 0.384766 0.0322266 0.0214844
0 0.541016 0.519531 0.0273438 0.0214844
0 0.52832 0.40332 0.0332031 0.0195312
0 0.702148 0.515137 0.0214844 0.0263672
0 0.541992 0.390625 0.03125 0.0195312
0 0.604492 0.506836 0.0214844 0.0214844
0 0.404785 0.407227 0.0224609 0.0253906
0 0.542969 0.37793 0.0234375 0.0253906
0 0.580078 0.498535 0.015625 0.0263672
0 0.640625 0.45166 0.0234375 0.0244141
0 0.469238 0.412598 0.0185547 0.0224609
0 0.416016 0.486328 0.0273438 0.0195312
0 0.663574 0.419922 0.0205078 0.0234375
0 0.675781 0.450195 0.0390625 0.0175781
0 0.42627 0.450195 0.0224609 0.0253906
0 0.474121 0.361328 0.0322266 0.0273438
0 0.387695 0.45459 0.0234375 0.0263672
0 0.597168 0.52832 0.0244141 0.0253906
0 0.568848 0.38916 0.0244141 0.0283203
0 0.611328 0.458984 0.0195312 0.0195312
0 0.718262 0.428223 0.0439453 0.0146484
0 0.588867 0.549805 0.0234375 0.0292969
0 0.660156 0.506836 0.0390625 0.0175781
0 0.677246 0.473633 0.0439453 0.015625
0 0.570312 0.559082 0.03125 0.0263672
0 0.679688 0.51709 0.0351562 0.0146484
0 0.525391 0.357422 0.0351562 0.0195312
0 0.404297 0.44873 0.0234375 0.0244141
0 0.677734 0.394043 0.0195312 0.0224609
0 0.564453 0.32959 0.0234375 0.0244141
0 0.773438 0.410156 0.03125 0.0195312
0 0.55957 0.491211 0.0292969 0.0214844
0 0.416992 0.376953 0.0292969 0.0195312
0 0.50293 0.407715 0.0253906 0.0244141
0 0.61377 0.435059 0.0283203 0.0185547
0 0.826172 0.420898 0.0390625 0.0136719
