0 0.655273 0.439941 0.0214844 0.0498047
0 0.318848 0.16748 0.0361328 0.0556641
0 0.27002 0.433594 0.0322266 0.0429688
0 0.405273 0.28125 0.0195312 0.0527344
0 0.408691 0.310547 0.0302734 0.0429688
0 0.644043 0.447266 0.0224609 0.0566406
0 0.0229492 0.218262 0.0283203 0.0517578
0 0.65918 0.660156 0.0371094 0.0410156
0 0.702148 0.354492 0.0449219 0.0371094
0 0.314453 0.39209 0.0273438 0.0498047
0 0.650391 0.223145 0.046875 0.0380859
0 0.480469 0.748535 0.0488281 0.0498047
0 0.668945 0.415039 0.0449219 0.0351562
0 0.432617 0.291504 0.0351562 0.0400391
0 0.615723 0.731445 0.0263672 0.0566406
0 0.433594 0.59082 0.0351562 0.0410156
0 0.651367 0.333008 0.0292969 0.0644531
0 0.392578 0.290527 0.0195312 0.0595703
0 0.321289 0.311035 0.0410156 0.0439453
0 0.307617 0.580566 0.0253906 0.0517578
0 0.0791016 0.432617 0.03125 0.0566406
0 0.341797 0.359863 0.03125 0.0576172
0 0.453613 0.630859 0.0419922 0.0429688
0 0.396973 0.868164 0.0498047 0.0371094
0 0.0146484 0.364258 0.0292969 0.0488281
0 0.178711 0.694824 0.0410156 0.0478516
0 0.435059 0.55957 0.0400391 0.0351562
0 0.549805 0.424316 0.0410156 0.0419922
0 0.123047 0.710449 0.0332031 0.0595703
0 0.803223 0.676758 0.0322266 0.0527344
0 0.205078 0.541992 0.0449219 0.0332031
0 0.239746 0.309082 0.0322266 0.0537109
0 0.494141 0.460449 0.0351562 0.0576172
0 0.472168 0.28125 0.0341797 0.0507812
0 0.504883 0.320312 0.0429688 0.0527344
0 0.506836 0.583984 0.0449219 0.0429688
0 0.104004 0.638184 0.0341797 0.0458984
0 0.450195 0.295898 0.0292969 0.0566406
