0 0.474609 0.926758 0.0175781 0.0117188
0 0.728516 0.599609 0.0214844 0.0214844
0 0.352051 0.528809 0.0126953 0.0205078
0 0.806641 0.737793 0.0214844 0.0283203
0 0.748047 0.432129 0.0234375 0.0185547
0 0.496582 0.531738 0.00878906 0.0341797
0 0.744141 0.612305 0.0214844 0.0273438
0 0.496094 0.770508 0.03125 0.015625
0 0.435547 0.714844 0.015625 0.00976562
0 0.611816 0.384277 0.0185547 0.0224609
0 0.500977 0.349609 0.03125 0.0332031
0 0.618652 0.469727 0.0302734 0.0273438
0 0.654785 0.502441 0.0244141 0.0224609
0 0.501465 0.527832 0.0146484 0.0322266
0 0.832031 0.811035 0.0117188 0.0283203
0 0.901855 0.706543 0.0302734 0.0361328
0 0.750488 0.408203 0.0283203 0.0195312
0 0.649902 0.811523 0.0283203 0.015625
0 0.590332 0.419434 0.0185547 0.0244141
0 0.785645 0.718262 0.0146484 0.0361328
0 0.690918 0.558594 0.0263672 0.0234375
0 0.756348 0.422852 0.0380859 0.0214844
0 0.418945 0.747559 0.0136719 0.0341797
0 0.46875 0.648926 0.0195312 0.0205078
0 0.626953 0.377441 0.0253906 0.0146484
0 0.620117 0.645508 0.0117188 0.0273438
0 0.609863 0.360352 0.0146484 0.0234375
0 0.703613 0.563477 0.0107422 0.0332031
0 0.603516 0.394531 0.0175781 0.0273438
0 0.727539 0.59082 0.0273438 0.03125
0 0.712402 0.61377 0.0146484 0.0341797
0 0.847656 0.554199 0.0078125 0.0400391
0 0.46875 0.404785 0.0136719 0.0341797
0 0.623047 0.691406 0.015625 0.0234375
0 0.486328 0.459473 0.0078125 0.0205078
0 0.614746 0.756836 0.0185547 0.0234375
0 0.85498 0.456543 0.0263672 0.0107422
0 0.758301 0.681641 0.0205078 0.03125
0 0.48291 0.535156 0.0185547 0.015625
0 0.738281 0.779785 0.0273438 0.0302734
0 0.421387 0.504883 0.0263672 0.0175781
0 0.675781 0.767578 0.0253906 0.0371094
0 0.752441 0.565918 0.0126953 0.0341797
0 0.723145 0.740723 0.0107422 0.0283203
0 0.604004 0.54248 0.0146484 0.0380859
0 0.875977 0.384766 0.03125 0.0292969
0 0.767578 0.5625 0.0136719 0.0351562
0 0.775879 0.689453 0.0224609 0.0214844
0 0.752441 0.702637 0.0107422 0.0361328
0 0.676758 0.687012 0.0195312 0.0224609
0 0.62793 0.392578 0.015625 0.0234375
0 0.63916 0.71582 0.0302734 0.0273438
0 0.722656 0.719238 0.0332031 0.0166016
0 0.853516 0.467285 0.0273438 0.0205078
0 0.745605 0.553223 0.0185547 0.0400391
0 0.610352 0.737793 0.0292969 0.0224609
0 0.71875 0.488281 0.0253906 0.0234375
0 0.726562 0.506348 0.0292969 0.0126953
0 0.675293 0.656738 0.0107422 0.0361328
0 0.645508 0.47998 0.0234375 0.0341797
0 0.590332 0.640625 0.0126953 0.0390625
0 0.832031 0.644531 0.03125 0.0175781
0 0.666504 0.587891 0.0244141 0.015625
0 0.798828 0.561035 0.0292969 0.0185547
0 0.356445 0.516602 0.00976562 0.0273438
0 0.521973 0.539551 0.0263672 0.0146484
0 0.541016 0.591797 0.0253906 0.015625
0 0.804688 0.681641 0.0273438 0.0175781
0 0.482422 0.60498 0.015625 0.0361328
0 0.495605 0.603027 0.0146484 0.0400391
0 0.737305 0.647461 0.03125 0.0195312
0 0.800781 0.620605 0.0234375 0.0166016
0 0.458008 0.485352 0.0253906 0.0195312
0 0.688477 0.679688 0.0273438 0.0136719
0 0.697754 0.632324 0.0205078 0.0263672
0 0.568848 0.665039 0.0166016 0.0351562
0 0.769531 0.394043 0.0136719 0.0400391
0 0.76709 0.355469 0.0263672 0.03125
0 0.603516 0.421387 0.0195312 0.0322266
0 0.653809 0.666992 0.0185547 0.03125
0 0.654785 0.686523 0.0166016 0.03125
0 0.522461 0.784668 0.0117188 0.0224609
0 0.697266 0.73877 0.0136719 0.0361328
0 0.581055 0.557129 0.0136719 0.0380859
0 0.415527 0.721191 0.0146484 0.0341797
0 0.879395 0.662598 0.0205078 0.0341797
0 0.757812 0.76709 0.00976562 0.0302734
0 0.562988 0.694824 0.0244141 0.0224609
0 0.522461 0.507812 0.0175781 0.0253906
0 0.522461 0.642578 0.0117188 0.0332031
0 0.448242 0.587402 0.0273438 0.0205078
0 0.905762 0.625977 0.0205078 0.0332031
0 0.642578 0.688965 0.0214844 0.0244141
0 0.477051 0.705566 0.0107422 0.0302734
0 0.557617 0.592773 0.0195312 0.0371094
0 0.568359 0.42627 0.0292969 0.0185547
0 0.477539 0.662598 0.0195312 0.0283203
0 0.688965 0.508789 0.0302734 0.0175781
0 0.527832 0.615234 0.0146484 0.0292969
0 0.423828 0.556641 0.0253906 0.0136719
0 0.444824 0.608887 0.0185547 0.0224609
0 0.773438 0.583008 0.0253906 0.0253906
0 0.523438 0.737793 0.0214844 0.0146484
0 0.896484 0.564453 0.0292969 0.0136719
0 0.487793 0.553711 0.0244141 0.015625
0 0.439453 0.444336 0.015625 0.0253906
0 0.535156 0.399414 0.0253906 0.0195312
0 0.778809 0.631836 0.0244141 0.0273438
0 0.368164 0.734375 0.0195312 0.0117188
0 0.599609 0.48291 0.015625 0.0361328
0 0.415039 0.67334 0.0234375 0.0244141
0 0.526855 0.681641 0.0244141 0.0234375
0 0.457031 0.657715 0.0214844 0.0205078
0 0.509766 0.493164 0.0214844 0.0351562
0 0.400391 0.603516 0.0117188 0.0332031
0 0.651855 0.621582 0.0224609 0.0205078
0 0.523926 0.66748 0.0205078 0.0263672
0 0.416504 0.608887 0.0205078 0.0283203
0 0.481445 0.743652 0.0253906 0.0146484
0 0.644043 0.574219 0.0126953 0.0292969
0 0.59082 0.574219 0.0175781 0.0253906
0 0.882812 0.461914 0.0253906 0.03125
0 0.850586 0.613281 0.0234375 0.0371094
0 0.889648 0.58252 0.0234375 0.0263672
0 0.723633 0.525879 0.0234375 0.0263672
0 0.711914 0.672363 0.0195312 0.0283203
0 0.612305 0.711914 0.0195312 0.0273438
0 0.776367 0.650879 0.03125 0.0244141
0 0.589844 0.351074 0.0253906 0.0302734
0 0.538574 0.647461 0.0166016 0.0332031
0 0.786133 0.454102 0.0195312 0.0332031
0 0.728027 0.397949 0.0205078 0.0341797
0 0.798828 0.599121 0.0253906 0.0283203
