0 0.375977 0.350586 0.0214844 0.0488281
0 0.392578 0.375 0.0449219 0.0175781
0 0.303711 0.761719 0.0429688 0.0351562
0 0.444824 0.727051 0.0341797 0.120117
0 0.500977 0.86377 0.0527344 0.0595703
0 0.581543 0.552734 0.0439453 0.03125
0 0.459961 0.852051 0.0253906 0.0615234
0 0.680176 0.679199 0.0361328 0.0224609
0 0.441406 0.754883 0.0273438 0.0742188
0 0.484863 0.928711 0.0380859 0.0585938
0 0.399414 0.807129 0.0585938 0.0380859
0 0.471191 0.554688 0.0498047 0.0410156
0 0.614746 0.363281 0.0185547 0.0625
0 0.603516 0.337891 0.0214844 0.0820312
0 0.462891 0.741699 0.0253906 0.0712891
0 0.387695 0.65332 0.0292969 0.0742188
0 0.379883 0.446777 0.0507812 0.0341797
0 0.39209 0.40332 0.0361328 0.0605469
0 0.433105 0.873047 0.0400391 0.0585938
0 0.332031 0.64502 0.0292969 0.0673828
0 0.595215 0.558594 0.0595703 0.0273438
0 0.353027 0.595215 0.0732422 0.0361328
0 0.358398 0.680176 0.0605469 0.0634766
0 0.350586 0.277344 0.0410156 0.0820312
0 0.524414 0.925781 0.046875 0.046875
0 0.491211 0.748535 0.0449219 0.0986328
0 0.587402 0.53125 0.0576172 0.03125
0 0.607422 0.256348 0.0488281 0.0517578
0 0.494629 0.248047 0.0361328 0.0429688
0 0.618164 0.455566 0.03125 0.0517578
0 0.581543 0.692383 0.0615234 0.0390625
0 0.388672 0.472656 0.0292969 0.046875
0 0.510742 0.421387 0.0703125 0.0322266
0 0.378418 0.495117 0.0498047 0.0429688
0 0.403809 0.512695 0.0419922 0.0664062
0 0.587402 0.381836 0.0205078 0.0839844
0 0.477539 0.344727 0.0292969 0.0800781
0 0.428223 0.475098 0.0361328 0.0419922
0 0.416992 0.557129 0.0566406 0.0283203
0 0.353516 0.450195 0.0371094 0.0683594
0 0.430664 0.828613 0.0390625 0.0478516
0 0.657227 0.697266 0.0664062 0.03125
0 0.435547 0.654297 0.0625 0.0332031
0 0.533203 0.476562 0.0371094 0.0761719
0 0.493652 0.283203 0.0478516 0.0449219
0 0.473145 0.674805 0.0498047 0.0273438
0 0.457031 0.57959 0.0546875 0.0537109
0 0.504395 0.644531 0.0556641 0.0546875
0 0.548828 0.542969 0.0332031 0.078125
0 0.630859 0.372559 0.0234375 0.0810547
0 0.530762 0.213867 0.0205078 0.078125
0 0.603516 0.419922 0.0410156 0.0507812
0 0.431152 0.923828 0.0224609 0.0625
0 0.366211 0.822754 0.0429688 0.0478516
0 0.40332 0.854492 0.0292969 0.078125
0 0.746094 0.566406 0.0429688 0.0839844
0 0.493164 0.459473 0.0527344 0.0556641
0 0.50293 0.21582 0.046875 0.0488281
0 0.67041 0.54541 0.0439453 0.0595703
0 0.625 0.273438 0.0585938 0.0585938
0 0.435059 0.508301 0.0419922 0.0595703
0 0.716309 0.495605 0.0478516 0.0537109
0 0.411133 0.753418 0.046875 0.0771484
0 0.28125 0.366211 0.046875 0.0625
0 0.597168 0.499023 0.0556641 0.0488281
0 0.425781 0.378906 0.0644531 0.0488281
0 0.545898 0.304199 0.0390625 0.102539
0 0.259277 0.690918 0.0400391 0.0556641
0 0.387207 0.307129 0.0615234 0.0439453
0 0.558594 0.645508 0.0488281 0.0546875
0 0.474121 0.413086 0.0556641 0.0546875
0 0.51709 0.535156 0.0380859 0.0449219
0 0.358398 0.512695 0.0507812 0.0585938
0 0.327148 0.46582 0.0410156 0.0585938
0 0.368652 0.19043 0.0419922 0.0585938
0 0.388672 0.272949 0.0488281 0.0556641
0 0.796387 0.681641 0.0439453 0.0722656
