0 0.325684 0.231934 0.0341797 0.0400391
0 0.983398 0.529785 0.0234375 0.0224609
0 0.342773 0.303223 0.0292969 0.0185547
0 0.474609 0.736816 0.0234375 0.0224609
0 0.390625 0.445312 0.0488281 0.046875
0 0.81543 0.651367 0.0273438 0.0273438
0 0.631348 0.537109 0.0439453 0.0527344
0 0.347168 0.286133 0.0380859 0.0175781
0 0.655273 0.42041 0.0507812 0.0341797
0 0.606445 0.224609 0.0410156 0.0273438
0 0.822266 0.601562 0.0332031 0.0507812
0 0.687988 0.217773 0.0380859 0.0566406
0 0.535645 0.324707 0.0322266 0.0322266
0 0.324707 0.905762 0.0341797 0.0166016
0 0.504883 0.67627 0.03125 0.0224609
0 0.633789 0.400879 0.0449219 0.0322266
0 0.564941 0.303223 0.0302734 0.0380859
