0 0.821289 0.491211 0.0234375 0.0273438
0 0.374512 0.498535 0.0810547 0.0205078
0 0.408691 0.603516 0.0400391 0.0195312
0 0.487305 0.627441 0.0761719 0.0302734
0 0.126465 0.634277 0.0830078 0.0224609
0 0.5 0.671875 0.0683594 0.0527344
0 0.779785 0.526367 0.0810547 0.0292969
0 0.417969 0.509277 0.0722656 0.0224609
0 0.449219 0.537109 0.09375 0.0292969
0 0.391113 0.54248 0.0439453 0.0595703
0 0.825684 0.515625 0.0693359 0.0234375
0 0.362793 0.349121 0.0732422 0.0361328
0 0.407227 0.718262 0.078125 0.0576172
0 0.563965 0.565918 0.0556641 0.0361328
0 0.35498 0.550293 0.0615234 0.0615234
0 0.0883789 0.574219 0.0751953 0.0546875
0 0.578125 0.501953 0.0917969 0.0351562
0 0.898926 0.557617 0.0849609 0.03125
0 0.77002 0.475586 0.0400391 0.0546875
0 0.530273 0.503906 0.0566406 0.046875
0 0.355957 0.626465 0.0556641 0.0537109
0 0.312988 0.54834 0.0263672 0.0576172
0 0.641113 0.786133 0.0576172 0.046875
0 0.683594 0.782715 0.0605469 0.0537109
0 0.551758 0.663086 0.0410156 0.0585938
0 0.341797 0.681641 0.0410156 0.0546875
0 0.559082 0.762207 0.0498047 0.0458984
0 0.510742 0.474609 0.0371094 0.0546875
0 0.574219 0.368652 0.0839844 0.0576172
0 0.463867 0.570801 0.0507812 0.0556641
0 0.472656 0.496582 0.0292969 0.0439453
0 0.462402 0.69043 0.0322266 0.046875
0 0.670898 0.488281 0.0703125 0.0390625
0 0.695801 0.300293 0.0556641 0.0498047
0 0.687988 0.518555 0.0341797 0.0507812
0 0.311035 0.71582 0.0537109 0.0546875
0 0.43457 0.348633 0.0429688 0.0664062
0 0.493164 0.512207 0.0234375 0.0439453
0 0.528809 0.545898 0.0712891 0.0351562
0 0.651855 0.523926 0.0498047 0.0576172
