0 0.454102 0.767578 0.03125 0.0175781
0 0.376953 0.808105 0.0253906 0.0302734
0 0.206543 0.645508 0.0146484 0.0292969
0 0.612305 0.17041 0.0214844 0.0419922
0 0.396973 0.473145 0.0205078 0.0322266
0 0.295898 0.793457 0.0136719 0.0341797
0 0.157715 0.352539 0.0107422 0.03125
0 0.69043 0.509277 0.0195312 0.0322266
0 0.560059 0.384766 0.0361328 0.0175781
0 0.5625 0.256348 0.0175781 0.0361328
0 0.138184 0.748047 0.0302734 0.0332031
0 0.482422 0.144043 0.00976562 0.0283203
0 0.504883 0.836426 0.0351562 0.0263672
0 0.268066 0.387695 0.0205078 0.0214844
0 0.134766 0.784668 0.0273438 0.0146484
0 0.257324 0.208984 0.0283203 0.0195312
0 0.455566 0.152832 0.0263672 0.0205078
0 0.357422 0.437012 0.0253906 0.0244141
0 0.538086 0.00439453 0.0234375 0.00878906
0 0.218262 0.62793 0.0166016 0.0292969
0 0.0678711 0.453125 0.0224609 0.0351562
0 0.379395 0.193359 0.0263672 0.0195312
0 0.171387 0.38623 0.0146484 0.0361328
0 0.431152 0.527832 0.0107422 0.0302734
0 0.291504 0.381836 0.0185547 0.0390625
0 0.40332 0.56543 0.0117188 0.0351562
0 0.681152 0.190918 0.0224609 0.0185547
0 0.557129 0.207031 0.0283203 0.0195312
0 0.59668 0.716797 0.0214844 0.0527344
0 0.570312 0.395996 0.0234375 0.0146484
0 0.0839844 0.612793 0.0332031 0.0126953
0 0.277344 0.00634766 0.015625 0.0126953
0 0.547363 0.770996 0.0283203 0.0341797
0 0.629883 0.724609 0.0253906 0.0371094
0 0.532715 0.474609 0.0322266 0.0175781
0 0.40332 0.0556641 0.0078125 0.0332031
0 0.114746 0.382812 0.0244141 0.0117188
0 0.413574 0.753906 0.0302734 0.0195312
0 0.15625 0.457031 0.03125 0.0234375
0 0.323242 0.816406 0.0351562 0.0214844
0 0.555176 0.845703 0.0302734 0.0195312
0 0.672363 0.586914 0.0185547 0.0449219
0 0.581543 0.555176 0.0146484 0.0478516
0 0.678711 0.274414 0.0234375 0.0390625
0 0.174316 0.710449 0.0185547 0.0263672
0 0.48291 0.790039 0.0244141 0.0351562
0 0.480957 0.682129 0.0224609 0.0302734
0 0.607422 0.249512 0.0273438 0.0263672
0 0.319824 0.503418 0.0107422 0.0361328
0 0.497559 0.15625 0.0205078 0.0292969
0 0.650879 0.991699 0.0283203 0.0166016
0 0.660156 0.231445 0.0273438 0.03125
0 0.0708008 0.166504 0.0166016 0.0283203
0 0.168457 0.416504 0.0283203 0.0185547
0 0.427734 0.470215 0.0253906 0.0322266
0 0.225586 0.515137 0.0136719 0.0341797
0 0.248047 0.15918 0.0136719 0.0410156
0 0.615234 0.407227 0.0234375 0.015625
0 0.194336 0.270508 0.0214844 0.0332031
0 0.101074 0.592773 0.0205078 0.0292969
0 0.269043 0.736816 0.0224609 0.0419922
0 0.288086 0.353516 0.0253906 0.0195312
0 0.274902 0.440918 0.0263672 0.0146484
0 0.398438 0.798828 0.0273438 0.0195312
0 0.341309 0.78418 0.0322266 0.0351562
0 0.442871 0.78125 0.0224609 0.0214844
0 0.63916 0.223633 0.0146484 0.0292969
0 0.307617 0.396973 0.0175781 0.0361328
0 0.631348 0.304199 0.0302734 0.0224609
0 0.664551 0.215332 0.0224609 0.0263672
0 0.25 0.497559 0.0117188 0.0361328
0 0.436035 0.430176 0.0185547 0.0361328
0 0.185547 0.456055 0.0253906 0.0214844
0 0.542969 0.29541 0.0175781 0.0302734
0 0.649902 0.287598 0.0126953 0.0302734
0 0.202637 0.0874023 0.0263672 0.0166016
0 0.44043 0.183105 0.0195312 0.0263672
0 0.929199 0.210938 0.0302734 0.03125
0 0.0805664 0.508301 0.0419922 0.0224609
0 0.675781 0.666016 0.0273438 0.0214844
0 0.337891 0.587891 0.0332031 0.0234375
0 0.416504 0.547363 0.0185547 0.0263672
0 0.507812 0.794434 0.0390625 0.0283203
0 0.234375 0.708496 0.0273438 0.0302734
0 0.324707 0.147461 0.0302734 0.0273438
0 0.283691 0.32959 0.0224609 0.0361328
0 0.414062 0.677246 0.03125 0.0224609
0 0.617188 0.61084 0.0253906 0.0263672
0 0.484375 0.713379 0.0175781 0.0419922
0 0.034668 0.138672 0.0107422 0.03125
0 0.138672 0.447754 0.0117188 0.0361328
0 0.333496 0.550781 0.0341797 0.0214844
0 0.534668 0.84375 0.0302734 0.0214844
0 0.655762 0.482422 0.0166016 0.0351562
0 0.513184 0.667969 0.0380859 0.0214844
0 0.130859 0.711914 0.0214844 0.0351562
0 0.0996094 0.479492 0.0332031 0.0273438
0 0.364258 0.279297 0.0292969 0.0195312
0 0.118164 0.338867 0.015625 0.0273438
0 0.581055 0.166992 0.0175781 0.0234375
0 0.421387 0.82959 0.0361328 0.0244141
0 0.527832 0.214844 0.0244141 0.0273438
0 0.312012 0.376953 0.0244141 0.03125
0 0.563477 0.758301 0.0214844 0.0498047
0 0.235352 0.510742 0.0117188 0.0351562
0 0.416992 0.709473 0.0175781 0.0380859
0 0.665527 0.465332 0.0244141 0.0283203
0 0.59082 0.555664 0.0136719 0.0429688
0 0.147949 0.731934 0.0263672 0.0419922
0 0.370117 0.375 0.0195312 0.0351562
0 0.399414 0.82666 0.0136719 0.0458984
0 0.643066 0.320801 0.0185547 0.0341797
0 0.507812 0.772461 0.0351562 0.0234375
0 0.193359 0.596191 0.0195312 0.0380859
0 0.509766 0.393066 0.015625 0.0458984
0 0.474121 0.0561523 0.0185547 0.0283203
0 0.206055 0.75 0.0351562 0.0195312
0 0.271973 0.568848 0.0244141 0.0400391
0 0.594727 0.174805 0.0175781 0.0371094
0 0.681641 0.430176 0.0234375 0.0224609
0 0.370605 0.535645 0.0224609 0.0361328
0 0.618164 0.205078 0.0292969 0.0214844
0 0.620117 0.170898 0.015625 0.0449219
0 0.21875 0.683105 0.03125 0.0380859
0 0.650879 0.679199 0.0166016 0.0361328
0 0.652344 0.449219 0.0234375 0.0351562
0 0.527832 0.822266 0.0361328 0.0292969
0 0.034668 0.551758 0.0205078 0.0371094
0 0.36084 0.193359 0.0126953 0.0351562
0 0.728027 0.282227 0.00878906 0.0332031
0 0.429688 0.711914 0.0253906 0.0351562
0 0.447266 0.396484 0.0195312 0.0332031
0 0.453613 0.0664062 0.0224609 0.0175781
0 0.61377 0.596191 0.0263672 0.0302734
0 0.129883 0.635742 0.0332031 0.0214844
0 0.649902 0.533691 0.0166016 0.0439453
0 0.248047 0.44873 0.03125 0.0166016
0 0.303223 0.760254 0.0263672 0.0400391
0 0.22998 0.623047 0.0263672 0.0351562
0 0.240723 0.788086 0.0107422 0.0390625
0 0.474609 0.735352 0.0273438 0.03125
0 0.441406 0.498535 0.0292969 0.0302734
0 0.558594 0.351074 0.0136719 0.0380859
0 0.359863 0.3125 0.0224609 0.0253906
0 0.583008 0.402832 0.0195312 0.0224609
0 0.115723 0.612793 0.0146484 0.0458984
0 0.202637 0.764648 0.0341797 0.015625
0 0.486328 0.859863 0.0351562 0.0224609
0 0.513672 0.645996 0.03125 0.0224609
0 0.694336 0.43457 0.015625 0.03125
0 0.55957 0.401367 0.03125 0.0175781
0 0.358887 0.608398 0.0244141 0.0195312
0 0.331055 0.282715 0.03125 0.0185547
0 0.294434 0.773438 0.0263672 0.0253906
0 0.566406 0.427734 0.015625 0.0351562
0 0.414551 0.85498 0.0302734 0.0361328
0 0.458008 0.625977 0.0234375 0.0332031
0 0.337402 0.303223 0.0322266 0.0224609
0 0.258789 0.0776367 0.03125 0.0302734
0 0.458496 0.475098 0.0263672 0.0263672
0 0.313965 0.0561523 0.0263672 0.0283203
0 0.503906 0.725098 0.03125 0.0283203
0 0.267578 0.244141 0.0234375 0.0332031
0 0.236816 0.469727 0.0146484 0.0390625
0 0.0805664 0.626953 0.0361328 0.0234375
0 0.645996 0.716309 0.0126953 0.0458984
0 0.102539 0.452637 0.0253906 0.0361328
0 0.57959 0.147461 0.0126953 0.0292969
0 0.409668 0.533203 0.0302734 0.0253906
0 0.392578 0.769043 0.0292969 0.0400391
0 0.0639648 0.524902 0.0302734 0.0224609
0 0.5 0.46582 0.0273438 0.0351562
0 0.600586 0.401367 0.0253906 0.0292969
0 0.201172 0.216797 0.0214844 0.0390625
0 0.583984 0.59375 0.0273438 0.0351562
0 0.493164 0.504395 0.015625 0.0419922
0 0.519531 0.925293 0.0410156 0.0322266
0 0.669922 0.500977 0.0273438 0.0175781
0 0.618652 0.647949 0.0244141 0.0380859
0 0.398438 0.70752 0.0214844 0.0439453
0 0.322754 0.836426 0.0361328 0.0185547
0 0.434082 0.737305 0.0302734 0.0234375
0 0.293945 0.566895 0.0253906 0.0302734
0 0.647461 0.627441 0.0195312 0.0439453
0 0.633789 0.61084 0.015625 0.0439453
0 0.46582 0.165039 0.0214844 0.03125
0 0.224121 0.107422 0.0263672 0.0136719
0 0.391602 0.726562 0.0253906 0.0292969
0 0.394043 0.220215 0.0283203 0.0205078
0 0.510742 0.131348 0.0175781 0.0283203
0 0.571777 0.795898 0.0146484 0.0429688
0 0.682617 0.226074 0.0273438 0.0244141
0 0.750977 0.287598 0.0273438 0.0185547
0 0.654785 0.194824 0.0224609 0.0224609
0 0.195312 0.244141 0.0332031 0.0214844
0 0.0566406 0.497559 0.0351562 0.0283203
0 0.601074 0.445312 0.0322266 0.0371094
0 0.610352 0.377441 0.0253906 0.0244141
0 0.229492 0.242188 0.0273438 0.0117188
0 0.604004 0.266113 0.0322266 0.0205078
0 0.352539 0.23584 0.0273438 0.0283203
0 0.482422 0.174805 0.015625 0.0449219
0 0.554688 0.554199 0.0273438 0.0283203
0 0.496094 0.223145 0.03125 0.0244141
0 0.655762 0.178223 0.0224609 0.0302734
0 0.536621 0.112793 0.0263672 0.0166016
0 0.63916 0.274414 0.0185547 0.0292969
0 0.605469 0.232422 0.0253906 0.0292969
0 0.250977 0.8125 0.015625 0.0449219
0 0.357422 0.141113 0.015625 0.0322266
0 0.0390625 0.731445 0.0351562 0.0234375
0 0.538574 0.343262 0.0302734 0.0185547
0 0.445801 0.750488 0.0322266 0.0185547
0 0.343262 0.704102 0.0302734 0.0195312
0 0.143555 0.771484 0.03125 0.0292969
0 0.631836 0.245605 0.015625 0.0341797
0 0.148926 0.566895 0.0380859 0.0205078
0 0.449219 0.26416 0.03125 0.0185547
0 0.658203 0.691895 0.0175781 0.0400391
0 0.580078 0.762695 0.03125 0.0351562
0 0.338379 0.21582 0.0205078 0.0351562
0 0.199707 0.62793 0.0224609 0.03125
0 0.322754 0.568848 0.0302734 0.0205078
0 0.470703 0.74707 0.0253906 0.0351562
0 0.540527 0.575684 0.0107422 0.0439453
0 0.548828 0.801758 0.0214844 0.0390625
0 0.498047 0.119141 0.0175781 0.0332031
0 0.294922 0.424805 0.0234375 0.03125
0 0.582031 0.71875 0.0175781 0.0449219
0 0.408203 0.355469 0.0292969 0.0253906
0 0.0395508 0.84668 0.0302734 0.0234375
0 0.216309 0.552246 0.0126953 0.0400391
0 0.370605 0.236328 0.0146484 0.0429688
0 0.532227 0.498047 0.03125 0.0214844
0 0.196289 0.960449 0.0273438 0.0244141
0 0.622559 0.739746 0.0302734 0.0302734
0 0.160645 0.651855 0.0322266 0.0185547
0 0.584961 0.620605 0.0253906 0.0302734
0 0.398926 0.621582 0.0302734 0.0283203
0 0.408691 0.662598 0.0283203 0.0126953
0 0.279297 0.809082 0.015625 0.0400391
0 0.203125 0.671875 0.0273438 0.0371094
0 0.227051 0.291016 0.0322266 0.0214844
0 0.186523 0.435547 0.0195312 0.0332031
0 0.222656 0.809082 0.0351562 0.0185547
0 0.550781 0.140137 0.015625 0.0419922
0 0.16748 0.755859 0.0380859 0.0214844
0 0.0078125 0.804199 0.015625 0.0419922
0 0.475098 0.814941 0.0322266 0.0283203
0 0.558594 0.59082 0.0214844 0.0351562
0 0.506836 0.192383 0.0234375 0.0292969
0 0.0488281 0.612793 0.0273438 0.0361328
0 0.352051 0.681152 0.0322266 0.0263672
0 0.567383 0.962402 0.0195312 0.0458984
0 0.170898 0.589355 0.0332031 0.0224609
0 0.0859375 0.554688 0.0351562 0.0175781
0 0.689453 0.300781 0.0234375 0.0449219
0 0.497559 0.369141 0.0244141 0.0351562
0 0.133301 0.67627 0.0283203 0.0400391
0 0.566895 0.869629 0.0263672 0.0361328
0 0.0976562 0.668457 0.0273438 0.0283203
0 0.415039 0.881836 0.0175781 0.0390625
0 0.439941 0.862305 0.0322266 0.0195312
0 0.555176 0.873047 0.0283203 0.0351562
0 0.581543 0.95166 0.0166016 0.0498047
0 0.623535 0.492188 0.0283203 0.0273438
0 0.557129 0.635254 0.0263672 0.0283203
0 0.421875 0.802246 0.0195312 0.0419922
0 0.700684 0.533203 0.0302734 0.0214844
0 0.585938 0.369141 0.0253906 0.0195312
0 0.0185547 0.678711 0.0351562 0.0371094
0 0.0258789 0.695312 0.0361328 0.03125
0 0.612793 0.859375 0.0263672 0.0332031
0 0.161621 0.725586 0.0244141 0.0429688
0 0.169434 0.631348 0.0400391 0.0205078
0 0.358887 0.73291 0.0341797 0.0263672
0 0.234375 0.896973 0.0332031 0.0166016
0 0.0654297 0.596191 0.0214844 0.0361328
0 0.0673828 0.72168 0.0234375 0.0390625
0 0.53125 0.868652 0.0332031 0.0263672
0 0.66748 0.908691 0.0283203 0.0419922
0 0.625 0.28418 0.0351562 0.0214844
0 0.209473 0.878418 0.0361328 0.0244141
0 0.273926 0.849121 0.0322266 0.0205078
0 0.322754 0.680176 0.0302734 0.0283203
0 0.360352 0.86084 0.0273438 0.0419922
0 0.191895 0.98584 0.0361328 0.0263672
0 0.444336 0.812012 0.0253906 0.0419922
0 0.507324 0.892578 0.0283203 0.0371094
0 0.591309 0.857422 0.0224609 0.0449219
0 0.461914 0.897949 0.0273438 0.0361328
