0 0.586914 0.597168 0.0839844 0.0537109
0 0.206543 0.445312 0.0537109 0.0957031
0 0.628418 0.430664 0.0673828 0.0820312
0 0.578613 0.741211 0.0966797 0.0625
0 0.652344 0.366211 0.0957031 0.0683594
0 0.345703 0.375977 0.0605469 0.101562
0 0.348633 0.275879 0.0839844 0.104492
0 0.544434 0.61377 0.0615234 0.0966797
0 0.578613 0.98584 0.0576172 0.0283203
0 0.658691 0.431152 0.0595703 0.0869141
0 0.526367 0.742188 0.0839844 0.0566406
0 0.630371 0.691406 0.0634766 0.0996094
0 0.609863 0.387695 0.0830078 0.0605469
0 0.508789 0.589844 0.0449219 0.109375
0 0.607422 0.336914 0.0957031 0.078125
0 0.506348 0.647461 0.0791016 0.0917969
0 0.26123 0.53125 0.0751953 0.0800781
0 0.447754 0.663574 0.0654297 0.100586
0 0.516113 0.786621 0.0693359 0.0791016
0 0.468262 0.960938 0.102539 0.0761719
0 0.68457 0.501465 0.078125 0.0615234
0 0.428711 0.601562 0.101562 0.115234
0 0.632812 0.79248 0.0976562 0.0634766
0 0.475098 0.742188 0.0458984 0.107422
0 0.37207 0.316895 0.103516 0.0947266
0 0.306152 0.289551 0.0654297 0.133789
0 0.594727 0.651855 0.0507812 0.0966797
0 0.428711 0.714355 0.0820312 0.0966797
0 0.479492 0.568359 0.0566406 0.107422
0 0.556641 0.375977 0.0703125 0.101562
0 0.487793 0.674805 0.0517578 0.09375
0 0.379395 0.4375 0.0615234 0.113281
0 0.550293 0.549316 0.0771484 0.0966797
0 0.210938 0.535156 0.0917969 0.0820312
0 0.573242 0.700195 0.0859375 0.078125
0 0.711914 0.231934 0.0742188 0.12793
0 0.589355 0.200195 0.0673828 0.128906
0 0.647461 0.735352 0.0820312 0.0976562
0 0.492676 0.368164 0.0869141 0.0820312
0 0.237793 0.455566 0.110352 0.104492
0 0.446289 0.456055 0.0683594 0.117188
0 0.657227 0.612305 0.0546875 0.117188
0 0.570801 0.289551 0.0791016 0.102539
0 0.649902 0.851562 0.0927734 0.103516
0 0.394531 0.775391 0.0585938 0.134766
0 0.617188 0.46875 0.0976562 0.078125
0 0.766113 0.609863 0.0966797 0.0654297
0 0.263184 0.949707 0.0673828 0.100586
0 0.519531 0.425781 0.0742188 0.111328
0 0.774414 0.700684 0.0546875 0.12207
0 0.682129 0.572754 0.0615234 0.114258
0 0.828613 0.474609 0.100586 0.0683594
0 0.348633 0.907715 0.0820312 0.0830078
0 0.337891 0.853027 0.0800781 0.0947266
0 0.283203 0.608398 0.0996094 0.0878906
0 0.404785 0.250488 0.0888672 0.100586
0 0.258301 0.33252 0.0966797 0.0830078
0 0.462891 0.132812 0.0800781 0.123047
0 0.48291 0.842773 0.0888672 0.0859375
0 0.740723 0.53125 0.0712891 0.115234
0 0.867188 0.62207 0.0839844 0.0878906
0 0.71875 0.672363 0.0878906 0.0966797
