0 0.512695 0.518066 0.03125 0.0244141
0 0.605469 0.674805 0.0234375 0.03125
0 0.460938 0.409668 0.0214844 0.0146484
0 0.574219 0.646484 0.0273438 0.0214844
0 0.450684 0.558594 0.0205078 0.0195312
0 0.522461 0.62793 0.0292969 0.0136719
0 0.419922 0.666016 0.0253906 0.0253906
0 0.550293 0.755859 0.0322266 0.0273438
0 0.573242 0.741211 0.0371094 0.0351562
0 0.574707 0.697754 0.0302734 0.0283203
0 0.488281 0.505859 0.0371094 0.0195312
0 0.592773 0.693848 0.0351562 0.0400391
0 0.519531 0.613281 0.03125 0.0214844
0 0.422852 0.424316 0.0175781 0.0419922
0 0.516113 0.755371 0.0322266 0.0380859
0 0.569336 0.768555 0.0175781 0.03125
0 0.561523 0.719727 0.0332031 0.0234375
0 0.605957 0.70752 0.0224609 0.0322266
0 0.547852 0.746094 0.03125 0.0214844
0 0.576172 0.666992 0.0292969 0.0195312
0 0.437988 0.685547 0.0341797 0.0273438
0 0.5 0.676758 0.0234375 0.03125
0 0.467285 0.46582 0.0146484 0.0507812
0 0.556641 0.600586 0.0410156 0.0253906
0 0.447754 0.664062 0.0341797 0.0175781
0 0.467773 0.720215 0.0292969 0.0185547
0 0.461426 0.341309 0.0205078 0.0458984
0 0.456055 0.680176 0.0234375 0.0205078
0 0.411621 0.45459 0.0205078 0.0498047
0 0.518066 0.664062 0.0263672 0.0449219
0 0.470215 0.658203 0.0166016 0.0449219
0 0.549805 0.474609 0.0117188 0.0449219
0 0.52002 0.456055 0.0419922 0.0234375
0 0.541016 0.77832 0.0332031 0.0195312
0 0.570312 0.62793 0.03125 0.0214844
0 0.436523 0.394043 0.0332031 0.0185547
0 0.404297 0.394531 0.0371094 0.0175781
0 0.481445 0.582031 0.0136719 0.0429688
0 0.430176 0.616699 0.0224609 0.0400391
0 0.476074 0.433594 0.0283203 0.03125
0 0.557129 0.639648 0.0205078 0.0449219
0 0.611328 0.759766 0.0390625 0.0214844
0 0.464355 0.587402 0.0224609 0.0322266
0 0.464355 0.545898 0.0341797 0.0273438
0 0.388672 0.454102 0.03125 0.0410156
0 0.447754 0.440918 0.0341797 0.0341797
0 0.645996 0.489746 0.0419922 0.0283203
0 0.492188 0.528809 0.0351562 0.0244141
0 0.521484 0.549805 0.0292969 0.0214844
0 0.490723 0.38623 0.0244141 0.0380859
0 0.452637 0.476562 0.0263672 0.0410156
0 0.564453 0.57373 0.0390625 0.0283203
0 0.428711 0.640137 0.03125 0.0322266
0 0.529785 0.593262 0.0380859 0.0205078
0 0.535645 0.669922 0.0302734 0.0351562
0 0.48877 0.348145 0.0244141 0.0380859
0 0.452637 0.522949 0.0341797 0.0263672
0 0.452148 0.424316 0.0351562 0.0361328
0 0.530762 0.493652 0.0302734 0.0322266
0 0.609375 0.584473 0.0175781 0.0537109
0 0.473633 0.341309 0.0175781 0.0478516
0 0.451172 0.581543 0.03125 0.0322266
0 0.527344 0.47168 0.0429688 0.0253906
0 0.764648 0.71875 0.046875 0.0429688
0 0.512207 0.773926 0.0341797 0.0400391
0 0.635254 0.460938 0.0283203 0.0429688
0 0.560547 0.691406 0.0351562 0.0292969
0 0.648926 0.824219 0.0302734 0.0253906
0 0.606445 0.742188 0.0332031 0.0371094
0 0.655273 0.553711 0.0292969 0.0273438
0 0.544434 0.42627 0.0244141 0.0478516
0 0.553223 0.662109 0.0185547 0.0410156
0 0.451172 0.643066 0.0410156 0.0380859
0 0.592285 0.624023 0.0244141 0.0488281
0 0.516602 0.434082 0.03125 0.0283203
0 0.63916 0.57666 0.0400391 0.0283203
0 0.628906 0.586914 0.0273438 0.0292969
0 0.455566 0.615234 0.0361328 0.0214844
0 0.484863 0.690918 0.0302734 0.0263672
0 0.433594 0.713867 0.03125 0.0351562
0 0.477051 0.388184 0.0263672 0.0361328
0 0.629395 0.665039 0.0244141 0.0488281
0 0.667969 0.689453 0.0410156 0.0253906
0 0.532227 0.648438 0.0253906 0.0273438
0 0.590332 0.783203 0.0322266 0.0410156
0 0.611328 0.652832 0.0371094 0.0322266
