0 0.113281 0.190918 0.0292969 0.0361328
0 0.339355 0.128418 0.0146484 0.0478516
0 0.581543 0.540527 0.0361328 0.0419922
0 0.549805 0.0078125 0.0410156 0.015625
0 0.357422 0.205566 0.0292969 0.0673828
0 0.345703 0.213867 0.0253906 0.0585938
0 0.876465 0.0107422 0.0263672 0.0214844
0 0.438477 0.0258789 0.0175781 0.0517578
0 0.677734 0.47998 0.0175781 0.0478516
0 0.572266 0.254395 0.0195312 0.0654297
0 0.180664 0.866211 0.0449219 0.0527344
0 0.513672 0.299316 0.0195312 0.0517578
0 0.609375 0.888672 0.0507812 0.0390625
0 0.582031 0.867188 0.0507812 0.046875
0 0.620117 0.363281 0.0253906 0.0800781
0 0.600586 0.219727 0.0175781 0.0566406
0 0.560547 0.260742 0.0195312 0.0644531
0 0.790039 0.0117188 0.0253906 0.0234375
0 0.48584 0.655273 0.0400391 0.0449219
0 0.577148 0.0610352 0.0410156 0.0419922
0 0.820312 0.945312 0.03125 0.0507812
0 0.48291 0.679688 0.0498047 0.0527344
0 0.665039 0.0625 0.0371094 0.0527344
0 0.338867 0.22998 0.0332031 0.0419922
0 0.292969 0.310547 0.0429688 0.0488281
0 0.623535 0.24707 0.0322266 0.0273438
0 0.875 0.241211 0.03125 0.0273438
0 0.709961 0.388184 0.0527344 0.0322266
0 0.396973 0.525879 0.0263672 0.0595703
0 0.280273 0.23291 0.0175781 0.0654297
0 0.575195 0.571289 0.0371094 0.0566406
0 0.643555 0.103027 0.0214844 0.0517578
0 0.949219 0.0253906 0.03125 0.0429688
0 0.304688 0.125 0.0371094 0.03125
0 0.38623 0.196289 0.0400391 0.0332031
0 0.762695 0.508301 0.0488281 0.0576172
0 0.611816 0.855469 0.0458984 0.0527344
0 0.181152 0.404785 0.0380859 0.0595703
0 0.492188 0.166992 0.0546875 0.0488281
0 0.624023 0.419922 0.0273438 0.0546875
0 0.360352 0.269043 0.0449219 0.0283203
0 0.34668 0.291504 0.0390625 0.0419922
0 0.616699 0.108398 0.0361328 0.0644531
0 0.385742 0.127441 0.0527344 0.0419922
0 0.40332 0.385742 0.0292969 0.0761719
0 0.576172 0.67627 0.0195312 0.0830078
0 0.544434 0.470215 0.0205078 0.0693359
0 0.647461 0.0678711 0.0332031 0.0478516
0 0.853027 0.216797 0.0322266 0.0292969
0 0.564941 0.121094 0.0322266 0.0429688
0 0.457031 0.520508 0.0390625 0.0410156
0 0.955566 0.605957 0.0341797 0.0322266
0 0.451172 0.0258789 0.03125 0.0517578
0 0.319824 0.0947266 0.0263672 0.0507812
0 0.325195 0.69043 0.0175781 0.0761719
0 0.681152 0.367676 0.0341797 0.0361328
0 0.769043 0.789062 0.0322266 0.0722656
0 0.745605 0.281738 0.0361328 0.0771484
0 0.421875 0.212402 0.0390625 0.0595703
0 0.619141 0.184082 0.0351562 0.0556641
0 0.212402 0.401367 0.0244141 0.0917969
0 0.484375 0.356934 0.0390625 0.0419922
0 0.439453 0.344727 0.0273438 0.0683594
0 0.59375 0.927734 0.0390625 0.0390625
0 0.719727 0.651367 0.0410156 0.0390625
0 0.244629 0.211914 0.0458984 0.0605469
0 0.608398 0.26123 0.0371094 0.0322266
0 0.662109 0.331055 0.0234375 0.0683594
0 0.341797 0.698242 0.0234375 0.0800781
0 0.527832 0.353027 0.0361328 0.0458984
0 0.460449 0.621582 0.0400391 0.0458984
0 0.586914 0.251953 0.0195312 0.0625
0 0.316406 0.361328 0.0429688 0.03125
0 0.517578 0.867188 0.0273438 0.0742188
0 0.634766 0.205078 0.0351562 0.0390625
0 0.217773 0.268066 0.0488281 0.0419922
0 0.688477 0.600586 0.0390625 0.0351562
0 0.393066 0.849609 0.0380859 0.0507812
0 0.263672 0.266602 0.046875 0.0351562
0 0.344238 0.888672 0.0458984 0.0390625
0 0.441406 0.59082 0.0390625 0.0371094
0 0.93457 0.595703 0.0214844 0.0703125
0 0.597656 0.686523 0.03125 0.0527344
0 0.80127 0.775391 0.0322266 0.0390625
0 0.323242 0.314941 0.0214844 0.0654297
0 0.720215 0.977539 0.0537109 0.0449219
0 0.266113 0.304688 0.0400391 0.0605469
0 0.241699 0.447266 0.0478516 0.0449219
0 0.540039 0.381348 0.0332031 0.0673828
0 0.854492 0.740234 0.0253906 0.0664062
0 0.458008 0.755859 0.0449219 0.0390625
0 0.758789 0.603516 0.0410156 0.0390625
0 0.87207 0.813477 0.0371094 0.03125
0 0.952148 0.744141 0.0390625 0.0390625
0 0.580078 0.483398 0.0253906 0.0703125
0 0.727539 0.426758 0.0371094 0.0292969
0 0.347168 0.144043 0.0283203 0.0634766
0 0.241699 0.62207 0.0283203 0.0859375
0 0.19873 0.731445 0.0439453 0.0410156
0 0.340332 0.333984 0.0224609 0.0644531
0 0.729492 0.478516 0.0371094 0.0625
0 0.402344 0.254395 0.0292969 0.0537109
0 0.584961 0.594727 0.0332031 0.0644531
0 0.317383 0.276855 0.0371094 0.0478516
0 0.652344 0.650391 0.0351562 0.0664062
0 0.594238 0.103516 0.0322266 0.0527344
0 0.606934 0.818359 0.0361328 0.0664062
0 0.0874023 0.288574 0.0419922 0.0673828
0 0.435547 0.506836 0.0410156 0.0566406
0 0.694336 0.173828 0.0410156 0.0410156
0 0.300781 0.0371094 0.0449219 0.0410156
0 0.494141 0.304199 0.0332031 0.0498047
0 0.166504 0.588867 0.0283203 0.0800781
0 0.463379 0.319824 0.0419922 0.0458984
0 0.650391 0.412109 0.0351562 0.0351562
0 0.808594 0.898438 0.0390625 0.0429688
0 0.691406 0.788086 0.046875 0.0546875
0 0.458008 0.0810547 0.0429688 0.0351562
0 0.176758 0.462402 0.0332031 0.0791016
0 0.208008 0.299805 0.0410156 0.0507812
0 0.795898 0.167969 0.0253906 0.0546875
0 0.263184 0.577148 0.0361328 0.078125
0 0.325195 0.151855 0.0253906 0.0634766
0 0.582031 0.29834 0.0351562 0.0537109
0 0.389648 0.307129 0.0292969 0.0556641
0 0.714844 0.589355 0.0429688 0.0361328
0 0.17041 0.270996 0.0244141 0.0673828
0 0.298828 0.0693359 0.0351562 0.0273438
0 0.186523 0.379395 0.0371094 0.0576172
0 0.392578 0.805664 0.046875 0.0410156
0 0.642578 0.601562 0.0351562 0.0566406
0 0.710938 0.619141 0.0390625 0.0429688
0 0.740234 0.776367 0.0390625 0.0488281
0 0.202148 0.617188 0.0332031 0.0703125
0 0.208008 0.0786133 0.0234375 0.0693359
0 0.27832 0.661133 0.0449219 0.0722656
0 0.273438 0.0888672 0.046875 0.0332031
0 0.261719 0.543945 0.0390625 0.0488281
0 0.59668 0.738281 0.0410156 0.0507812
0 0.650391 0.447754 0.0332031 0.0517578
0 0.596191 0.180664 0.0322266 0.0527344
0 0.158203 0.369141 0.015625 0.0722656
0 0.752441 0.179688 0.0380859 0.0351562
0 0.365234 0.597656 0.0390625 0.0703125
0 0.663086 0.256836 0.0410156 0.0449219
0 0.396973 0.479492 0.0458984 0.0410156
0 0.225098 0.555176 0.0380859 0.0673828
0 0.816406 0.603516 0.0351562 0.0449219
0 0.175293 0.661133 0.0419922 0.0585938
0 0.582031 0.0356445 0.0351562 0.0478516
0 0.28418 0.192871 0.0292969 0.0595703
0 0.269531 0.344238 0.0410156 0.0478516
0 0.253906 0.152344 0.0332031 0.046875
0 0.492188 0.855957 0.0351562 0.0810547
0 0.789062 0.674316 0.03125 0.0634766
0 0.366699 0.0751953 0.0419922 0.0429688
0 0.845703 0.383301 0.0390625 0.0419922
0 0.199707 0.148438 0.0419922 0.0449219
0 0.39209 0.0356445 0.0322266 0.0576172
