0 0.393066 0.48877 0.0244141 0.0361328
0 0.427734 0.425293 0.0234375 0.0166016
0 0.429688 0.303223 0.0351562 0.0419922
0 0.218262 0.582031 0.0185547 0.0546875
0 0.48877 0.464844 0.0205078 0.0488281
0 0.470703 0.387695 0.0273438 0.0332031
0 0.604492 0.490234 0.0214844 0.0390625
0 0.666992 0.442383 0.0253906 0.03125
0 0.468262 0.638184 0.0126953 0.0478516
0 0.537109 0.313965 0.03125 0.0322266
0 0.408691 0.300781 0.0283203 0.0273438
0 0.606445 0.505371 0.03125 0.0283203
0 0.29541 0.481934 0.0322266 0.0205078
0 0.572266 0.433105 0.0351562 0.0146484
0 0.625977 0.461914 0.0332031 0.0292969
0 0.410156 0.334961 0.0332031 0.0332031
0 0.732422 0.538086 0.03125 0.0644531
0 0.66748 0.495117 0.0302734 0.0292969
0 0.46875 0.307129 0.0332031 0.0263672
0 0.650879 0.397949 0.0185547 0.0458984
0 0.457031 0.47168 0.0234375 0.0507812
0 0.54248 0.474121 0.0361328 0.0185547
0 0.473145 0.285645 0.0322266 0.0478516
0 0.515625 0.525391 0.0117188 0.0351562
0 0.495117 0.356445 0.0175781 0.0371094
0 0.519043 0.40918 0.0244141 0.0449219
0 0.536133 0.394531 0.0214844 0.0371094
0 0.423828 0.488281 0.015625 0.0507812
0 0.417969 0.398438 0.015625 0.0371094
0 0.576172 0.59082 0.0371094 0.0253906
0 0.623047 0.518555 0.0371094 0.0214844
0 0.697266 0.444824 0.0234375 0.0419922
0 0.575684 0.374023 0.0146484 0.0410156
0 0.580078 0.549316 0.03125 0.0283203
0 0.405762 0.433594 0.0185547 0.03125
0 0.536133 0.345215 0.0195312 0.0361328
0 0.495117 0.27832 0.0175781 0.046875
0 0.515625 0.332031 0.03125 0.03125
0 0.479004 0.552734 0.0341797 0.0429688
0 0.583984 0.379883 0.0234375 0.0507812
0 0.599609 0.417969 0.015625 0.0507812
0 0.642578 0.395508 0.0175781 0.0449219
0 0.393555 0.400879 0.0332031 0.0224609
0 0.441406 0.299316 0.0214844 0.0322266
0 0.594727 0.452148 0.0292969 0.0351562
0 0.560059 0.507812 0.0263672 0.0351562
0 0.352051 0.500977 0.0263672 0.03125
0 0.509277 0.50293 0.0302734 0.0253906
0 0.688965 0.487305 0.0224609 0.0214844
0 0.52832 0.43457 0.0292969 0.0410156
0 0.50293 0.476562 0.0253906 0.0273438
0 0.450195 0.432617 0.0371094 0.03125
0 0.582031 0.458496 0.0273438 0.0419922
0 0.455566 0.541016 0.0185547 0.0507812
0 0.408203 0.216797 0.0390625 0.0273438
0 0.385742 0.414551 0.0371094 0.0244141
0 0.59668 0.526367 0.0371094 0.0332031
0 0.32959 0.301758 0.0341797 0.0195312
0 0.318359 0.408203 0.0351562 0.0429688
0 0.479004 0.506348 0.0361328 0.0205078
0 0.518555 0.363281 0.0253906 0.0351562
0 0.740234 0.496094 0.0390625 0.0195312
0 0.612305 0.356934 0.0371094 0.0419922
0 0.501953 0.541504 0.015625 0.0498047
0 0.356445 0.435059 0.0195312 0.0478516
0 0.720703 0.490234 0.0390625 0.0234375
0 0.461914 0.403809 0.0234375 0.0283203
0 0.00830078 0.975586 0.0166016 0.0449219
0 0.436523 0.490234 0.0175781 0.0566406
0 0.438477 0.342285 0.0234375 0.0322266
0 0.624512 0.549805 0.0361328 0.0292969
0 0.527344 0.462402 0.0449219 0.0185547
0 0.477539 0.642578 0.0175781 0.0429688
0 0.394043 0.428711 0.0283203 0.0410156
0 0.470215 0.521484 0.0361328 0.0273438
0 0.695312 0.515625 0.0351562 0.0410156
0 0.0131836 0.944336 0.0244141 0.0410156
0 0.489746 0.413086 0.0146484 0.0332031
0 0.571777 0.339355 0.0185547 0.0400391
0 0.408203 0.452148 0.0195312 0.0410156
0 0.701172 0.471191 0.03125 0.0166016
0 0.619141 0.490234 0.015625 0.0390625
0 0.483398 0.371094 0.0214844 0.0390625
0 0.301758 0.388672 0.015625 0.0546875
0 0.347168 0.291992 0.0244141 0.0332031
0 0.435547 0.450195 0.0292969 0.03125
0 0.469238 0.487793 0.0341797 0.0224609
0 0.506348 0.396484 0.0302734 0.0195312
0 0.77832 0.446289 0.015625 0.0449219
0 0.370605 0.499023 0.0244141 0.0429688
0 0.535156 0.57959 0.0234375 0.0439453
0 0.560547 0.564453 0.0273438 0.0390625
0 0.631836 0.568359 0.0253906 0.0488281
0 0.612305 0.386719 0.0332031 0.0214844
0 0.57666 0.417969 0.0302734 0.0234375
0 0.554688 0.48584 0.046875 0.0205078
0 0.529785 0.526367 0.0244141 0.0332031
0 0.350098 0.465332 0.0400391 0.0185547
0 0.552734 0.526367 0.015625 0.0449219
0 0.652832 0.552734 0.0380859 0.0273438
0 0.478516 0.568359 0.0351562 0.0234375
0 0.298828 0.527344 0.0234375 0.0507812
0 0.420898 0.447266 0.015625 0.0351562
0 0.447266 0.260742 0.0351562 0.0371094
0 0.387695 0.359375 0.0292969 0.0429688
0 0.670898 0.391602 0.0371094 0.0292969
0 0.553711 0.404785 0.0253906 0.0537109
0 0.675781 0.427734 0.0234375 0.0429688
0 0.376953 0.513672 0.0214844 0.0429688
0 0.730469 0.464355 0.0273438 0.0439453
0 0.413086 0.495117 0.0234375 0.0449219
0 0.567383 0.297363 0.0371094 0.0302734
0 0.558594 0.453613 0.0195312 0.0478516
0 0.380859 0.229004 0.0390625 0.0205078
0 0.460938 0.351562 0.0410156 0.0253906
0 0.709961 0.418945 0.0332031 0.0488281
0 0.520508 0.271484 0.0371094 0.0234375
0 0.433105 0.394043 0.0185547 0.0498047
0 0.560547 0.26709 0.0351562 0.0400391
0 0.322266 0.504883 0.0351562 0.0332031
0 0.395996 0.38623 0.0302734 0.0302734
0 0.431641 0.536133 0.0351562 0.0410156
0 0.506836 0.306152 0.0234375 0.0478516
0 0.769531 0.458008 0.0195312 0.0527344
0 0.391602 0.519531 0.0332031 0.03125
0 0.429688 0.236816 0.0390625 0.0302734
0 0.792969 0.439453 0.0234375 0.0566406
0 0.697754 0.554688 0.0283203 0.0546875
0 0.600586 0.339355 0.0410156 0.0224609
0 0.52832 0.54541 0.0351562 0.0361328
0 0.676758 0.46875 0.03125 0.03125
0 0.542969 0.29834 0.0390625 0.0302734
0 0.442871 0.279785 0.0322266 0.0361328
0 0.46582 0.25 0.0253906 0.0488281
0 0.580566 0.501465 0.0224609 0.0498047
0 0.751465 0.541992 0.0205078 0.0449219
0 0.632812 0.369629 0.0351562 0.0244141
0 0.408691 0.273438 0.0361328 0.0195312
0 0.583008 0.284668 0.0371094 0.0244141
0 0.748535 0.459473 0.0224609 0.0439453
0 0.5 0.243652 0.0429688 0.0244141
0 0.291016 0.464844 0.0332031 0.0234375
0 0.380371 0.268066 0.0244141 0.0458984
0 0.39502 0.172363 0.0263672 0.0478516
0 0.6875 0.572266 0.0351562 0.0390625
0 0.919434 0.476562 0.0224609 0.0585938
0 0.798828 0.569336 0.0234375 0.0488281
0 0.743164 0.385742 0.0332031 0.0507812
0 0.546875 0.364258 0.0429688 0.0292969
0 0.680664 0.370117 0.0410156 0.0390625
0 0.365723 0.200195 0.0341797 0.0371094
