0 0.499512 0.501465 0.0185547 0.0244141
0 0.546387 0.524902 0.0126953 0.0400391
0 0.53418 0.601562 0.015625 0.0273438
0 0.557129 0.538086 0.0126953 0.0234375
0 0.492188 0.586914 0.0136719 0.0273438
0 0.459473 0.458008 0.0146484 0.0273438
0 0.483398 0.5625 0.0234375 0.0292969
0 0.503418 0.540039 0.0126953 0.0253906
0 0.500977 0.405273 0.00976562 0.0234375
0 0.519531 0.431152 0.015625 0.0224609
0 0.563477 0.555664 0.0175781 0.0253906
0 0.427734 0.464355 0.0136719 0.0283203
0 0.555176 0.582031 0.0244141 0.0195312
0 0.523438 0.398438 0.0117188 0.0332031
0 0.464844 0.537109 0.0253906 0.0253906
0 0.565918 0.510742 0.0244141 0.0175781
0 0.477051 0.371094 0.0107422 0.0292969
0 0.535156 0.565918 0.0253906 0.0224609
0 0.553711 0.496094 0.0117188 0.0371094
0 0.359375 0.532715 0.0117188 0.0283203
0 0.516602 0.575195 0.0234375 0.0175781
0 0.546387 0.422852 0.0166016 0.0292969
0 0.485352 0.519531 0.0253906 0.0253906
0 0.518555 0.558105 0.0175781 0.0341797
0 0.389648 0.502441 0.0078125 0.0361328
0 0.513672 0.367188 0.0195312 0.015625
0 0.571289 0.547363 0.015625 0.0302734
0 0.345703 0.571777 0.0136719 0.0361328
0 0.353516 0.524902 0.0117188 0.0244141
0 0.45166 0.500488 0.0244141 0.0166016
0 0.516602 0.483398 0.0117188 0.0292969
0 0.56543 0.59668 0.0136719 0.0234375
0 0.369629 0.533203 0.0107422 0.0292969
0 0.499023 0.605469 0.0234375 0.0175781
0 0.488281 0.378906 0.0136719 0.0292969
0 0.503906 0.380859 0.00976562 0.03125
0 0.440918 0.462891 0.0244141 0.03125
0 0.418457 0.566406 0.0146484 0.03125
0 0.509766 0.399414 0.00976562 0.0292969
0 0.525879 0.615234 0.0224609 0.0175781
0 0.520508 0.464844 0.0214844 0.015625
0 0.486328 0.536621 0.0234375 0.0205078
0 0.547852 0.444336 0.0195312 0.0253906
0 0.448242 0.483398 0.0136719 0.015625
0 0.500488 0.327148 0.0224609 0.0273438
0 0.435059 0.549805 0.0400391 0.015625
0 0.540039 0.38623 0.0175781 0.0263672
0 0.493652 0.355469 0.0205078 0.0253906
0 0.33252 0.535156 0.0166016 0.0371094
0 0.371582 0.499512 0.0224609 0.0185547
0 0.380859 0.509766 0.0117188 0.0351562
0 0.547363 0.475098 0.0146484 0.0263672
0 0.428711 0.505371 0.0253906 0.0185547
0 0.393066 0.561035 0.0166016 0.0380859
0 0.49707 0.567871 0.015625 0.0263672
0 0.345703 0.51709 0.0117188 0.0361328
0 0.538574 0.366211 0.0166016 0.03125
0 0.50293 0.557129 0.0195312 0.0224609
0 0.486816 0.456055 0.0166016 0.0253906
0 0.441406 0.534668 0.0234375 0.0224609
0 0.576172 0.591309 0.0195312 0.0322266
0 0.486328 0.330566 0.0175781 0.0224609
0 0.35791 0.566895 0.0205078 0.0341797
0 0.513672 0.588867 0.0273438 0.0175781
0 0.450684 0.4375 0.0244141 0.0214844
0 0.512695 0.624023 0.0117188 0.0351562
0 0.506348 0.494141 0.0185547 0.0234375
0 0.390137 0.54248 0.0205078 0.0166016
0 0.347656 0.546875 0.0214844 0.0253906
0 0.526367 0.455078 0.0214844 0.0234375
0 0.394531 0.52832 0.0253906 0.0175781
0 0.552734 0.605469 0.0117188 0.0332031
0 0.466309 0.484375 0.0205078 0.0253906
0 0.5 0.447266 0.0234375 0.0273438
0 0.375488 0.483398 0.0283203 0.0175781
0 0.54248 0.464844 0.0224609 0.0253906
0 0.314941 0.569824 0.0263672 0.0166016
0 0.371582 0.555664 0.0244141 0.0195312
0 0.562988 0.525879 0.0205078 0.0166016
0 0.552246 0.564453 0.0224609 0.0214844
0 0.406738 0.568359 0.0146484 0.0292969
0 0.466309 0.330566 0.0244141 0.0224609
0 0.399902 0.479004 0.0166016 0.0361328
0 0.407715 0.469727 0.0126953 0.03125
0 0.580078 0.602539 0.0175781 0.0253906
0 0.487793 0.485352 0.0244141 0.0136719
0 0.503418 0.349609 0.0244141 0.0234375
0 0.419922 0.458984 0.0175781 0.0371094
0 0.542969 0.595703 0.0117188 0.0292969
0 0.461914 0.410156 0.0175781 0.0351562
0 0.320801 0.540527 0.0126953 0.0341797
0 0.538086 0.626465 0.0292969 0.0166016
0 0.518555 0.400391 0.0117188 0.03125
0 0.334473 0.581543 0.0107422 0.0361328
0 0.292969 0.580078 0.0214844 0.0195312
0 0.477051 0.589355 0.0166016 0.0361328
0 0.535156 0.418945 0.0136719 0.0332031
0 0.435059 0.578613 0.0166016 0.0341797
0 0.336914 0.49707 0.0292969 0.0175781
0 0.52832 0.51416 0.0195312 0.0361328
0 0.408691 0.509766 0.0166016 0.0351562
0 0.434082 0.358887 0.0205078 0.0302734
0 0.39502 0.453613 0.0244141 0.0224609
0 0.380859 0.585938 0.0195312 0.0332031
0 0.569824 0.487793 0.0205078 0.0302734
0 0.53418 0.654297 0.0195312 0.0371094
