0 0.571289 0.680176 0.0878906 0.0673828
0 0.73584 0.748047 0.0537109 0.0507812
0 0.42627 0.356445 0.0400391 0.0761719
0 0.6875 0.711914 0.0703125 0.123047
0 0.458008 0.30127 0.0273438 0.0908203
0 0.54541 0.515625 0.0400391 0.046875
0 0.583008 0.374023 0.0390625 0.0996094
0 0.414062 0.370605 0.0332031 0.0732422
0 0.650391 0.396484 0.0605469 0.0703125
0 0.603516 0.366211 0.0390625 0.103516
0 0.581055 0.771484 0.0761719 0.0664062
0 0.512695 0.509766 0.0449219 0.0625
0 0.577148 0.572266 0.0449219 0.0625
0 0.540039 0.348633 0.0332031 0.0839844
0 0.473633 0.558594 0.0566406 0.0566406
0 0.442871 0.449219 0.0263672 0.0976562
0 0.478516 0.434082 0.0546875 0.0966797
0 0.373047 0.404297 0.0566406 0.0566406
0 0.649414 0.493652 0.0292969 0.0849609
0 0.554199 0.447266 0.0810547 0.0625
0 0.65918 0.824219 0.0488281 0.0917969
0 0.108398 0.354004 0.046875 0.0791016
0 0.487305 0.286621 0.0683594 0.0751953
0 0.493164 0.361816 0.0527344 0.0576172
0 0.501465 0.624023 0.0361328 0.0917969
0 0.521484 0.405273 0.0683594 0.046875
0 0.424805 0.530273 0.0605469 0.0292969
0 0.357422 0.348633 0.0683594 0.0722656
0 0.385742 0.504883 0.0292969 0.0839844
0 0.425781 0.564941 0.0644531 0.0810547
0 0.638184 0.325684 0.0498047 0.0849609
0 0.309082 0.529297 0.0400391 0.0976562
0 0.601562 0.255859 0.0488281 0.0957031
0 0.324707 0.646484 0.0400391 0.078125
