0 0.53418 0.586914 0.03125 0.015625
0 0.577637 0.645996 0.0302734 0.0205078
0 0.564941 0.620117 0.0185547 0.0410156
0 0.527832 0.634766 0.0400391 0.0214844
0 0.600586 0.62207 0.0175781 0.0449219
0 0.490234 0.578613 0.0214844 0.0517578
0 0.555664 0.665039 0.03125 0.0429688
0 0.586914 0.599121 0.0214844 0.0341797
0 0.626465 0.638672 0.0283203 0.0371094
0 0.573242 0.717773 0.0488281 0.0273438
0 0.514648 0.609375 0.0214844 0.0332031
0 0.511719 0.575684 0.03125 0.0263672
0 0.533691 0.66748 0.0185547 0.0537109
0 0.569336 0.678711 0.0292969 0.0351562
0 0.493164 0.616211 0.0371094 0.0292969
0 0.59668 0.542969 0.0234375 0.0390625
0 0.580078 0.616699 0.0195312 0.0400391
0 0.594727 0.666016 0.0214844 0.0527344
0 0.573242 0.513184 0.015625 0.0478516
0 0.614746 0.626465 0.0263672 0.0478516
0 0.561035 0.554688 0.0185547 0.0566406
0 0.562012 0.476562 0.0166016 0.0410156
0 0.525391 0.556641 0.0292969 0.0292969
0 0.583984 0.567383 0.0273438 0.0410156
0 0.544922 0.604492 0.0332031 0.0332031
0 0.666992 0.493652 0.0410156 0.0224609
0 0.515625 0.664551 0.0234375 0.0400391
0 0.640137 0.603027 0.0302734 0.0439453
0 0.494629 0.656738 0.0361328 0.0283203
0 0.615234 0.588379 0.0332031 0.0361328
0 0.637695 0.663086 0.0351562 0.0273438
0 0.619141 0.538086 0.0351562 0.0253906
0 0.642578 0.508301 0.0234375 0.0458984
0 0.474609 0.707031 0.0390625 0.0292969
0 0.450684 0.625488 0.0380859 0.0283203
