0 0.214844 0.569336 0.0859375 0.0253906
0 0.41748 0.813477 0.0810547 0.0429688
0 0.477051 0.487305 0.0751953 0.0351562
0 0.42627 0.528809 0.0830078 0.0263672
0 0.481934 0.595215 0.0830078 0.0263672
0 0.507812 0.477539 0.0410156 0.0351562
0 0.557129 0.522949 0.0712891 0.0341797
0 0.34668 0.551758 0.0878906 0.0214844
0 0.544922 0.653809 0.0410156 0.0498047
0 0.52002 0.561035 0.0361328 0.0380859
0 0.594727 0.553711 0.0800781 0.0195312
0 0.397461 0.481445 0.0898438 0.0234375
0 0.412109 0.596191 0.0546875 0.0458984
0 0.343262 0.700684 0.110352 0.0283203
0 0.428711 0.648438 0.0683594 0.0410156
0 0.338379 0.841797 0.0771484 0.0488281
0 0.258301 0.623047 0.0927734 0.0351562
0 0.250488 0.730957 0.0419922 0.0517578
0 0.566895 0.743652 0.0498047 0.0458984
