0 0.597656 0.818359 0.0546875 0.0722656
0 0.686523 0.806641 0.0644531 0.0820312
0 0.400391 0.895508 0.0664062 0.078125
0 0.51123 0.773438 0.0458984 0.0703125
0 0.494141 0.780273 0.0234375 0.0605469
0 0.591797 0.729492 0.0234375 0.0878906
0 0.24707 0.989258 0.0527344 0.0214844
0 0.428711 0.787598 0.0351562 0.0712891
0 0.59668 0.869141 0.0605469 0.0507812
0 0.571289 0.768066 0.0371094 0.0478516
0 0.665527 0.865234 0.0263672 0.0644531
0 0.677734 0.703125 0.0292969 0.0898438
0 0.490234 0.931641 0.0410156 0.0390625
0 0.570312 0.722656 0.0273438 0.0722656
0 0.961426 0.530273 0.0478516 0.0605469
0 0.516113 0.701172 0.0380859 0.0800781
0 0.528809 0.47168 0.0302734 0.0683594
0 0.394531 0.962402 0.0195312 0.0615234
0 0.480957 0.82666 0.0341797 0.0576172
0 0.489746 0.632812 0.0322266 0.0566406
0 0.651367 0.693359 0.0253906 0.078125
0 0.415527 0.827148 0.0458984 0.0410156
0 0.452148 0.803711 0.0371094 0.0527344
0 0.563477 0.677246 0.0605469 0.0302734
0 0.541992 0.717773 0.0449219 0.0566406
0 0.603027 0.669434 0.0302734 0.0595703
0 0.546875 0.14209 0.0585938 0.0458984
0 0.606934 0.415039 0.0693359 0.078125
0 0.548828 0.475586 0.0273438 0.0683594
0 0.0957031 0.183105 0.0527344 0.0732422
0 0.831055 0.479492 0.0605469 0.0371094
0 0.531738 0.525391 0.0478516 0.0703125
0 0.210938 0.519531 0.0546875 0.0664062
0 0.482422 0.551758 0.0546875 0.0351562
0 0.761719 0.206543 0.0429688 0.0810547
0 0.464844 0.470703 0.0507812 0.09375
0 0.549805 0.355957 0.0449219 0.0517578
