0 0.458496 0.50293 0.0166016 0.03125
0 0.536133 0.436523 0.0253906 0.0175781
0 0.540039 0.421387 0.0214844 0.0224609
0 0.545898 0.607422 0.0136719 0.0351562
0 0.413574 0.52832 0.0146484 0.0273438
0 0.523926 0.535156 0.0205078 0.0117188
0 0.544922 0.432617 0.0234375 0.0175781
0 0.476074 0.527344 0.0107422 0.0234375
0 0.405273 0.474121 0.0175781 0.0244141
0 0.535156 0.41748 0.015625 0.0263672
0 0.393066 0.526367 0.0126953 0.0371094
0 0.558594 0.550781 0.015625 0.03125
0 0.45459 0.553711 0.0224609 0.0117188
0 0.536133 0.602051 0.00976562 0.0341797
0 0.498535 0.412598 0.0166016 0.0263672
0 0.49707 0.643555 0.015625 0.0371094
0 0.580078 0.321777 0.0234375 0.0166016
0 0.503418 0.379395 0.0205078 0.0400391
0 0.45166 0.445801 0.0126953 0.0361328
0 0.52832 0.412109 0.0136719 0.0292969
0 0.452148 0.728516 0.0136719 0.0390625
0 0.474609 0.638672 0.0117188 0.0351562
0 0.546875 0.42627 0.0234375 0.0224609
0 0.447266 0.503906 0.0117188 0.03125
0 0.431641 0.541992 0.0117188 0.0332031
0 0.431641 0.580078 0.0136719 0.0390625
0 0.470703 0.595703 0.0234375 0.0292969
0 0.532715 0.496094 0.0224609 0.0351562
0 0.480469 0.711426 0.0273438 0.0166016
0 0.420898 0.475586 0.015625 0.0253906
0 0.482422 0.657715 0.0117188 0.0341797
0 0.418945 0.387207 0.0234375 0.0283203
0 0.538086 0.327148 0.0214844 0.0136719
0 0.543945 0.395996 0.0253906 0.0166016
0 0.46875 0.544434 0.0253906 0.0146484
0 0.580078 0.603027 0.0273438 0.0205078
0 0.407715 0.615234 0.0185547 0.0390625
0 0.563477 0.681641 0.0117188 0.03125
0 0.536133 0.558105 0.0175781 0.0361328
0 0.55127 0.373047 0.0166016 0.0214844
0 0.435059 0.470215 0.0224609 0.0166016
0 0.435547 0.444824 0.015625 0.0263672
0 0.587402 0.411133 0.0283203 0.0292969
0 0.585938 0.356445 0.0234375 0.0175781
0 0.645508 0.567383 0.015625 0.0332031
0 0.574219 0.720703 0.015625 0.03125
0 0.530273 0.308105 0.0214844 0.0185547
