0 0.321777 0.681641 0.0283203 0.0566406
0 0.388672 0.775879 0.0703125 0.0654297
0 0.297852 0.469727 0.0273438 0.0761719
0 0.206055 0.526367 0.0527344 0.03125
0 0.0410156 0.657227 0.0292969 0.078125
0 0.492188 0.668945 0.0625 0.0429688
0 0.357422 0.743164 0.0351562 0.0507812
0 0.46875 0.48877 0.0566406 0.0419922
0 0.355469 0.691895 0.0273438 0.0654297
0 0.296387 0.662598 0.0341797 0.0673828
0 0.455566 0.690918 0.0517578 0.0849609
0 0.299316 0.726074 0.0244141 0.0673828
0 0.511719 0.518555 0.0566406 0.0605469
0 0.286621 0.606445 0.0400391 0.0683594
0 0.419922 0.668945 0.0410156 0.0683594
0 0.455566 0.615234 0.0478516 0.0546875
