0 0.717285 0.730469 0.0673828 0.0351562
0 0.505371 0.290527 0.0634766 0.0263672
0 0.950684 0.571289 0.0537109 0.046875
0 0.623535 0.773438 0.0673828 0.0546875
0 0.25 0.545898 0.0546875 0.0351562
0 0.548828 0.408203 0.0488281 0.0488281
0 0.547363 0.553711 0.0537109 0.0488281
0 0.638184 0.580078 0.0478516 0.0527344
0 0.30127 0.181152 0.0654297 0.0322266
0 0.76123 0.515137 0.0556641 0.0498047
0 0.773926 0.32373 0.0517578 0.0517578
0 0.126465 0.422363 0.0634766 0.0302734
0 0.319824 0.576172 0.0576172 0.046875
0 0.442871 0.434082 0.0498047 0.0517578
0 0.568848 0.456543 0.0712891 0.0380859
0 0.206543 0.511719 0.0634766 0.0410156
0 0.279297 0.662598 0.0605469 0.0302734
0 0.216309 0.330566 0.0634766 0.0556641
0 0.349609 0.758301 0.0605469 0.0380859
