0 0.956055 0.0878906 0.0859375 0.0429688
0 0.0786133 0.649414 0.0810547 0.046875
0 0.203125 0.868164 0.132812 0.0332031
0 0.636719 0.248047 0.109375 0.0351562
0 0.0532227 0.375 0.102539 0.0839844
0 0.260742 0.43457 0.0898438 0.0820312
0 0.643555 0.393555 0.130859 0.0605469
0 0.403809 0.230957 0.110352 0.0615234
0 0.437988 0.0498047 0.143555 0.0820312
0 0.653809 0.602539 0.100586 0.0859375
0 0.48877 0.293457 0.0791016 0.0888672
0 0.424805 0.669434 0.0722656 0.0751953
0 0.879883 0.359375 0.0996094 0.0390625
0 0.513184 0.825195 0.0927734 0.0410156
0 0.65625 0.922852 0.101562 0.0332031
0 0.182129 0.966309 0.0498047 0.0654297
0 0.665039 0.513184 0.0917969 0.0830078
0 0.262207 0.113281 0.0771484 0.0820312
0 0.833008 0.64502 0.09375 0.0576172
0 0.757812 0.836914 0.0976562 0.0292969
0 0.935547 0.495605 0.0839844 0.0498047
0 0.90918 0.856445 0.0722656 0.0625
