0 0.473633 0.519531 0.0234375 0.046875
0 0.438477 0.512695 0.0175781 0.0429688
0 0.459473 0.574707 0.0146484 0.0556641
0 0.51416 0.600098 0.0302734 0.0556641
0 0.635742 0.409668 0.0234375 0.0556641
0 0.453613 0.50293 0.0166016 0.0546875
0 0.496094 0.665039 0.0429688 0.0292969
0 0.618164 0.42627 0.0234375 0.0478516
0 0.569824 0.644531 0.0458984 0.0273438
0 0.54541 0.48877 0.0205078 0.0537109
0 0.420898 0.465332 0.0488281 0.0498047
0 0.580078 0.396973 0.0410156 0.0205078
0 0.44043 0.569336 0.0292969 0.0703125
0 0.602539 0.432129 0.0253906 0.0458984
0 0.516602 0.526367 0.0253906 0.0800781
0 0.536621 0.495605 0.0302734 0.0458984
0 0.595215 0.408203 0.0419922 0.0195312
0 0.578613 0.626465 0.0322266 0.0283203
0 0.470703 0.585449 0.0136719 0.0537109
0 0.508301 0.702637 0.0341797 0.0537109
0 0.859863 0.40332 0.0380859 0.0332031
0 0.467773 0.543945 0.0390625 0.0273438
0 0.572754 0.48291 0.0322266 0.0693359
0 0.535645 0.403809 0.0439453 0.0302734
0 0.401855 0.529785 0.0458984 0.0224609
0 0.671875 0.377441 0.0625 0.0380859
0 0.492676 0.510254 0.0400391 0.0263672
0 0.487793 0.592285 0.0205078 0.0712891
0 0.589844 0.583008 0.046875 0.0292969
0 0.888672 0.437012 0.0253906 0.0556641
0 0.609375 0.378906 0.0488281 0.0332031
0 0.583496 0.451172 0.0380859 0.0332031
0 0.418457 0.508789 0.0419922 0.0605469
0 0.554688 0.594238 0.0273438 0.0693359
0 0.449707 0.648926 0.0380859 0.0419922
0 0.442383 0.473633 0.046875 0.0410156
0 0.525391 0.618164 0.03125 0.0625
0 0.573242 0.424805 0.0390625 0.0292969
0 0.498047 0.554199 0.0273438 0.0517578
0 0.387695 0.577148 0.0351562 0.0722656
0 0.617188 0.509277 0.046875 0.0400391
0 0.644531 0.494141 0.03125 0.0566406
0 0.473633 0.68457 0.0429688 0.0351562
