0 0.915039 0.202148 0.0117188 0.0292969
0 0.792969 0.259766 0.0488281 0.0820312
0 0.506836 0.992676 0.0371094 0.0146484
0 0.536621 0.989746 0.0302734 0.0205078
0 0.507324 0.757324 0.0146484 0.0634766
0 0.924316 0.1875 0.0263672 0.0449219
0 0.930664 0.769043 0.0117188 0.0693359
0 0.755859 0.327148 0.0429688 0.0332031
0 0.78418 0.266602 0.0429688 0.046875
0 0.53418 0.62793 0.03125 0.0566406
0 0.72998 0.303223 0.0380859 0.0400391
0 0.91748 0.722656 0.0126953 0.0449219
0 0.566895 0.489746 0.0380859 0.0576172
0 0.560547 0.67041 0.0488281 0.0458984
0 0.640137 0.401855 0.0263672 0.0478516
0 0.558105 0.563965 0.0419922 0.0400391
0 0.454102 0.790527 0.0507812 0.0322266
0 0.623047 0.513672 0.0410156 0.0742188
0 0.532227 0.564941 0.0175781 0.0693359
0 0.384766 0.781738 0.0527344 0.0419922
0 0.922852 0.800781 0.0234375 0.0683594
0 0.535645 0.523926 0.0419922 0.0419922
0 0.515137 0.713379 0.0458984 0.0380859
0 0.775879 0.574219 0.0185547 0.0820312
0 0.654785 0.37207 0.0400391 0.0292969
0 0.620605 0.447266 0.0185547 0.0761719
0 0.957031 0.166992 0.0332031 0.0429688
0 0.76123 0.617676 0.0166016 0.0712891
0 0.808105 0.263672 0.0205078 0.0878906
0 0.699219 0.346191 0.0292969 0.0556641
0 0.569336 0.736816 0.0175781 0.0869141
0 0.464844 0.760254 0.0410156 0.0400391
0 0.508301 0.807129 0.0380859 0.0537109
0 0.544922 0.697754 0.0429688 0.0595703
0 0.773926 0.301758 0.0419922 0.0410156
0 0.725586 0.333008 0.03125 0.0605469
0 0.498535 0.483398 0.0400391 0.0390625
0 0.601074 0.55957 0.0380859 0.0292969
0 0.491699 0.763672 0.0244141 0.0585938
0 0.472168 0.814453 0.0380859 0.0429688
0 0.807617 0.61377 0.0195312 0.0830078
0 0.619141 0.389648 0.0390625 0.0429688
0 0.896973 0.769043 0.0244141 0.0576172
0 0.581543 0.527832 0.0302734 0.0595703
0 0.837402 0.222168 0.0263672 0.0771484
0 0.524414 0.747559 0.0332031 0.0439453
0 0.719238 0.981934 0.0419922 0.0341797
0 0.328125 0.924316 0.0449219 0.0458984
0 0.648926 0.757812 0.0439453 0.0449219
0 0.680664 0.33252 0.0351562 0.0595703
0 0.792969 0.355957 0.0234375 0.0615234
0 0.771484 0.410156 0.0332031 0.0332031
0 0.394531 0.209961 0.0332031 0.0800781
