0 0.555176 0.754883 0.0283203 0.0351562
0 0.57373 0.682617 0.0380859 0.0234375
0 0.61377 0.39502 0.0419922 0.0302734
0 0.532715 0.272949 0.0302734 0.0458984
0 0.402344 0.268555 0.046875 0.0292969
0 0.61084 0.758789 0.0478516 0.0429688
0 0.560547 0.287598 0.046875 0.0341797
0 0.48291 0.219727 0.0419922 0.0546875
0 0.101562 0.552734 0.046875 0.0351562
0 0.271484 0.620605 0.0429688 0.0361328
0 0.40625 0.294922 0.0410156 0.0390625
0 0.714355 0.412109 0.0419922 0.0371094
0 0.53418 0.785156 0.0390625 0.0332031
0 0.594727 0.536133 0.0507812 0.0410156
0 0.164551 0.518555 0.0478516 0.0410156
0 0.381836 0.331055 0.046875 0.0371094
0 0.733398 0.539062 0.0429688 0.0449219
0 0.549316 0.67627 0.0263672 0.0517578
0 0.311523 0.568848 0.0332031 0.0517578
0 0.671387 0.404785 0.0283203 0.0576172
0 0.488281 0.726074 0.0351562 0.0419922
0 0.513672 0.759766 0.0292969 0.046875
0 0.518555 0.702637 0.0390625 0.0400391
0 0.26416 0.423828 0.0380859 0.0488281
0 0.496582 0.523926 0.0341797 0.0478516
0 0.168945 0.671387 0.0351562 0.0556641
0 0.475098 0.748047 0.0380859 0.0429688
0 0.549316 0.526367 0.0400391 0.0527344
