0 0.646484 0.417969 0.0273438 0.0410156
0 0.655273 0.452148 0.0253906 0.0371094
0 0.623535 0.29834 0.0224609 0.0341797
0 0.413086 0.692383 0.015625 0.0371094
0 0.624023 0.354492 0.0253906 0.0351562
0 0.629883 0.450195 0.0292969 0.0234375
0 0.607422 0.371094 0.0234375 0.0410156
0 0.610352 0.303711 0.0273438 0.0253906
0 0.637695 0.300781 0.0214844 0.0410156
0 0.602539 0.435547 0.0292969 0.03125
0 0.637695 0.424316 0.0332031 0.0341797
0 0.639648 0.441895 0.0273438 0.0263672
0 0.643555 0.483887 0.015625 0.0419922
0 0.65625 0.414062 0.0253906 0.046875
0 0.51416 0.507324 0.0244141 0.0439453
0 0.601074 0.414551 0.0302734 0.0341797
0 0.688477 0.413086 0.0234375 0.0429688
0 0.570801 0.458008 0.0244141 0.0273438
0 0.328613 0.385254 0.0244141 0.0244141
0 0.615234 0.273438 0.03125 0.0273438
0 0.586914 0.463867 0.0273438 0.0449219
0 0.60498 0.395996 0.0302734 0.0244141
0 0.642578 0.375488 0.0214844 0.0458984
0 0.342285 0.45166 0.0283203 0.0361328
0 0.344727 0.344238 0.0332031 0.0322266
0 0.60498 0.556152 0.0146484 0.0517578
0 0.615234 0.326172 0.0195312 0.046875
0 0.422363 0.603027 0.0185547 0.0537109
0 0.44043 0.245605 0.0292969 0.0361328
0 0.507324 0.604004 0.0166016 0.0634766
0 0.412109 0.672852 0.0273438 0.0371094
0 0.595703 0.356445 0.03125 0.0253906
0 0.586914 0.536133 0.0214844 0.0527344
0 0.679688 0.395508 0.015625 0.0566406
0 0.366211 0.1875 0.0175781 0.046875
0 0.631348 0.526367 0.0146484 0.0507812
0 0.650879 0.352539 0.0302734 0.0292969
0 0.494629 0.240723 0.0244141 0.0615234
0 0.628418 0.392578 0.0244141 0.0449219
0 0.702148 0.39209 0.0253906 0.0517578
0 0.616211 0.56543 0.0175781 0.0566406
0 0.628906 0.499023 0.0234375 0.0390625
0 0.651855 0.294434 0.0166016 0.0537109
0 0.661133 0.508789 0.0253906 0.0332031
0 0.633301 0.470703 0.0263672 0.0390625
0 0.673828 0.250977 0.0234375 0.0429688
0 0.644043 0.327637 0.0302734 0.0322266
0 0.399902 0.240234 0.0205078 0.0507812
0 0.648926 0.257324 0.0244141 0.0498047
0 0.666016 0.311523 0.0234375 0.0488281
0 0.661133 0.385742 0.0234375 0.0449219
0 0.619141 0.254883 0.0292969 0.0332031
0 0.574219 0.494629 0.0234375 0.0576172
0 0.569336 0.541016 0.0253906 0.0390625
0 0.657227 0.53418 0.03125 0.0410156
0 0.303711 0.227051 0.0253906 0.0458984
0 0.553711 0.448242 0.0175781 0.0527344
0 0.405273 0.590332 0.0195312 0.0595703
0 0.50293 0.516602 0.0253906 0.046875
0 0.704102 0.217285 0.0332031 0.0302734
0 0.678711 0.266602 0.0292969 0.0332031
0 0.414551 0.37207 0.0322266 0.0292969
0 0.561035 0.619141 0.0205078 0.0585938
0 0.378906 0.560547 0.0195312 0.0546875
0 0.461914 0.533203 0.0214844 0.0449219
0 0.52832 0.741211 0.0214844 0.0449219
0 0.526367 0.61084 0.0292969 0.0322266
0 0.458008 0.582031 0.0175781 0.0507812
0 0.597656 0.480469 0.0195312 0.0507812
0 0.537109 0.53418 0.0273438 0.0449219
0 0.438477 0.285645 0.0214844 0.0576172
0 0.494141 0.697266 0.0195312 0.0507812
0 0.428223 0.339844 0.0283203 0.03125
0 0.709961 0.192383 0.0253906 0.0429688
0 0.452148 0.728027 0.0253906 0.0556641
0 0.681641 0.572266 0.0195312 0.0566406
0 0.355469 0.462402 0.03125 0.0439453
0 0.450195 0.55127 0.0292969 0.0322266
0 0.585938 0.334473 0.03125 0.0322266
0 0.683594 0.481934 0.0253906 0.0361328
0 0.461426 0.252441 0.0283203 0.0341797
0 0.488281 0.649414 0.0273438 0.0527344
0 0.589844 0.30127 0.03125 0.0302734
0 0.391113 0.174316 0.0263672 0.0458984
0 0.678711 0.774414 0.0332031 0.0449219
0 0.516602 0.357422 0.0234375 0.046875
0 0.495117 0.348633 0.0175781 0.0566406
0 0.488281 0.572266 0.03125 0.0371094
0 0.59668 0.251465 0.0214844 0.0576172
0 0.414551 0.427734 0.0341797 0.0351562
0 0.706543 0.672852 0.0244141 0.0488281
0 0.51709 0.540039 0.0224609 0.0488281
0 0.593262 0.619141 0.0341797 0.0351562
0 0.47168 0.487793 0.0332031 0.0322266
0 0.392578 0.272461 0.0332031 0.0332031
0 0.488281 0.603516 0.0351562 0.0371094
0 0.428223 0.689941 0.0263672 0.0498047
0 0.582031 0.384277 0.0234375 0.0517578
0 0.450684 0.490234 0.0205078 0.0585938
0 0.568359 0.256348 0.03125 0.0341797
0 0.705078 0.263184 0.0292969 0.0419922
