0 0.322266 0.40332 0.046875 0.0449219
0 0.341797 0.327148 0.0410156 0.0429688
0 0.452148 0.552246 0.0273438 0.0419922
0 0.361816 0.356934 0.0439453 0.0400391
0 0.277832 0.671875 0.0478516 0.0273438
0 0.383789 0.769043 0.0136719 0.0576172
0 0.486816 0.361328 0.0322266 0.0820312
0 0.358398 0.37793 0.03125 0.0351562
0 0.388672 0.977051 0.03125 0.0458984
0 0.454102 0.453125 0.0527344 0.0253906
0 0.350098 0.533691 0.0341797 0.0439453
0 0.899902 0.401367 0.0634766 0.0722656
0 0.396484 0.716309 0.0175781 0.0654297
0 0.583984 0.509766 0.0410156 0.046875
0 0.367188 0.713379 0.0234375 0.0634766
0 0.412109 0.595215 0.046875 0.0400391
0 0.52832 0.716797 0.03125 0.0625
0 0.350586 0.339355 0.0585938 0.0654297
0 0.542969 0.438965 0.0488281 0.0498047
0 0.461426 0.750977 0.0244141 0.0429688
0 0.35498 0.795898 0.0654297 0.0429688
0 0.682617 0.989746 0.0371094 0.0205078
0 0.414062 0.463867 0.0214844 0.0546875
0 0.341309 0.725586 0.0244141 0.0585938
0 0.429199 0.783203 0.0205078 0.0566406
0 0.421875 0.862793 0.0429688 0.0673828
0 0.396973 0.89209 0.0380859 0.0224609
0 0.449219 0.481445 0.0449219 0.0449219
0 0.456055 0.853516 0.0371094 0.0839844
0 0.629395 0.779785 0.0537109 0.0361328
0 0.509766 0.707031 0.0175781 0.0683594
0 0.444336 0.851562 0.0234375 0.0800781
0 0.594727 0.268555 0.0410156 0.0488281
0 0.498535 0.850586 0.0400391 0.0429688
0 0.470215 0.644531 0.0185547 0.0722656
0 0.645508 0.777832 0.0371094 0.0439453
0 0.745117 0.804688 0.0703125 0.0625
0 0.441406 0.675293 0.0234375 0.0498047
0 0.404297 0.85791 0.0234375 0.0673828
0 0.411133 0.966309 0.0527344 0.0439453
0 0.310059 0.415527 0.0537109 0.0400391
0 0.419922 0.557617 0.0371094 0.0429688
0 0.535156 0.213867 0.0332031 0.0644531
0 0.32959 0.806152 0.0380859 0.0302734
0 0.387207 0.925781 0.0205078 0.0605469
0 0.399414 0.756348 0.0195312 0.0634766
0 0.662598 0.98291 0.0263672 0.0341797
0 0.61084 0.556641 0.0634766 0.0410156
0 0.845703 0.256836 0.0527344 0.0449219
0 0.791016 0.861816 0.0585938 0.0517578
0 0.851562 0.415527 0.0214844 0.0693359
0 0.539551 0.489258 0.0498047 0.03125
0 0.371582 0.492188 0.0341797 0.0742188
0 0.35498 0.978516 0.0458984 0.0429688
0 0.386719 0.315918 0.0410156 0.0810547
0 0.674316 0.325195 0.0205078 0.0566406
0 0.65332 0.581055 0.046875 0.0859375
0 0.466797 0.349121 0.0234375 0.0595703
0 0.515137 0.385742 0.0341797 0.0585938
0 0.363281 0.756348 0.0371094 0.0634766
0 0.615723 0.444824 0.0537109 0.0732422
0 0.485352 0.784668 0.0410156 0.0595703
0 0.58252 0.470703 0.0537109 0.0703125
0 0.730957 0.415527 0.0419922 0.0751953
0 0.475586 0.476074 0.0429688 0.0224609
0 0.560059 0.220703 0.0263672 0.078125
0 0.300781 0.915039 0.0273438 0.0820312
0 0.691406 0.331055 0.0273438 0.0488281
0 0.378906 0.702637 0.0253906 0.0732422
0 0.427734 0.640137 0.0449219 0.0419922
0 0.712891 0.526367 0.0292969 0.0644531
0 0.45459 0.289062 0.0400391 0.0566406
0 0.665527 0.560059 0.0302734 0.0712891
0 0.446777 0.383789 0.0791016 0.03125
0 0.412598 0.540039 0.0537109 0.0625
0 0.833008 0.351562 0.0664062 0.0683594
0 0.488281 0.272461 0.0449219 0.078125
0 0.710938 0.621094 0.0214844 0.0605469
0 0.737305 0.59668 0.0429688 0.0546875
0 0.451172 0.527832 0.0546875 0.0673828
0 0.362305 0.909668 0.0214844 0.0615234
0 0.826172 0.386719 0.0371094 0.0546875
0 0.650879 0.498047 0.0400391 0.0566406
0 0.413574 0.721191 0.0205078 0.0634766
0 0.265625 0.493652 0.0625 0.0478516
0 0.555664 0.862793 0.046875 0.0849609
0 0.444336 0.580078 0.0332031 0.0585938
0 0.800293 0.838379 0.0322266 0.0888672
0 0.52002 0.882812 0.0439453 0.0722656
0 0.0498047 0.191406 0.0585938 0.0625
0 0.35791 0.421387 0.0263672 0.0478516
0 0.509766 0.329102 0.0644531 0.0332031
0 0.330566 0.368164 0.0341797 0.0410156
0 0.491699 0.95459 0.0576172 0.0244141
0 0.791504 0.973145 0.0341797 0.0537109
0 0.457031 0.795898 0.0253906 0.0742188
0 0.433594 0.26709 0.0195312 0.0712891
0 0.880859 0.429199 0.0292969 0.0615234
0 0.43457 0.707031 0.03125 0.0625
0 0.57373 0.790527 0.0439453 0.0634766
0 0.361816 0.853027 0.0517578 0.0830078
0 0.682129 0.729492 0.0498047 0.0507812
0 0.613281 0.533203 0.0195312 0.0625
0 0.51123 0.786133 0.0244141 0.0898438
0 0.501953 0.482422 0.03125 0.0566406
0 0.568359 0.545898 0.0390625 0.0644531
0 0.577148 0.764648 0.0527344 0.0664062
0 0.612305 0.259766 0.0429688 0.0507812
0 0.851074 0.332031 0.0478516 0.0253906
0 0.327637 0.929688 0.0322266 0.0683594
0 0.620605 0.623047 0.0244141 0.0664062
0 0.451172 0.424316 0.0488281 0.0478516
0 0.40332 0.651855 0.0429688 0.0439453
0 0.735352 0.553711 0.0664062 0.0390625
0 0.74707 0.429688 0.0390625 0.0566406
0 0.697754 0.514648 0.0361328 0.0800781
0 0.546387 0.80127 0.0478516 0.0888672
0 0.260254 0.881348 0.0283203 0.0830078
0 0.424805 0.334473 0.0410156 0.0732422
0 0.580078 0.923828 0.0234375 0.0761719
0 0.696289 0.462891 0.0429688 0.0976562
0 0.314941 0.881348 0.0380859 0.0634766
0 0.51416 0.249023 0.0771484 0.0527344
0 0.752441 0.348145 0.0439453 0.102539
0 0.574219 0.403809 0.0644531 0.0400391
0 0.50293 0.544434 0.0625 0.0849609
0 0.493652 0.906738 0.0380859 0.0791016
0 0.694824 0.647461 0.0283203 0.0546875
0 0.34082 0.166504 0.0488281 0.0888672
0 0.316895 0.526367 0.0322266 0.0859375
0 0.27832 0.73291 0.0566406 0.0478516
0 0.705566 0.321289 0.0380859 0.0488281
0 0.543945 0.970215 0.0488281 0.0595703
0 0.746582 0.879883 0.0439453 0.0859375
0 0.635254 0.296387 0.0634766 0.0302734
0 0.561035 0.32666 0.0556641 0.0517578
0 0.683594 0.776367 0.0605469 0.0664062
0 0.617188 0.33252 0.0390625 0.0517578
0 0.458008 0.23291 0.046875 0.0576172
0 0.423828 0.183105 0.0390625 0.0888672
0 0.732422 0.498535 0.0253906 0.0673828
0 0.325684 0.685059 0.0537109 0.0556641
0 0.788086 0.207031 0.0585938 0.0605469
0 0.628418 0.726074 0.0517578 0.0556641
