0 0.465332 0.419922 0.0166016 0.0488281
0 0.413086 0.641602 0.0234375 0.0195312
0 0.613281 0.497559 0.0234375 0.0224609
0 0.687988 0.612305 0.0224609 0.0351562
0 0.449219 0.466309 0.0175781 0.0283203
0 0.431152 0.66748 0.0205078 0.0439453
0 0.692871 0.604004 0.0205078 0.0400391
0 0.65332 0.550293 0.0214844 0.0166016
0 0.441406 0.640625 0.0234375 0.0195312
0 0.649902 0.537109 0.0263672 0.015625
0 0.793457 0.567383 0.0263672 0.015625
0 0.941406 0.378418 0.0292969 0.0166016
0 0.774414 0.70459 0.0273438 0.0166016
0 0.779297 0.624023 0.0136719 0.0449219
0 0.728516 0.699219 0.0175781 0.0488281
0 0.512695 0.652344 0.03125 0.0253906
0 0.478516 0.349609 0.0292969 0.0273438
0 0.783203 0.366211 0.0136719 0.0390625
0 0.612305 0.516113 0.0273438 0.0283203
0 0.43457 0.428711 0.0195312 0.0371094
0 0.62793 0.533691 0.0195312 0.0361328
