0 0.526855 0.452637 0.0244141 0.0224609
0 0.543457 0.454102 0.0205078 0.0117188
0 0.48584 0.464844 0.0185547 0.0175781
0 0.486816 0.480469 0.0185547 0.00976562
0 0.474609 0.506348 0.0253906 0.0107422
0 0.479004 0.520996 0.0185547 0.0244141
0 0.520996 0.459473 0.0263672 0.0146484
0 0.509766 0.478516 0.0214844 0.0214844
0 0.47168 0.478516 0.0175781 0.0214844
0 0.521973 0.469238 0.0224609 0.0126953
0 0.507324 0.489258 0.0224609 0.0214844
0 0.459961 0.490723 0.0195312 0.0205078
0 0.562012 0.410645 0.0146484 0.0283203
0 0.462891 0.523438 0.0214844 0.0117188
0 0.504883 0.504883 0.0253906 0.0136719
0 0.530762 0.445801 0.0205078 0.0166016
0 0.480469 0.497559 0.0234375 0.0146484
0 0.451172 0.495605 0.0214844 0.0126953
0 0.493164 0.491699 0.0253906 0.0166016
0 0.382812 0.514648 0.0351562 0.0253906
0 0.54541 0.472656 0.0205078 0.0136719
0 0.546875 0.420898 0.00976562 0.03125
0 0.466797 0.513672 0.0214844 0.015625
0 0.566406 0.415527 0.0214844 0.0244141
0 0.515625 0.439941 0.0117188 0.0361328
0 0.505859 0.516602 0.0214844 0.015625
0 0.546387 0.461426 0.0244141 0.0126953
0 0.528809 0.481934 0.0205078 0.0146484
0 0.496582 0.54248 0.0244141 0.0126953
0 0.49707 0.463867 0.0195312 0.0234375
0 0.452637 0.507812 0.0224609 0.0214844
0 0.493164 0.518066 0.015625 0.0224609
0 0.572754 0.465332 0.0107422 0.0341797
0 0.491699 0.532227 0.0205078 0.015625
0 0.523926 0.498047 0.00878906 0.0273438
0 0.472168 0.35498 0.0244141 0.0126953
0 0.440918 0.34082 0.0244141 0.0195312
0 0.47168 0.46582 0.0214844 0.0234375
0 0.439453 0.487793 0.0214844 0.0185547
0 0.456543 0.47168 0.0185547 0.0273438
0 0.57959 0.438477 0.0205078 0.0195312
0 0.46582 0.339844 0.0214844 0.0195312
0 0.581055 0.422852 0.0117188 0.0273438
0 0.450195 0.32666 0.0175781 0.0166016
0 0.481934 0.555664 0.0244141 0.015625
0 0.581055 0.452148 0.0195312 0.0195312
0 0.483887 0.338867 0.0185547 0.0273438
0 0.552734 0.480957 0.0214844 0.0205078
0 0.555176 0.439453 0.0205078 0.0195312
0 0.498535 0.448242 0.0224609 0.0136719
0 0.216797 0.599121 0.0292969 0.0302734
0 0.472656 0.540527 0.0214844 0.0244141
0 0.446289 0.35498 0.0234375 0.0185547
0 0.297852 0.489746 0.015625 0.0283203
0 0.44043 0.475098 0.0214844 0.0146484
0 0.613281 0.435059 0.0195312 0.0166016
0 0.344238 0.475586 0.0263672 0.0175781
0 0.516602 0.527344 0.015625 0.0234375
0 0.425293 0.338379 0.0166016 0.0283203
0 0.269531 0.468262 0.0195312 0.0263672
0 0.586426 0.509277 0.0126953 0.0322266
0 0.453125 0.581543 0.0253906 0.0224609
0 0.551758 0.348633 0.0214844 0.0234375
0 0.37207 0.358887 0.0214844 0.0244141
