0 0.567871 0.385742 0.0302734 0.0429688
0 0.688477 0.730469 0.0410156 0.0195312
0 0.375488 0.613281 0.0283203 0.0195312
0 0.55957 0.409668 0.0488281 0.0498047
0 0.398926 0.0942383 0.0322266 0.0283203
0 0.561523 0.735352 0.0449219 0.0253906
0 0.549805 0.750977 0.0371094 0.0214844
0 0.497559 0.540039 0.0400391 0.0566406
0 0.508301 0.416016 0.0302734 0.0585938
0 0.354492 0.65918 0.0253906 0.0449219
0 0.475098 0.356934 0.0244141 0.0771484
0 0.394531 0.617188 0.0253906 0.0507812
0 0.445801 0.746094 0.0439453 0.0234375
0 0.53418 0.263672 0.0253906 0.0507812
0 0.396973 0.585938 0.0478516 0.0292969
0 0.48291 0.73291 0.0302734 0.0576172
0 0.430664 0.483398 0.0214844 0.0488281
0 0.432617 0.686523 0.0195312 0.0546875
0 0.519043 0.739258 0.0322266 0.0371094
0 0.457031 0.824219 0.0390625 0.0390625
0 0.282715 0.117676 0.0419922 0.0322266
0 0.644043 0.381836 0.0400391 0.0527344
0 0.419922 0.624023 0.0351562 0.0371094
0 0.247559 0.67627 0.0556641 0.0283203
0 0.335449 0.698242 0.0361328 0.0332031
