0 0.504395 0.29541 0.0419922 0.0771484
0 0.363281 0.512695 0.03125 0.0371094
0 0.476562 0.486328 0.0390625 0.0859375
1 0.456543 0.523438 0.0771484 0.0976562
0 0.541016 0.157227 0.0371094 0.0644531
0 0.277832 0.516113 0.0263672 0.100586
0 0.901367 0.88623 0.0644531 0.0576172
0 0.45752 0.630859 0.0419922 0.105469
0 0.42334 0.547852 0.0498047 0.107422
1 0.902344 0.884766 0.0664062 0.0585938
0 0.476562 0.276367 0.0585938 0.0957031
0 0.445312 0.755859 0.0507812 0.046875
0 0.456055 0.412109 0.0761719 0.0625
0 0.401855 0.356445 0.0556641 0.0917969
0 0.524902 0.525391 0.0595703 0.0546875
0 0.515625 0.584961 0.046875 0.0878906
0 0.433105 0.25 0.0419922 0.109375
0 0.39502 0.280273 0.0654297 0.0566406
0 0.394531 0.411133 0.078125 0.0839844
0 0.460449 0.343262 0.0693359 0.0634766
0 0.505859 0.414551 0.0351562 0.0888672
0 0.250488 0.511719 0.0439453 0.101562
0 0.526367 0.484863 0.0800781 0.0537109
0 0.323242 0.538086 0.0683594 0.0839844
0 0.302734 0.71582 0.0390625 0.109375
