0 0.522949 0.515137 0.0615234 0.0478516
0 0.54834 0.493652 0.0302734 0.0673828
0 0.620605 0.605469 0.0556641 0.0449219
0 0.398438 0.473145 0.0527344 0.0439453
0 0.378418 0.633301 0.0693359 0.0615234
0 0.492676 0.436035 0.0478516 0.0498047
0 0.461914 0.450684 0.0507812 0.0400391
0 0.292969 0.756348 0.0351562 0.0556641
0 0.506348 0.875488 0.0517578 0.0400391
0 0.412598 0.710938 0.0419922 0.0625
0 0.560059 0.88623 0.0595703 0.0361328
0 0.512695 0.915039 0.0371094 0.0507812
0 0.393555 0.539062 0.0292969 0.078125
0 0.280762 0.356445 0.0615234 0.0585938
0 0.352539 0.574219 0.0429688 0.0625
0 0.482422 0.339355 0.0410156 0.0810547
0 0.509766 0.558105 0.0449219 0.0517578
0 0.646973 0.48584 0.0458984 0.0478516
0 0.396484 0.674316 0.0644531 0.0361328
0 0.582031 0.550781 0.03125 0.0800781
0 0.64502 0.692383 0.0517578 0.0820312
0 0.480957 0.507812 0.0537109 0.0410156
0 0.436035 0.417969 0.0654297 0.0449219
0 0.483887 0.46875 0.0517578 0.0273438
0 0.560059 0.249023 0.0537109 0.0644531
0 0.585449 0.345215 0.0302734 0.0712891
0 0.543945 0.610352 0.0527344 0.0332031
0 0.46875 0.679688 0.0488281 0.105469
0 0.752441 0.6875 0.0498047 0.0917969
0 0.468262 0.616211 0.0302734 0.0742188
0 0.353027 0.78418 0.0517578 0.0390625
0 0.322754 0.364258 0.0302734 0.0703125
0 0.750977 0.772461 0.046875 0.0625
0 0.374512 0.558105 0.0498047 0.0537109
0 0.666992 0.416016 0.0566406 0.0332031
0 0.688477 0.506348 0.0351562 0.0654297
0 0.398926 0.737305 0.0498047 0.078125
0 0.708496 0.834473 0.0341797 0.0693359
0 0.557129 0.909668 0.0556641 0.0361328
0 0.626465 0.401367 0.0419922 0.0917969
0 0.677734 0.458984 0.0605469 0.0644531
0 0.246094 0.301758 0.0273438 0.0722656
0 0.494629 0.796875 0.0478516 0.078125
0 0.382812 0.365723 0.0488281 0.0751953
