0 0.700684 0.516602 0.0205078 0.0292969
0 0.483887 0.597656 0.0146484 0.0214844
0 0.629395 0.638184 0.0263672 0.0224609
0 0.555176 0.697754 0.0244141 0.0244141
0 0.449707 0.753906 0.0166016 0.0214844
0 0.428711 0.556152 0.015625 0.0205078
0 0.453125 0.624512 0.0214844 0.0205078
0 0.354492 0.654297 0.0175781 0.0273438
0 0.502441 0.554199 0.0244141 0.0205078
0 0.585449 0.769531 0.0126953 0.0292969
0 0.404297 0.584961 0.0175781 0.0253906
0 0.55127 0.780273 0.0185547 0.0234375
0 0.620117 0.518555 0.0253906 0.0292969
0 0.562988 0.543945 0.0126953 0.0351562
0 0.569336 0.461426 0.0136719 0.0302734
0 0.62207 0.554199 0.0234375 0.0537109
0 0.425293 0.574219 0.0166016 0.0234375
0 0.46582 0.483887 0.03125 0.0263672
0 0.462402 0.506836 0.0185547 0.0292969
0 0.391113 0.419922 0.0126953 0.0332031
0 0.663574 0.494141 0.0166016 0.0253906
0 0.53418 0.821777 0.0332031 0.0166016
0 0.618652 0.70459 0.0224609 0.0244141
0 0.732422 0.644531 0.0214844 0.0136719
0 0.605957 0.535156 0.0244141 0.0214844
0 0.393555 0.465332 0.0214844 0.0341797
0 0.401367 0.506836 0.0234375 0.0371094
0 0.429688 0.655273 0.0214844 0.0175781
0 0.543945 0.605469 0.0332031 0.0292969
0 0.57373 0.425781 0.0146484 0.0410156
0 0.373047 0.418457 0.0253906 0.0205078
0 0.489746 0.629395 0.0126953 0.0302734
0 0.712891 0.481934 0.0175781 0.0244141
0 0.55957 0.512207 0.0214844 0.0283203
0 0.441406 0.73291 0.015625 0.0322266
0 0.703125 0.625 0.0273438 0.0253906
0 0.301758 0.446289 0.0371094 0.0351562
0 0.734863 0.631348 0.0263672 0.0185547
0 0.577637 0.399414 0.0322266 0.0136719
0 0.728516 0.487793 0.0195312 0.0263672
0 0.429688 0.479492 0.0136719 0.03125
0 0.586914 0.709961 0.0214844 0.03125
0 0.695801 0.737305 0.0224609 0.0234375
0 0.601562 0.747559 0.0195312 0.0224609
0 0.690918 0.46582 0.0302734 0.0273438
0 0.541992 0.675293 0.0117188 0.0341797
0 0.631836 0.45166 0.0292969 0.0166016
0 0.473145 0.625977 0.0244141 0.0253906
0 0.632324 0.67334 0.0107422 0.0341797
0 0.62793 0.783691 0.0214844 0.0283203
0 0.587402 0.824219 0.0244141 0.0273438
0 0.649414 0.732422 0.0234375 0.0234375
0 0.650879 0.70166 0.0185547 0.0341797
0 0.375 0.638184 0.0253906 0.0224609
0 0.437012 0.453613 0.0107422 0.0380859
0 0.691895 0.490234 0.0244141 0.0214844
0 0.382324 0.521484 0.0146484 0.0332031
0 0.51123 0.776855 0.0126953 0.0283203
0 0.650879 0.638184 0.0283203 0.0244141
0 0.678711 0.599609 0.015625 0.0214844
0 0.64209 0.497559 0.0322266 0.0205078
0 0.643066 0.575684 0.0224609 0.0322266
0 0.46875 0.675293 0.0117188 0.0439453
0 0.569824 0.492676 0.0166016 0.0283203
0 0.382812 0.677246 0.0175781 0.0244141
0 0.299316 0.473633 0.0126953 0.0292969
0 0.691895 0.507324 0.0244141 0.0302734
0 0.42627 0.523438 0.0263672 0.0332031
0 0.292969 0.52002 0.0390625 0.0205078
0 0.396973 0.632812 0.0263672 0.0429688
0 0.517578 0.627441 0.0332031 0.0224609
0 0.398926 0.67627 0.0126953 0.0400391
0 0.330078 0.441895 0.015625 0.0361328
0 0.489258 0.679199 0.0214844 0.0224609
0 0.754395 0.568359 0.0224609 0.03125
0 0.487305 0.770508 0.0214844 0.0234375
0 0.527344 0.6875 0.0214844 0.0332031
0 0.382812 0.577637 0.0195312 0.0322266
0 0.460449 0.581055 0.0224609 0.0234375
0 0.587891 0.678223 0.0136719 0.0302734
0 0.647461 0.661621 0.0175781 0.0283203
0 0.657227 0.519531 0.0351562 0.0273438
0 0.63916 0.472168 0.0283203 0.0322266
0 0.522949 0.654297 0.0205078 0.0332031
0 0.302246 0.504395 0.0283203 0.0146484
0 0.538086 0.639648 0.0117188 0.03125
0 0.405273 0.551758 0.0117188 0.0371094
0 0.459961 0.546875 0.0234375 0.0136719
0 0.464844 0.46875 0.03125 0.03125
0 0.736328 0.550293 0.015625 0.0361328
0 0.437988 0.701172 0.0224609 0.0214844
0 0.403809 0.4375 0.0146484 0.0371094
0 0.568848 0.790039 0.0107422 0.0390625
0 0.720703 0.535156 0.0175781 0.0644531
0 0.69873 0.558594 0.0224609 0.0273438
0 0.42334 0.68457 0.0302734 0.0195312
0 0.671875 0.742188 0.0214844 0.0371094
0 0.730957 0.442871 0.0361328 0.0185547
0 0.355957 0.631348 0.0283203 0.0185547
0 0.650391 0.554688 0.0273438 0.015625
0 0.716797 0.567383 0.0175781 0.0253906
0 0.325684 0.413574 0.0146484 0.0341797
0 0.46582 0.570312 0.0234375 0.0195312
0 0.375488 0.461426 0.0126953 0.0361328
0 0.408691 0.418457 0.0166016 0.0263672
0 0.733398 0.600098 0.015625 0.0478516
0 0.662598 0.458008 0.0263672 0.0273438
0 0.578613 0.466797 0.0126953 0.0429688
0 0.692383 0.548828 0.0234375 0.0351562
0 0.58252 0.389648 0.0322266 0.015625
0 0.505371 0.682617 0.0224609 0.0351562
0 0.681152 0.685547 0.0341797 0.0332031
0 0.71875 0.461914 0.0253906 0.0234375
0 0.560547 0.759766 0.0136719 0.03125
0 0.599609 0.480469 0.0117188 0.046875
0 0.709961 0.602539 0.0234375 0.0234375
0 0.557617 0.461426 0.0117188 0.0302734
0 0.588867 0.42334 0.0136719 0.0380859
0 0.523926 0.563965 0.0224609 0.0302734
0 0.52832 0.712402 0.0273438 0.0283203
0 0.615234 0.493652 0.0253906 0.0244141
0 0.746094 0.672363 0.03125 0.0263672
0 0.47168 0.708984 0.0234375 0.0214844
0 0.554688 0.650391 0.015625 0.0449219
0 0.494629 0.654297 0.0224609 0.0292969
0 0.711914 0.642578 0.0234375 0.0390625
0 0.710938 0.57666 0.0214844 0.0302734
0 0.522949 0.742188 0.0244141 0.03125
0 0.494141 0.496094 0.0234375 0.03125
0 0.485352 0.512695 0.0273438 0.0351562
0 0.447266 0.424316 0.0136719 0.0380859
0 0.464844 0.402344 0.0371094 0.0214844
