0 0.566406 0.427734 0.0273438 0.0195312
0 0.470215 0.485352 0.0205078 0.0214844
0 0.493652 0.594727 0.0283203 0.0253906
0 0.454102 0.610352 0.015625 0.0371094
0 0.455566 0.40625 0.0126953 0.03125
0 0.48291 0.456543 0.0224609 0.0263672
0 0.507812 0.541992 0.0234375 0.0234375
0 0.480957 0.340332 0.0185547 0.0341797
0 0.578125 0.372559 0.0117188 0.0419922
0 0.427246 0.36377 0.0185547 0.0302734
0 0.539551 0.367188 0.0322266 0.0195312
0 0.470215 0.378906 0.0126953 0.0390625
0 0.440918 0.378906 0.0302734 0.0214844
0 0.579102 0.469238 0.0292969 0.0205078
0 0.466309 0.541992 0.0146484 0.0371094
0 0.439941 0.614258 0.0146484 0.0410156
0 0.506348 0.554199 0.0263672 0.0244141
0 0.446289 0.42041 0.0214844 0.0341797
0 0.563477 0.447754 0.0292969 0.0205078
0 0.472168 0.436523 0.0224609 0.0371094
0 0.595215 0.390137 0.0146484 0.0458984
0 0.551758 0.475586 0.0253906 0.0214844
0 0.442383 0.452148 0.0332031 0.0253906
0 0.491699 0.527344 0.0126953 0.0566406
0 0.524414 0.540039 0.00976562 0.0332031
0 0.449707 0.32959 0.0322266 0.0205078
0 0.503906 0.260254 0.0273438 0.0419922
0 0.454102 0.479492 0.0136719 0.0371094
0 0.429199 0.613281 0.0146484 0.046875
0 0.583984 0.368652 0.0175781 0.0498047
0 0.425781 0.467773 0.0371094 0.0332031
0 0.447266 0.631836 0.0273438 0.0332031
0 0.496094 0.361328 0.015625 0.0390625
0 0.493652 0.640137 0.0244141 0.0400391
0 0.508789 0.511719 0.0253906 0.0351562
0 0.575195 0.352539 0.0253906 0.0390625
0 0.474609 0.59082 0.0136719 0.0410156
0 0.540039 0.600586 0.0253906 0.0292969
0 0.595703 0.454102 0.0390625 0.0175781
0 0.500488 0.402344 0.0146484 0.0351562
0 0.466309 0.50293 0.0224609 0.0253906
0 0.51709 0.424316 0.0146484 0.0361328
0 0.481934 0.415039 0.0205078 0.0390625
0 0.484863 0.244141 0.0166016 0.0703125
0 0.466797 0.404785 0.015625 0.0322266
0 0.521484 0.481445 0.0175781 0.0371094
0 0.514648 0.642578 0.0214844 0.0527344
0 0.429199 0.398926 0.0166016 0.0419922
0 0.522461 0.402344 0.0214844 0.0429688
0 0.53125 0.565918 0.015625 0.0498047
0 0.549805 0.589844 0.0292969 0.046875
0 0.520508 0.681641 0.0136719 0.0429688
0 0.479004 0.318359 0.0244141 0.0234375
0 0.553711 0.382812 0.0332031 0.0195312
0 0.630371 0.461914 0.0380859 0.0253906
0 0.538086 0.404297 0.03125 0.0351562
0 0.530273 0.660645 0.0175781 0.0458984
0 0.443848 0.687988 0.0302734 0.0283203
0 0.475098 0.626953 0.0283203 0.0371094
0 0.580078 0.485352 0.0390625 0.0253906
0 0.535156 0.638672 0.0234375 0.0351562
0 0.581055 0.610352 0.03125 0.0292969
0 0.497559 0.319824 0.0224609 0.0439453
0 0.435059 0.306641 0.0224609 0.0664062
0 0.541016 0.621582 0.0234375 0.0341797
0 0.515625 0.581055 0.0214844 0.0410156
0 0.456543 0.563965 0.0400391 0.0166016
0 0.49707 0.430176 0.0136719 0.0439453
0 0.599609 0.362305 0.015625 0.0527344
0 0.471191 0.262207 0.0146484 0.0478516
0 0.53418 0.381836 0.0253906 0.0332031
0 0.584473 0.416992 0.0361328 0.0292969
0 0.512695 0.316895 0.0136719 0.0498047
0 0.567383 0.63623 0.0292969 0.0322266
0 0.503906 0.46582 0.015625 0.0488281
0 0.452637 0.293945 0.0185547 0.0449219
0 0.512695 0.366211 0.0214844 0.0371094
0 0.490723 0.660645 0.0263672 0.0302734
0 0.587891 0.437012 0.0390625 0.0244141
0 0.59082 0.661133 0.0214844 0.0527344
0 0.412109 0.626953 0.0136719 0.0429688
0 0.456055 0.35498 0.0234375 0.0400391
0 0.522461 0.293945 0.0195312 0.0449219
0 0.606934 0.469727 0.0380859 0.0195312
0 0.419922 0.42041 0.0351562 0.0283203
0 0.443359 0.665039 0.0332031 0.0332031
0 0.550781 0.499023 0.0351562 0.0273438
0 0.498535 0.57959 0.0263672 0.0361328
0 0.584961 0.500977 0.0332031 0.03125
0 0.480957 0.294922 0.0341797 0.0273438
0 0.507812 0.611328 0.03125 0.0175781
0 0.394531 0.415039 0.0214844 0.0429688
0 0.400391 0.600586 0.03125 0.0292969
0 0.564453 0.347656 0.0273438 0.0429688
0 0.555664 0.55957 0.0332031 0.0351562
0 0.532715 0.340332 0.0263672 0.0400391
0 0.462402 0.246582 0.0205078 0.0478516
