0 0.557617 0.633789 0.0234375 0.078125
0 0.557129 0.181152 0.0830078 0.200195
0 0.442871 0.719727 0.0341797 0.105469
0 0.454102 0.599609 0.0214844 0.0898438
0 0.519531 0.71875 0.0605469 0.0488281
0 0.52832 0.650879 0.0507812 0.0302734
0 0.491211 0.450195 0.0722656 0.105469
0 0.5 0.597656 0.0644531 0.0390625
0 0.42627 0.410156 0.0400391 0.119141
0 0.401367 0.549805 0.0429688 0.0683594
0 0.394531 0.606934 0.0546875 0.0458984
0 0.515137 0.624512 0.0537109 0.0341797
0 0.610352 0.424805 0.046875 0.0566406
0 0.463379 0.730469 0.0478516 0.0800781
0 0.436523 0.491211 0.0390625 0.0996094
0 0.529785 0.510742 0.0576172 0.0625
0 0.428711 0.552246 0.0527344 0.0771484
0 0.536621 0.692871 0.0693359 0.0439453
0 0.395996 0.45166 0.0458984 0.104492
0 0.51709 0.557129 0.0771484 0.0458984
0 0.468262 0.538574 0.0322266 0.0869141
0 0.381836 0.533691 0.0664062 0.0810547
0 0.422852 0.680176 0.0351562 0.0849609
0 0.319824 0.585938 0.0458984 0.0996094
0 0.364746 0.492188 0.0537109 0.0859375
0 0.358887 0.610352 0.0419922 0.0898438
0 0.39209 0.355957 0.0673828 0.0712891
0 0.485352 0.644531 0.0507812 0.0625
0 0.571289 0.726562 0.0527344 0.0878906
