0 0.288086 0.913086 0.0390625 0.03125
0 0.594238 0.423828 0.0595703 0.160156
0 0.764648 0.536133 0.0507812 0.0507812
0 0.103516 0.367676 0.0664062 0.0830078
0 0.349121 0.378418 0.0576172 0.0693359
0 0.171387 0.120117 0.0439453 0.0820312
0 0.171875 0.677734 0.0585938 0.0683594
0 0.334473 0.139648 0.0478516 0.0644531
0 0.223145 0.540039 0.0556641 0.0722656
0 0.255859 0.248535 0.0664062 0.118164
0 0.168457 0.453613 0.0556641 0.0849609
0 0.5625 0.536133 0.046875 0.0800781
0 0.800781 0.83252 0.0683594 0.0986328
0 0.725098 0.543457 0.0283203 0.0927734
