0 0.449707 0.697266 0.0263672 0.046875
0 0.390625 0.23291 0.0234375 0.0654297
0 0.370605 0.464355 0.0263672 0.0595703
0 0.347168 0.287598 0.0205078 0.0615234
0 0.332031 0.283203 0.0253906 0.0351562
0 0.541992 0.271484 0.0214844 0.0683594
0 0.435059 0.519043 0.0185547 0.0732422
0 0.552734 0.196777 0.0195312 0.0615234
0 0.409668 0.52832 0.0185547 0.0605469
0 0.427246 0.537109 0.0185547 0.0605469
0 0.448242 0.550781 0.0214844 0.0585938
0 0.557617 0.466797 0.0214844 0.0625
0 0.435547 0.459473 0.0351562 0.0458984
0 0.349121 0.329102 0.0205078 0.0566406
0 0.567383 0.183105 0.0214844 0.0693359
0 0.377441 0.498047 0.0302734 0.0546875
0 0.40332 0.227539 0.0429688 0.0527344
0 0.590332 0.303711 0.0205078 0.0625
0 0.411133 0.495605 0.0214844 0.0498047
0 0.437012 0.104492 0.0361328 0.046875
0 0.405762 0.431641 0.0341797 0.0507812
0 0.328613 0.308105 0.0341797 0.0439453
0 0.585449 0.123047 0.0283203 0.046875
0 0.524414 0.588867 0.0273438 0.0507812
0 0.461914 0.556641 0.0332031 0.0390625
0 0.313965 0.278809 0.0224609 0.0634766
0 0.34375 0.258789 0.0273438 0.0644531
0 0.395508 0.644043 0.0292969 0.0576172
0 0.376953 0.659668 0.0214844 0.0712891
0 0.361816 0.363281 0.0283203 0.0644531
0 0.438965 0.67041 0.0263672 0.0654297
0 0.527344 0.283691 0.0332031 0.0400391
0 0.369629 0.386719 0.0224609 0.0605469
0 0.673828 0.279297 0.0195312 0.0664062
0 0.591797 0.798828 0.0234375 0.0625
0 0.407227 0.291992 0.0253906 0.0683594
0 0.623047 0.713867 0.03125 0.0722656
0 0.6875 0.283691 0.0234375 0.0693359
0 0.483398 0.36377 0.03125 0.0458984
0 0.443848 0.421875 0.0400391 0.0488281
0 0.455078 0.356934 0.0273438 0.0595703
0 0.443848 0.350586 0.0244141 0.0527344
0 0.464844 0.501953 0.0351562 0.0566406
0 0.400391 0.467773 0.0351562 0.0332031
0 0.592773 0.183105 0.0292969 0.0615234
0 0.414551 0.615234 0.0341797 0.0507812
0 0.608887 0.444824 0.0263672 0.0615234
0 0.540039 0.119629 0.0253906 0.0634766
0 0.589844 0.474609 0.0234375 0.0664062
0 0.579102 0.768555 0.0292969 0.0683594
0 0.347656 0.443359 0.0292969 0.0839844
0 0.523438 0.541992 0.03125 0.0488281
0 0.678711 0.583984 0.0410156 0.0585938
0 0.564453 0.679688 0.0273438 0.0664062
0 0.370117 0.134277 0.0332031 0.0712891
0 0.416016 0.642578 0.0351562 0.0429688
0 0.525391 0.191406 0.0390625 0.0429688
0 0.258301 0.320801 0.0380859 0.0556641
0 0.493652 0.402832 0.0361328 0.0537109
0 0.52832 0.642578 0.0332031 0.03125
0 0.541992 0.447266 0.0253906 0.0625
0 0.388184 0.417969 0.0224609 0.0664062
0 0.501953 0.550781 0.0234375 0.0585938
0 0.374023 0.544922 0.03125 0.046875
0 0.369629 0.801758 0.0283203 0.0683594
0 0.501465 0.622559 0.0322266 0.0595703
0 0.396973 0.593262 0.0322266 0.0478516
0 0.424805 0.335449 0.0332031 0.0361328
0 0.322266 0.75293 0.0273438 0.0644531
0 0.45752 0.462402 0.0283203 0.0615234
0 0.469727 0.239258 0.0410156 0.0488281
0 0.416016 0.112793 0.0292969 0.0556641
0 0.269531 0.446289 0.0371094 0.0488281
0 0.494629 0.666504 0.0380859 0.0458984
0 0.561035 0.097168 0.0322266 0.0537109
0 0.544434 0.665039 0.0263672 0.0605469
0 0.704102 0.538086 0.0292969 0.0703125
0 0.549316 0.870117 0.0283203 0.0664062
0 0.291992 0.299805 0.0253906 0.0722656
0 0.488281 0.538086 0.03125 0.0566406
0 0.483398 0.179688 0.0292969 0.0664062
0 0.225586 0.612305 0.0292969 0.0605469
0 0.630859 0.231445 0.03125 0.0585938
0 0.744141 0.741211 0.03125 0.0683594
0 0.569336 0.248047 0.0332031 0.0507812
0 0.568359 0.291016 0.03125 0.0488281
0 0.317383 0.603516 0.0371094 0.0429688
0 0.462402 0.307617 0.0341797 0.0566406
0 0.573242 0.356934 0.0390625 0.0478516
0 0.412598 0.359375 0.0361328 0.046875
