0 0.48877 0.69043 0.0263672 0.0703125
0 0.57666 0.402832 0.0439453 0.0478516
0 0.356445 0.5625 0.0527344 0.0488281
0 0.651367 0.230957 0.046875 0.0615234
0 0.549316 0.760742 0.0322266 0.0703125
0 0.614746 0.36377 0.0498047 0.0751953
0 0.550781 0.407227 0.0332031 0.0703125
0 0.439941 0.455078 0.0537109 0.0351562
0 0.699707 0.273438 0.0537109 0.0292969
0 0.474121 0.304199 0.0791016 0.0439453
0 0.659668 0.431641 0.0498047 0.0351562
0 0.49707 0.433105 0.0566406 0.0732422
0 0.495117 0.870117 0.0625 0.0507812
0 0.628906 0.546875 0.0722656 0.0292969
0 0.766602 0.335938 0.0195312 0.0800781
0 0.786133 0.189941 0.046875 0.0673828
0 0.732422 0.498535 0.0585938 0.0244141
0 0.549805 0.54248 0.0488281 0.0498047
0 0.523438 0.642578 0.0605469 0.0527344
0 0.713379 0.535156 0.0322266 0.0703125
0 0.302246 0.597168 0.0576172 0.0693359
0 0.410645 0.485352 0.0478516 0.0527344
0 0.719727 0.628418 0.03125 0.0732422
0 0.505371 0.587891 0.0439453 0.0625
