0 0.580566 0.712891 0.0693359 0.0371094
0 0.459961 0.20459 0.0507812 0.0400391
0 0.0493164 0.362305 0.0322266 0.0507812
0 0.191895 0.341797 0.0380859 0.0664062
0 0.459961 0.340332 0.046875 0.0380859
0 0.401367 0.157227 0.0292969 0.0625
0 0.700684 0.484375 0.0498047 0.0429688
0 0.438965 0.518555 0.0322266 0.0664062
0 0.628906 0.291016 0.0351562 0.0410156
0 0.391602 0.594727 0.0449219 0.046875
0 0.598145 0.335449 0.0283203 0.0615234
0 0.399414 0.445312 0.0273438 0.0625
0 0.640137 0.206055 0.0439453 0.0429688
0 0.154785 0.502441 0.0380859 0.0673828
0 0.369141 0.391113 0.0273438 0.0537109
0 0.50293 0.516113 0.0371094 0.0615234
