0 0.493652 0.441406 0.0107422 0.03125
0 0.600586 0.503906 0.015625 0.0292969
0 0.386719 0.476562 0.0214844 0.0273438
0 0.352051 0.597656 0.0244141 0.015625
0 0.616699 0.489258 0.0205078 0.03125
0 0.371094 0.51416 0.0273438 0.0244141
0 0.427246 0.388672 0.0107422 0.0292969
0 0.580078 0.497559 0.0253906 0.0205078
0 0.367188 0.477051 0.0253906 0.0185547
0 0.524902 0.492676 0.0146484 0.0224609
0 0.541016 0.462402 0.0253906 0.0244141
0 0.444336 0.40332 0.015625 0.0332031
0 0.478027 0.453125 0.0166016 0.0234375
0 0.331055 0.453125 0.03125 0.0195312
0 0.368652 0.523926 0.0263672 0.0146484
0 0.419434 0.686035 0.0205078 0.0107422
0 0.412598 0.5625 0.0166016 0.03125
0 0.577148 0.543945 0.0234375 0.0214844
0 0.415527 0.45752 0.0166016 0.0263672
0 0.428223 0.63623 0.0263672 0.0185547
0 0.396484 0.562012 0.0117188 0.0341797
0 0.37207 0.431152 0.0195312 0.0263672
0 0.405762 0.638672 0.0224609 0.0292969
0 0.437988 0.428223 0.0244141 0.0244141
0 0.438477 0.459961 0.0234375 0.0253906
0 0.589844 0.574707 0.0117188 0.0400391
0 0.43457 0.598145 0.0253906 0.0283203
0 0.274902 0.458008 0.0146484 0.03125
0 0.380859 0.541992 0.0234375 0.0273438
0 0.323242 0.380859 0.0175781 0.0332031
0 0.578125 0.577637 0.0136719 0.0283203
0 0.5625 0.563965 0.0175781 0.0361328
0 0.447754 0.559082 0.0244141 0.0224609
0 0.466797 0.467285 0.0214844 0.0283203
0 0.57373 0.563477 0.0126953 0.0292969
0 0.569336 0.457031 0.0175781 0.0292969
0 0.634766 0.632812 0.0136719 0.0292969
0 0.569336 0.434082 0.0292969 0.0205078
0 0.411621 0.354492 0.0185547 0.0292969
0 0.461426 0.591797 0.0244141 0.0175781
0 0.428223 0.30957 0.0224609 0.0253906
0 0.442871 0.626953 0.0244141 0.0234375
0 0.48291 0.404297 0.0302734 0.0214844
0 0.606934 0.563965 0.0224609 0.0205078
