0 0.197754 0.178711 0.0205078 0.0488281
0 0.821289 0.0600586 0.015625 0.0302734
0 0.415527 0.379395 0.0205078 0.0205078
0 0.751953 0.288574 0.0273438 0.0283203
0 0.734375 0.818359 0.0136719 0.0253906
0 0.583984 0.884766 0.0214844 0.0253906
0 0.54834 0.674805 0.0244141 0.0195312
0 0.609375 0.446777 0.0253906 0.0146484
0 0.185059 0.888184 0.0224609 0.0146484
0 0.559082 0.473145 0.0302734 0.0322266
0 0.234863 0.238281 0.0146484 0.0195312
0 0.531738 0.52832 0.0244141 0.0488281
0 0.525879 0.663086 0.0244141 0.0234375
0 0.147461 0.47168 0.0273438 0.0195312
0 0.352539 0.706543 0.0214844 0.0205078
0 0.67627 0.602051 0.0244141 0.0419922
0 0.790527 0.290039 0.0126953 0.0390625
0 0.135254 0.76416 0.0107422 0.0341797
0 0.377441 0.59375 0.00878906 0.0332031
0 0.57666 0.888672 0.0302734 0.0332031
0 0.224609 0.758301 0.015625 0.0478516
0 0.489746 0.430664 0.0205078 0.0351562
0 0.933105 0.563477 0.0146484 0.0429688
0 0.228027 0.288086 0.0400391 0.0292969
0 0.578125 0.870117 0.03125 0.0273438
0 0.921875 0.633789 0.0214844 0.0390625
0 0.926758 0.463379 0.0234375 0.0478516
0 0.811035 0.12207 0.0126953 0.0449219
0 0.225586 0.311035 0.0371094 0.0263672
0 0.701172 0.377441 0.0390625 0.0205078
0 0.841309 0.220215 0.0205078 0.0498047
0 0.821289 0.749512 0.015625 0.0419922
0 0.867676 0.489258 0.0205078 0.0449219
0 0.720703 0.654297 0.0332031 0.0175781
0 0.566406 0.540527 0.0175781 0.0439453
0 0.304199 0.36377 0.0263672 0.0146484
0 0.824219 0.454102 0.0136719 0.03125
0 0.869629 0.246582 0.0302734 0.0244141
0 0.211426 0.776855 0.0244141 0.0419922
0 0.576172 0.104492 0.0195312 0.0371094
0 0.394531 0.650879 0.0117188 0.0361328
0 0.691895 0.266113 0.0244141 0.0263672
0 0.38623 0.59668 0.0126953 0.0390625
0 0.264648 0.434082 0.0195312 0.0458984
0 0.558105 0.20166 0.0263672 0.0185547
0 0.560059 0.4375 0.0146484 0.0390625
0 0.13623 0.739746 0.0283203 0.0166016
0 0.554199 0.855469 0.0146484 0.0410156
0 0.537109 0.654297 0.0234375 0.0332031
0 0.509766 0.257324 0.0351562 0.0244141
0 0.702148 0.65918 0.0195312 0.0351562
0 0.180664 0.617676 0.0175781 0.0400391
0 0.722168 0.786621 0.0302734 0.0185547
0 0.291016 0.681152 0.0273438 0.0341797
0 0.183105 0.17041 0.0185547 0.0283203
0 0.371582 0.0952148 0.0361328 0.0634766
0 0.904297 0.600586 0.0292969 0.0371094
0 0.586914 0.486816 0.0273438 0.0322266
0 0.666016 0.248535 0.0292969 0.0302734
0 0.919434 0.564453 0.0244141 0.0371094
0 0.179199 0.281738 0.0283203 0.0205078
0 0.490234 0.464355 0.0175781 0.0361328
0 0.478516 0.863281 0.0292969 0.0371094
0 0.731934 0.837402 0.0263672 0.0283203
0 0.103516 0.0883789 0.0234375 0.0263672
0 0.941895 0.341797 0.0302734 0.015625
0 0.741699 0.682129 0.0146484 0.0380859
0 0.254883 0.913086 0.03125 0.0390625
0 0.491211 0.5 0.0234375 0.0449219
0 0.149902 0.864746 0.0361328 0.0419922
0 0.211914 0.79834 0.0273438 0.0341797
0 0.0830078 0.709961 0.0390625 0.0546875
0 0.322754 0.16748 0.0166016 0.0361328
0 0.847656 0.463379 0.0273438 0.0263672
0 0.548828 0.643066 0.0195312 0.0380859
0 0.486816 0.236328 0.0205078 0.0449219
0 0.172363 0.873047 0.0400391 0.0195312
0 0.617676 0.560547 0.0283203 0.03125
0 0.92334 0.368652 0.0283203 0.0224609
0 0.120117 0.205566 0.0253906 0.0185547
0 0.855469 0.412109 0.0253906 0.0390625
0 0.66748 0.847656 0.0185547 0.0390625
0 0.52002 0.738281 0.0283203 0.0253906
0 0.191895 0.527344 0.0224609 0.0488281
0 0.737793 0.43457 0.0224609 0.03125
0 0.420898 0.196777 0.0195312 0.0419922
0 0.611328 0.715332 0.0214844 0.0283203
0 0.090332 0.772949 0.0283203 0.0419922
0 0.883301 0.773926 0.0283203 0.0302734
0 0.505859 0.813477 0.0214844 0.0351562
0 0.723633 0.687012 0.0234375 0.0322266
0 0.835938 0.679199 0.0273438 0.0302734
0 0.495117 0.755371 0.0253906 0.0380859
