0 0.40332 0.687012 0.0273438 0.0302734
0 0.443848 0.684082 0.0244141 0.0576172
0 0.313477 0.739258 0.0449219 0.0292969
0 0.547363 0.408691 0.0322266 0.0458984
0 0.321289 0.608398 0.0371094 0.0449219
0 0.375488 0.894531 0.0244141 0.0664062
0 0.255371 0.616211 0.0302734 0.0625
0 0.384766 0.677246 0.0292969 0.0517578
0 0.617676 0.296875 0.0498047 0.0292969
0 0.458008 0.556641 0.0234375 0.0546875
0 0.461914 0.223633 0.0527344 0.0332031
0 0.406738 0.245605 0.0498047 0.0380859
0 0.537109 0.450195 0.0273438 0.0566406
0 0.290039 0.774902 0.0390625 0.0283203
0 0.318848 0.387207 0.0419922 0.0341797
0 0.399902 0.625 0.0283203 0.0546875
0 0.445312 0.395508 0.0429688 0.0371094
0 0.335938 0.358398 0.0507812 0.0410156
0 0.355957 0.50293 0.0380859 0.0371094
0 0.335938 0.931641 0.0390625 0.046875
0 0.338867 0.69873 0.0410156 0.0419922
0 0.272461 0.823242 0.0351562 0.0566406
