0 0.630859 0.693359 0.0566406 0.0234375
0 0.556152 0.665039 0.0302734 0.0390625
0 0.61084 0.919922 0.0517578 0.0273438
0 0.47168 0.805664 0.0390625 0.0351562
0 0.457031 0.914551 0.0273438 0.0458984
0 0.63623 0.548828 0.0576172 0.0234375
0 0.470215 0.833008 0.0361328 0.0507812
0 0.416992 0.661621 0.0371094 0.0498047
0 0.407715 0.365723 0.0537109 0.0322266
0 0.617188 0.118164 0.0410156 0.0507812
0 0.475586 0.547852 0.0546875 0.0214844
0 0.62793 0.620117 0.0527344 0.0332031
0 0.686523 0.637695 0.0390625 0.0390625
0 0.782715 0.375977 0.0322266 0.0527344
0 0.502441 0.525879 0.0263672 0.0419922
0 0.355469 0.296875 0.0429688 0.046875
0 0.574707 0.67334 0.0302734 0.0419922
0 0.398926 0.245117 0.0439453 0.0566406
0 0.474609 0.587891 0.0371094 0.0429688
0 0.558594 0.698242 0.0351562 0.03125
0 0.532227 0.486816 0.0605469 0.0244141
0 0.647949 0.40625 0.0439453 0.046875
0 0.209473 0.320312 0.0380859 0.0429688
0 0.329102 0.509766 0.0566406 0.0253906
0 0.25 0.679688 0.0527344 0.03125
0 0.769043 0.828125 0.0361328 0.0449219
0 0.268555 0.361816 0.0351562 0.0498047
0 0.428711 0.846191 0.0546875 0.0478516
0 0.477539 0.910156 0.0371094 0.0527344
0 0.724121 0.696777 0.0341797 0.0439453
0 0.477051 0.526855 0.0400391 0.0400391
0 0.757812 0.692383 0.0371094 0.046875
0 0.448242 0.435059 0.0546875 0.0341797
0 0.295898 0.493164 0.0644531 0.0292969
0 0.415039 0.512695 0.0390625 0.0488281
0 0.27002 0.434082 0.0693359 0.0361328
0 0.324707 0.643066 0.0419922 0.0439453
0 0.428223 0.494141 0.0400391 0.0488281
0 0.153809 0.580078 0.0654297 0.0371094
0 0.527832 0.682617 0.0322266 0.0429688
0 0.723633 0.294922 0.0664062 0.03125
0 0.539062 0.51123 0.0488281 0.0419922
0 0.477539 0.466309 0.0371094 0.0400391
0 0.669434 0.393555 0.0380859 0.0488281
0 0.727539 0.662598 0.046875 0.0380859
0 0.915527 0.407715 0.0498047 0.0400391
0 0.72168 0.390625 0.0273438 0.0527344
0 0.82373 0.391113 0.0556641 0.0341797
0 0.79541 0.460938 0.0400391 0.046875
0 0.702637 0.239258 0.0458984 0.0488281
