0 0.458008 0.591309 0.0273438 0.0361328
0 0.447266 0.592285 0.0253906 0.0361328
0 0.536133 0.632812 0.0332031 0.0234375
0 0.530762 0.65332 0.0263672 0.0273438
0 0.524414 0.613281 0.0625 0.0234375
0 0.311523 0.664551 0.0566406 0.0283203
0 0.333984 0.648926 0.0546875 0.0302734
0 0.492188 0.649414 0.0488281 0.0175781
0 0.432617 0.597656 0.0292969 0.0390625
0 0.431641 0.626953 0.03125 0.0449219
0 0.396484 0.601562 0.0507812 0.03125
0 0.302246 0.638184 0.0517578 0.0419922
0 0.380371 0.625 0.0302734 0.0429688
