0 0.217773 0.547852 0.0234375 0.0332031
0 0.131836 0.540527 0.0371094 0.0244141
0 0.675781 0.525879 0.0292969 0.0322266
0 0.550781 0.574219 0.0507812 0.0292969
0 0.254395 0.548828 0.0576172 0.03125
0 0.527344 0.533203 0.0625 0.046875
0 0.469238 0.550781 0.0576172 0.0351562
0 0.498535 0.603516 0.0556641 0.0449219
0 0.438965 0.513184 0.0185547 0.0693359
0 0.395508 0.499023 0.0664062 0.046875
0 0.527344 0.503906 0.0664062 0.0332031
0 0.415527 0.654785 0.0595703 0.0400391
0 0.18457 0.543945 0.0644531 0.0390625
0 0.403809 0.605469 0.0419922 0.0722656
0 0.564453 0.512695 0.0175781 0.0722656
0 0.44873 0.600098 0.0673828 0.0498047
0 0.444336 0.63916 0.0234375 0.0498047
0 0.59668 0.588379 0.0605469 0.0283203
0 0.579102 0.521484 0.0214844 0.0820312
0 0.615723 0.497559 0.0576172 0.0576172
0 0.457031 0.498047 0.0273438 0.0644531
0 0.369629 0.640625 0.0478516 0.0410156
0 0.229004 0.518555 0.0537109 0.0253906
0 0.5 0.475098 0.0625 0.0283203
0 0.394043 0.543945 0.0263672 0.0703125
0 0.650391 0.548828 0.0566406 0.0371094
0 0.308594 0.550781 0.03125 0.0820312
0 0.628418 0.604492 0.0478516 0.0253906
0 0.29248 0.549805 0.0322266 0.0703125
0 0.48291 0.64502 0.0341797 0.0693359
0 0.550781 0.444824 0.0605469 0.0712891
0 0.473633 0.516113 0.0546875 0.0576172
0 0.331055 0.555664 0.0253906 0.0859375
0 0.549805 0.62207 0.0566406 0.0527344
0 0.642578 0.512695 0.0605469 0.0429688
0 0.541016 0.678711 0.0332031 0.0566406
0 0.426758 0.543945 0.0371094 0.0878906
0 0.707031 0.514648 0.0527344 0.0488281
0 0.350098 0.599609 0.0224609 0.0820312
0 0.686035 0.555664 0.0341797 0.0605469
0 0.515625 0.626465 0.0351562 0.0693359
0 0.646484 0.581055 0.046875 0.0566406
0 0.700195 0.576172 0.0546875 0.03125
0 0.537109 0.554199 0.0585938 0.0419922
0 0.369629 0.577637 0.0263672 0.0947266
0 0.245117 0.57666 0.0527344 0.0478516
0 0.604492 0.628418 0.0507812 0.0595703
0 0.460449 0.675293 0.0263672 0.0751953
0 0.600586 0.546875 0.0546875 0.0644531
0 0.598145 0.460938 0.0595703 0.0546875
0 0.746582 0.564941 0.0595703 0.0478516
0 0.565918 0.661133 0.0419922 0.0644531
