0 0.497559 0.273438 0.0185547 0.0488281
0 0.646484 0.0957031 0.0351562 0.0683594
0 0.293457 0.131836 0.0966797 0.136719
0 0.230469 0.222656 0.0195312 0.0546875
0 0.243652 0.196777 0.0263672 0.0537109
0 0.316895 0.236816 0.0322266 0.0341797
0 0.342773 0.0224609 0.0390625 0.0449219
0 0.514648 0.264648 0.0273438 0.0605469
0 0.67627 0.88916 0.0556641 0.0693359
0 0.253418 0.869141 0.0517578 0.0410156
0 0.386719 0.0766602 0.0292969 0.0615234
0 0.538086 0.637695 0.046875 0.0449219
0 0.0444336 0.720215 0.0244141 0.0361328
0 0.54248 0.70752 0.0205078 0.0712891
0 0.309082 0.993652 0.0478516 0.0126953
0 0.671875 0.0639648 0.0332031 0.0576172
0 0.213379 0.21875 0.0205078 0.0585938
0 0.0322266 0.67041 0.0507812 0.0751953
0 0.357422 0.668457 0.0449219 0.0244141
0 0.644531 0.897949 0.0253906 0.0751953
0 0.319336 0.411621 0.0351562 0.0380859
0 0.461426 0.251953 0.0263672 0.0507812
0 0.625 0.0571289 0.0507812 0.0361328
0 0.643555 0.762695 0.0371094 0.0898438
0 0.324707 0.686035 0.0283203 0.0205078
0 0.465332 0.382812 0.0244141 0.0605469
0 0.330078 0.880859 0.0332031 0.0253906
0 0.419434 0.406738 0.0263672 0.0556641
0 0.480957 0.320312 0.0419922 0.0332031
0 0.413574 0.719727 0.0322266 0.0546875
0 0.401367 0.678223 0.0390625 0.0380859
0 0.0732422 0.884766 0.0175781 0.0546875
0 0.449707 0.358398 0.0341797 0.0410156
0 0.369629 0.344727 0.0380859 0.0507812
0 0.815918 0.126953 0.0400391 0.0332031
0 0.523438 0.891602 0.0429688 0.046875
0 0.313965 0.379395 0.0439453 0.0302734
0 0.268555 0.894531 0.0371094 0.0449219
0 0.437012 0.415039 0.0185547 0.0585938
0 0.14502 0.765625 0.0478516 0.0585938
0 0.359375 0.691895 0.0371094 0.0302734
0 0.504883 0.305176 0.0351562 0.0478516
0 0.322266 0.537109 0.0429688 0.03125
0 0.448242 0.439453 0.0214844 0.0566406
0 0.230957 0.719727 0.0322266 0.078125
0 0.367676 0.601562 0.0283203 0.0390625
0 0.758301 0.167969 0.0595703 0.0410156
0 0.240723 0.839355 0.0478516 0.0283203
0 0.0693359 0.831543 0.0292969 0.0537109
0 0.506836 0.625 0.0351562 0.0527344
0 0.0673828 0.680664 0.0332031 0.0664062
0 0.633789 0.297363 0.0410156 0.0595703
0 0.573242 0.632324 0.0410156 0.0576172
0 0.612305 0.687012 0.046875 0.0458984
0 0.308105 0.56543 0.0380859 0.0371094
0 0.864258 0.310059 0.0664062 0.0498047
0 0.217285 0.977051 0.0380859 0.0283203
0 0.77832 0.102539 0.046875 0.0429688
0 0.825684 0.592773 0.0302734 0.0820312
0 0.960938 0.759277 0.046875 0.0830078
0 0.307617 0.644531 0.0449219 0.0253906
0 0.656738 0.556641 0.0302734 0.0742188
0 0.573242 0.18457 0.0371094 0.0546875
0 0.669434 0.330566 0.0576172 0.0283203
0 0.794922 0.151855 0.0488281 0.0458984
0 0.0986328 0.746094 0.0371094 0.0605469
0 0.303711 0.808594 0.0410156 0.03125
0 0.30957 0.499512 0.0371094 0.0439453
0 0.851074 0.162598 0.0498047 0.0556641
0 0.616211 0.130859 0.0351562 0.0488281
0 0.900879 0.18457 0.0478516 0.0566406
0 0.708008 0.0771484 0.0429688 0.046875
0 0.396973 0.424316 0.0361328 0.0361328
0 0.15918 0.703613 0.03125 0.0498047
