0 0.0078125 0.887695 0.015625 0.0273438
0 0.51709 0.646484 0.0283203 0.0351562
0 0.200195 0.617188 0.0722656 0.0351562
0 0.65625 0.444824 0.0722656 0.0244141
0 0.699219 0.761719 0.0800781 0.0234375
0 0.604004 0.612793 0.0673828 0.0205078
0 0.238281 0.769531 0.0742188 0.03125
0 0.53125 0.689941 0.0351562 0.0400391
0 0.62207 0.697266 0.0429688 0.0449219
0 0.533691 0.582031 0.0419922 0.0429688
0 0.709473 0.453125 0.0419922 0.03125
0 0.559082 0.6875 0.0400391 0.0371094
0 0.598145 0.633789 0.0576172 0.0292969
0 0.575195 0.542969 0.0664062 0.03125
0 0.505371 0.682129 0.0654297 0.0341797
0 0.429688 0.626465 0.0507812 0.0341797
0 0.590332 0.685547 0.0576172 0.0273438
0 0.323242 0.734375 0.0371094 0.0429688
0 0.570312 0.727051 0.0644531 0.0419922
