0 0.374512 0.304199 0.0927734 0.0478516
0 0.321289 0.616699 0.0566406 0.0576172
0 0.553223 0.633789 0.0810547 0.046875
0 0.19873 0.615234 0.0595703 0.0683594
0 0.355957 0.568359 0.0791016 0.0449219
0 0.334473 0.770508 0.0810547 0.078125
0 0.291504 0.450684 0.0673828 0.0693359
0 0.480957 0.189453 0.0810547 0.078125
0 0.249023 0.681641 0.0683594 0.0644531
0 0.351562 0.627441 0.0585938 0.0654297
0 0.401855 0.376953 0.100586 0.0429688
0 0.208496 0.545898 0.0830078 0.0761719
0 0.522461 0.61084 0.0546875 0.0595703
0 0.611328 0.401855 0.0878906 0.0400391
0 0.293457 0.525391 0.0693359 0.0625
0 0.475098 0.526367 0.0791016 0.0410156
0 0.268066 0.483398 0.104492 0.0410156
0 0.483398 0.654297 0.0820312 0.0644531
0 0.22168 0.796875 0.0976562 0.0429688
0 0.677734 0.597656 0.0839844 0.0664062
0 0.390137 0.513184 0.0849609 0.0439453
0 0.415039 0.444336 0.0761719 0.0488281
0 0.494629 0.477051 0.0830078 0.0458984
0 0.71582 0.517578 0.0585938 0.078125
0 0.684082 0.523438 0.0615234 0.0644531
