0 0.314453 0.538574 0.0371094 0.0341797
0 0.260742 0.411133 0.0351562 0.0488281
0 0.468262 0.364258 0.0439453 0.0292969
0 0.509766 0.708008 0.0253906 0.0839844
0 0.302246 0.572266 0.0361328 0.046875
0 0.640625 0.394531 0.0351562 0.0214844
0 0.549316 0.566406 0.0166016 0.0625
0 0.318359 0.479492 0.0351562 0.0507812
0 0.350586 0.362793 0.0371094 0.0283203
0 0.43457 0.330566 0.0332031 0.0361328
0 0.344727 0.581543 0.0371094 0.0419922
0 0.529297 0.345215 0.0351562 0.0400391
0 0.500488 0.542969 0.0224609 0.046875
0 0.599609 0.335938 0.03125 0.0351562
0 0.583496 0.373535 0.0400391 0.0361328
0 0.379883 0.658203 0.0214844 0.0703125
0 0.320801 0.350586 0.0302734 0.0410156
0 0.284668 0.59082 0.0283203 0.0605469
0 0.48584 0.834961 0.0478516 0.03125
0 0.35791 0.4375 0.0185547 0.0527344
0 0.319336 0.260254 0.0371094 0.0478516
0 0.354004 0.700195 0.0361328 0.0683594
0 0.57373 0.32373 0.0380859 0.0361328
0 0.643066 0.291504 0.0400391 0.0263672
0 0.638184 0.42041 0.0361328 0.0419922
0 0.603516 0.666992 0.0351562 0.0566406
