1 0.757324 0.470703 0.155273 0.140625
0 0.38916 0.859863 0.0634766 0.0419922
0 0.491211 0.461426 0.0683594 0.0693359
0 0.0908203 0.623535 0.0371094 0.0224609
0 0.270996 0.974609 0.0341797 0.0488281
0 0.203125 0.970703 0.0351562 0.0527344
0 0.482422 0.506836 0.0917969 0.0292969
0 0.489258 0.675293 0.09375 0.0205078
0 0.63916 0.431152 0.0869141 0.0693359
0 0.555176 0.470703 0.0712891 0.0585938
0 0.538086 0.740234 0.0371094 0.0839844
0 0.541016 0.643066 0.105469 0.0458984
0 0.302734 0.742676 0.0507812 0.0634766
0 0.631348 0.477539 0.0849609 0.0566406
0 0.512695 0.54248 0.0859375 0.0263672
0 0.441406 0.47998 0.0800781 0.0380859
0 0.696777 0.515625 0.0615234 0.0898438
0 0.600586 0.510254 0.0722656 0.0634766
0 0.509766 0.588379 0.0996094 0.0322266
0 0.30957 0.67627 0.0917969 0.0361328
0 0.348633 0.522949 0.0566406 0.0732422
0 0.592773 0.564941 0.0898438 0.0498047
0 0.661133 0.53418 0.0722656 0.0625
0 0.379883 0.620117 0.0605469 0.0585938
0 0.557617 0.437012 0.078125 0.0537109
