0 0.240723 0.350098 0.0478516 0.0830078
0 0.390625 0.557617 0.0527344 0.0527344
0 0.476074 0.852051 0.0478516 0.0908203
0 0.320312 0.394531 0.0722656 0.0683594
0 0.562988 0.816406 0.0478516 0.0800781
0 0.160156 0.284668 0.0605469 0.0595703
0 0.489746 0.806641 0.0517578 0.109375
0 0.352539 0.671875 0.0390625 0.111328
0 0.420898 0.853027 0.0683594 0.0966797
0 0.461914 0.415039 0.0429688 0.0898438
0 0.258789 0.621094 0.0332031 0.0898438
0 0.382812 0.383301 0.0488281 0.0927734
0 0.378906 0.510742 0.0742188 0.0742188
0 0.369141 0.59082 0.0410156 0.0898438
0 0.265625 0.391602 0.0429688 0.0996094
0 0.263184 0.530762 0.0673828 0.0810547
0 0.414062 0.615234 0.0488281 0.0839844
0 0.311035 0.632324 0.0380859 0.120117
0 0.522949 0.809082 0.0283203 0.114258
0 0.280762 0.799805 0.0302734 0.101562
0 0.187012 0.680176 0.0517578 0.0556641
0 0.432129 0.77832 0.0673828 0.0351562
0 0.243164 0.881836 0.0722656 0.0820312
0 0.23291 0.760742 0.0732422 0.0664062
0 0.580078 0.90918 0.046875 0.0976562
0 0.268555 0.466797 0.0976562 0.0488281
0 0.351562 0.830078 0.0800781 0.0390625
0 0.304199 0.534668 0.0517578 0.0966797
0 0.333008 0.566406 0.0410156 0.0839844
0 0.178223 0.405273 0.0732422 0.0703125
0 0.558594 0.89209 0.0664062 0.0810547
0 0.288574 0.638184 0.0380859 0.100586
0 0.346191 0.750977 0.0673828 0.0585938
0 0.196289 0.324219 0.0761719 0.0507812
0 0.165039 0.585449 0.0351562 0.0947266
0 0.176758 0.345703 0.0722656 0.0488281
0 0.328125 0.800781 0.0742188 0.0625
0 0.212402 0.396973 0.0712891 0.0615234
0 0.306152 0.897949 0.0751953 0.0439453
0 0.220703 0.691406 0.0527344 0.0859375
0 0.119141 0.341309 0.0644531 0.0537109
0 0.186523 0.825195 0.0761719 0.0390625
0 0.349609 0.866211 0.0800781 0.0429688
0 0.237305 0.80127 0.0683594 0.0576172
0 0.166504 0.65332 0.0439453 0.0683594
0 0.188477 0.488281 0.0390625 0.103516
0 0.226074 0.594727 0.0341797 0.103516
0 0.244629 0.710938 0.0634766 0.0800781
0 0.214355 0.490723 0.0380859 0.102539
0 0.0922852 0.513184 0.0634766 0.0849609
0 0.127441 0.599121 0.0498047 0.100586
0 0.147949 0.512695 0.0615234 0.0957031
0 0.163574 0.714844 0.0751953 0.0527344
0 0.114258 0.458984 0.0644531 0.0761719
0 0.13623 0.430176 0.0791016 0.0419922
0 0.197754 0.611328 0.0400391 0.101562
0 0.177246 0.779297 0.0634766 0.0683594
