0 0.429199 0.521484 0.110352 0.0234375
0 0.447266 0.578125 0.0996094 0.03125
0 0.550293 0.589844 0.0712891 0.03125
0 0.410645 0.59375 0.0888672 0.0214844
0 0.542969 0.553711 0.0761719 0.0292969
0 0.616211 0.633789 0.0957031 0.0449219
0 0.219727 0.5625 0.0820312 0.0429688
0 0.276855 0.493652 0.0556641 0.0537109
0 0.513184 0.587891 0.0673828 0.0429688
0 0.616699 0.529297 0.0849609 0.0390625
0 0.197754 0.535156 0.0478516 0.0410156
0 0.321289 0.524414 0.0546875 0.0429688
0 0.358398 0.512207 0.0507812 0.0458984
0 0.376953 0.453125 0.0507812 0.0488281
0 0.522461 0.51416 0.0625 0.0341797
0 0.568359 0.609375 0.0585938 0.0449219
0 0.493164 0.553711 0.0507812 0.046875
0 0.330078 0.484863 0.0488281 0.0400391
0 0.59668 0.559082 0.0742188 0.0380859
