0 0.536621 0.447266 0.0185547 0.03125
0 0.641602 0.551758 0.0253906 0.0292969
0 0.589844 0.505859 0.0429688 0.0332031
0 0.519531 0.449707 0.0195312 0.0341797
0 0.595703 0.560059 0.015625 0.0419922
0 0.577148 0.553711 0.0175781 0.0410156
0 0.456055 0.493652 0.03125 0.0146484
0 0.591797 0.484375 0.015625 0.0351562
0 0.58252 0.52832 0.0244141 0.0253906
0 0.424316 0.433105 0.0400391 0.0361328
0 0.640625 0.503906 0.015625 0.0546875
0 0.48584 0.480469 0.0419922 0.0371094
0 0.625 0.508301 0.0234375 0.0439453
0 0.555176 0.473633 0.0244141 0.0292969
0 0.619629 0.491699 0.0283203 0.0419922
0 0.499023 0.444336 0.0175781 0.0410156
0 0.655273 0.597656 0.0214844 0.0546875
0 0.481934 0.508789 0.0439453 0.0175781
0 0.435059 0.452148 0.0341797 0.0214844
0 0.525391 0.476562 0.0234375 0.0351562
0 0.395508 0.467773 0.0253906 0.0253906
0 0.460938 0.515625 0.03125 0.0195312
0 0.494629 0.518555 0.0361328 0.0292969
0 0.541016 0.496094 0.0234375 0.0351562
0 0.629883 0.538086 0.0410156 0.0214844
0 0.51416 0.454102 0.0146484 0.0410156
0 0.555664 0.490723 0.0273438 0.0224609
0 0.475586 0.449219 0.0175781 0.0546875
0 0.601562 0.544922 0.0195312 0.0390625
0 0.655762 0.549316 0.0244141 0.0361328
0 0.555664 0.545898 0.0371094 0.0253906
0 0.431152 0.477539 0.0380859 0.0214844
0 0.461426 0.458984 0.0205078 0.0527344
0 0.579102 0.467773 0.0175781 0.0507812
0 0.572266 0.509766 0.0410156 0.0253906
0 0.572754 0.484863 0.0205078 0.0302734
0 0.430664 0.491211 0.0371094 0.0234375
0 0.600586 0.501465 0.0253906 0.0478516
0 0.436523 0.509277 0.0410156 0.0302734
0 0.503906 0.501953 0.03125 0.0273438
0 0.424805 0.462891 0.0410156 0.015625
0 0.359863 0.485352 0.0380859 0.0253906
0 0.525391 0.425781 0.0273438 0.0175781
0 0.390137 0.450684 0.0283203 0.0263672
0 0.612305 0.569336 0.0351562 0.0410156
0 0.365723 0.465332 0.0380859 0.0283203
0 0.402832 0.487305 0.0205078 0.0390625
0 0.674805 0.55957 0.0175781 0.0488281
0 0.63916 0.58252 0.0322266 0.0263672
0 0.522461 0.52832 0.0332031 0.0371094
0 0.661621 0.506836 0.0341797 0.0488281
