0 0.681641 0.470703 0.0449219 0.0351562
0 0.460449 0.445312 0.0244141 0.0683594
0 0.321777 0.755371 0.0693359 0.0419922
0 0.546387 0.625488 0.0283203 0.0712891
0 0.37793 0.881836 0.0429688 0.0546875
0 0.290527 0.436523 0.0458984 0.0800781
0 0.428711 0.696777 0.0585938 0.0439453
0 0.177246 0.802734 0.0771484 0.0527344
0 0.768555 0.603027 0.046875 0.0380859
0 0.338867 0.774414 0.0585938 0.046875
0 0.854492 0.331543 0.0507812 0.0556641
0 0.575684 0.965332 0.0576172 0.0693359
0 0.553711 0.552734 0.0507812 0.0429688
0 0.572754 0.507324 0.0419922 0.0673828
0 0.710449 0.69873 0.0283203 0.0732422
0 0.693359 0.669922 0.0292969 0.0605469
0 0.687012 0.419922 0.0341797 0.0703125
0 0.682129 0.758301 0.0595703 0.0517578
0 0.853516 0.632324 0.0410156 0.0576172
0 0.791016 0.567383 0.0292969 0.0722656
0 0.666992 0.609863 0.0527344 0.0498047
0 0.425781 0.643066 0.0625 0.0419922
0 0.475098 0.445312 0.0263672 0.0742188
0 0.929688 0.709961 0.0507812 0.046875
0 0.509766 0.565918 0.0332031 0.0732422
0 0.688965 0.366211 0.0458984 0.0566406
0 0.412598 0.501953 0.0556641 0.0449219
0 0.27832 0.727051 0.0644531 0.0400391
0 0.664062 0.45166 0.0410156 0.0595703
0 0.757324 0.407715 0.0439453 0.0537109
0 0.288574 0.582031 0.0517578 0.0761719
0 0.616699 0.349121 0.0478516 0.0419922
0 0.258301 0.683594 0.0400391 0.0605469
0 0.709473 0.48584 0.0322266 0.0693359
0 0.608887 0.443848 0.0439453 0.0576172
0 0.767578 0.34082 0.0527344 0.0566406
0 0.695312 0.532227 0.0332031 0.0644531
0 0.55957 0.713867 0.0546875 0.0507812
0 0.810059 0.713379 0.0361328 0.0537109
0 0.325195 0.702148 0.0449219 0.0585938
0 0.817383 0.544434 0.0507812 0.0517578
0 0.722656 0.637207 0.0410156 0.0634766
0 0.367676 0.52832 0.0537109 0.0546875
0 0.515625 0.429688 0.0449219 0.0722656
0 0.891113 0.70459 0.0419922 0.0751953
