0 0.478516 0.426758 0.0234375 0.0332031
0 0.37207 0.470215 0.015625 0.0380859
0 0.54248 0.471191 0.0341797 0.0341797
0 0.71582 0.470215 0.015625 0.0576172
0 0.488281 0.401367 0.0253906 0.03125
0 0.333984 0.554688 0.0214844 0.0253906
0 0.689453 0.540039 0.0195312 0.0253906
0 0.37793 0.427734 0.0136719 0.0371094
0 0.407227 0.155762 0.03125 0.0244141
0 0.541016 0.22168 0.0214844 0.0546875
0 0.525391 0.510254 0.015625 0.0380859
0 0.66748 0.538086 0.0146484 0.0507812
0 0.416504 0.59082 0.0263672 0.0195312
0 0.572266 0.506836 0.00976562 0.0332031
0 0.483398 0.35791 0.0234375 0.0341797
0 0.533203 0.624512 0.0195312 0.0517578
0 0.5625 0.671875 0.0234375 0.0449219
0 0.681641 0.253906 0.0175781 0.0390625
0 0.473633 0.54248 0.0273438 0.0380859
0 0.558105 0.501465 0.0244141 0.0361328
0 0.53418 0.553711 0.0136719 0.0390625
0 0.485352 0.266113 0.0273438 0.0419922
