0 0.619141 0.370117 0.03125 0.0957031
0 0.0258789 0.59082 0.0380859 0.0644531
0 0.81543 0.560547 0.0527344 0.0585938
0 0.282227 0.445312 0.0546875 0.0410156
0 0.770508 0.213379 0.0292969 0.110352
0 0.97998 0.677734 0.0400391 0.109375
0 0.481934 0.802734 0.0322266 0.0527344
0 0.00683594 0.447266 0.0136719 0.03125
0 0.600586 0.566895 0.0488281 0.0400391
0 0.61377 0.426758 0.0361328 0.0917969
0 0.472656 0.733398 0.0585938 0.0449219
0 0.511719 0.367676 0.0488281 0.0517578
0 0.541992 0.586914 0.0449219 0.0839844
0 0.806641 0.355469 0.03125 0.0859375
0 0.697266 0.280273 0.0664062 0.0253906
0 0.938477 0.79248 0.0410156 0.0673828
0 0.388672 0.457031 0.03125 0.078125
0 0.44873 0.39209 0.0654297 0.0361328
0 0.863281 0.416504 0.0605469 0.0400391
0 0.732422 0.208984 0.0742188 0.0429688
0 0.649414 0.314453 0.0332031 0.0703125
0 0.425293 0.754883 0.0322266 0.0683594
0 0.745117 0.651367 0.0644531 0.0449219
0 0.883301 0.653809 0.0380859 0.0537109
0 0.986816 0.979004 0.0263672 0.0361328
0 0.991699 0.723145 0.0166016 0.0634766
0 0.00488281 0.494141 0.00976562 0.0507812
0 0.532227 0.47998 0.0371094 0.0771484
0 0.0649414 0.746094 0.0576172 0.0351562
0 0.475098 0.551758 0.0322266 0.0976562
0 0.900391 0.729004 0.046875 0.0693359
0 0.495605 0.239746 0.0634766 0.0380859
0 0.727539 0.883789 0.0722656 0.0996094
0 0.741699 0.544922 0.0458984 0.09375
0 0.372559 0.612305 0.0634766 0.0527344
0 0.571289 0.577148 0.0292969 0.0742188
0 0.187012 0.708984 0.0498047 0.0585938
0 0.870605 0.736816 0.0478516 0.0654297
0 0.027832 0.630859 0.0537109 0.0820312
0 0.418945 0.56543 0.0722656 0.0371094
0 0.517578 0.652344 0.0546875 0.0585938
0 0.455078 0.793945 0.0234375 0.0878906
0 0.822266 0.823242 0.0273438 0.0800781
0 0.974609 0.811035 0.0507812 0.0517578
0 0.788574 0.767578 0.0380859 0.0976562
0 0.865723 0.777344 0.0576172 0.0351562
0 0.955566 0.964355 0.0458984 0.0478516
0 0.442871 0.800781 0.0244141 0.09375
0 0.642578 0.410156 0.0234375 0.078125
0 0.749023 0.313965 0.0839844 0.0478516
0 0.464355 0.638672 0.0283203 0.0664062
0 0.736328 0.486816 0.0664062 0.0498047
0 0.412109 0.632812 0.0664062 0.0585938
0 0.665039 0.232422 0.0761719 0.0820312
0 0.533691 0.31543 0.0205078 0.0800781
0 0.601562 0.947266 0.0429688 0.0957031
0 0.908203 0.626953 0.0546875 0.0878906
0 0.894531 0.542969 0.0820312 0.0527344
0 0.448242 0.288574 0.0410156 0.116211
0 0.452148 0.611328 0.0351562 0.0683594
0 0.396973 0.787598 0.0595703 0.0419922
0 0.891602 0.493164 0.0625 0.0605469
0 0.709961 0.562012 0.0585938 0.0654297
0 0.59375 0.429199 0.03125 0.0849609
0 0.742188 0.618164 0.0664062 0.0429688
0 0.321289 0.62207 0.0664062 0.0488281
0 0.487305 0.461914 0.0410156 0.0605469
0 0.836914 0.719727 0.0683594 0.0449219
0 0.794434 0.508789 0.0556641 0.0917969
0 0.0263672 0.735352 0.0507812 0.0449219
0 0.147949 0.35498 0.0576172 0.0478516
0 0.75293 0.714355 0.0390625 0.0751953
0 0.764648 0.373047 0.0449219 0.078125
0 0.64502 0.583008 0.0400391 0.0820312
0 0.702148 0.259277 0.0761719 0.0517578
0 0.410156 0.594727 0.0585938 0.0273438
0 0.751953 0.883789 0.0546875 0.101562
0 0.62207 0.750977 0.0664062 0.0449219
0 0.497559 0.351562 0.0517578 0.0410156
0 0.977539 0.588867 0.0449219 0.0625
0 0.943359 0.710938 0.0488281 0.0742188
0 0.212402 0.446777 0.0654297 0.0478516
0 0.826172 0.607422 0.046875 0.0703125
0 0.575195 0.318359 0.0527344 0.03125
0 0.124512 0.74707 0.0634766 0.0371094
0 0.419922 0.730469 0.0351562 0.0820312
0 0.720703 0.692383 0.0585938 0.0527344
0 0.800293 0.237305 0.0341797 0.105469
0 0.62793 0.314941 0.0410156 0.0751953
0 0.520508 0.759766 0.0605469 0.0332031
0 0.0932617 0.643555 0.0517578 0.0664062
0 0.0170898 0.416992 0.0341797 0.0488281
0 0.525391 0.5625 0.0546875 0.09375
0 0.87207 0.847656 0.0292969 0.09375
0 0.360352 0.762695 0.0566406 0.0488281
0 0.921875 0.885742 0.0390625 0.0742188
0 0.635742 0.827148 0.0371094 0.0839844
0 0.0205078 0.684082 0.0410156 0.0400391
0 0.0268555 0.330566 0.0498047 0.0771484
0 0.951172 0.528809 0.0292969 0.0966797
0 0.704102 0.882324 0.0449219 0.0908203
0 0.202637 0.629395 0.0615234 0.0615234
0 0.229004 0.675781 0.0634766 0.0546875
0 0.476074 0.694824 0.0673828 0.0556641
0 0.603027 0.856445 0.0498047 0.0839844
0 0.602539 0.792969 0.0644531 0.0390625
0 0.785156 0.606934 0.0429688 0.0830078
0 0.336914 0.433105 0.0488281 0.0732422
0 0.495605 0.275391 0.0673828 0.046875
0 0.0332031 0.466797 0.0429688 0.0625
0 0.277344 0.765137 0.0507812 0.0771484
0 0.299805 0.713867 0.0410156 0.0839844
0 0.548828 0.448242 0.0332031 0.0878906
0 0.0805664 0.711914 0.0595703 0.0449219
0 0.429199 0.510742 0.0673828 0.0488281
0 0.640625 0.706055 0.0507812 0.0683594
0 0.149414 0.694824 0.046875 0.0556641
0 0.399902 0.684082 0.0654297 0.0478516
0 0.646973 0.658203 0.0595703 0.0429688
0 0.38916 0.330566 0.0439453 0.0947266
0 0.310547 0.573242 0.0664062 0.0683594
0 0.167969 0.514648 0.0390625 0.0683594
