0 0.469238 0.52002 0.0498047 0.0341797
0 0.243164 0.497559 0.0625 0.0146484
0 0.171875 0.504395 0.078125 0.0224609
0 0.425781 0.52832 0.0507812 0.0488281
0 0.125977 0.505371 0.0859375 0.0263672
0 0.334961 0.353027 0.0820312 0.0361328
0 0.272949 0.364746 0.0810547 0.0322266
0 0.371582 0.499512 0.100586 0.0205078
0 0.380859 0.351562 0.0449219 0.0332031
0 0.188965 0.40625 0.0537109 0.0332031
0 0.206543 0.542969 0.0830078 0.0234375
0 0.334961 0.389648 0.0839844 0.0175781
0 0.220215 0.337891 0.0849609 0.03125
0 0.0351562 0.396973 0.0703125 0.0263672
