0 0.578613 0.986816 0.0400391 0.0263672
0 0.512695 0.92041 0.0175781 0.0576172
0 0.554688 0.902344 0.0273438 0.0898438
0 0.330566 0.333008 0.0341797 0.0371094
0 0.617188 0.989746 0.0292969 0.0205078
0 0.497559 0.861816 0.0458984 0.0322266
0 0.552734 0.931641 0.0214844 0.0644531
0 0.535156 0.967285 0.0214844 0.0380859
0 0.493652 0.884766 0.0498047 0.0253906
0 0.492188 0.539062 0.0292969 0.0820312
0 0.30957 0.296387 0.0546875 0.0341797
0 0.532227 0.916992 0.03125 0.0703125
0 0.516602 0.472168 0.0195312 0.0712891
0 0.526367 0.876465 0.0195312 0.0595703
0 0.363281 0.351074 0.0371094 0.0595703
0 0.540527 0.613281 0.0537109 0.0390625
0 0.485352 0.849609 0.0585938 0.0371094
0 0.563965 0.667969 0.0283203 0.0878906
0 0.455078 0.459961 0.0390625 0.0664062
0 0.458984 0.837891 0.0546875 0.0410156
0 0.479492 0.459961 0.0253906 0.0722656
0 0.408691 0.370605 0.0556641 0.0458984
0 0.475586 0.519043 0.0214844 0.0654297
0 0.45752 0.818848 0.0400391 0.0361328
0 0.446289 0.871582 0.03125 0.0439453
0 0.595703 0.925781 0.0351562 0.0703125
0 0.600098 0.971191 0.0517578 0.0341797
0 0.515625 0.978516 0.0214844 0.0429688
0 0.547363 0.861328 0.0244141 0.0507812
0 0.430664 0.31543 0.0488281 0.0527344
0 0.408691 0.322266 0.0673828 0.0664062
0 0.369141 0.32373 0.0566406 0.0517578
0 0.504883 0.543457 0.0292969 0.0751953
0 0.569336 0.933105 0.0234375 0.0732422
0 0.505371 0.59082 0.0400391 0.0683594
0 0.48877 0.810547 0.0224609 0.0507812
0 0.334473 0.284668 0.0654297 0.0361328
0 0.496094 0.461914 0.0234375 0.0644531
0 0.408203 0.413574 0.0429688 0.0751953
0 0.541016 0.46875 0.0371094 0.0664062
0 0.276855 0.273926 0.0498047 0.0263672
0 0.511719 0.413574 0.0253906 0.0576172
0 0.458496 0.317383 0.0400391 0.0761719
0 0.523438 0.652344 0.0566406 0.0390625
0 0.378418 0.418457 0.0322266 0.0732422
0 0.410645 0.830078 0.0556641 0.0390625
0 0.572754 0.569336 0.0517578 0.0507812
0 0.609375 0.597656 0.0546875 0.0449219
