0 0.51416 0.597656 0.0244141 0.0351562
0 0.553711 0.415039 0.0117188 0.0214844
0 0.510742 0.626465 0.0253906 0.0380859
0 0.543457 0.64502 0.0302734 0.0263672
0 0.532715 0.604492 0.0400391 0.0332031
0 0.635254 0.691406 0.0263672 0.0292969
0 0.504883 0.774414 0.0332031 0.0351562
0 0.540527 0.625977 0.0341797 0.03125
0 0.665039 0.582031 0.0371094 0.0390625
0 0.635254 0.588867 0.0322266 0.0488281
0 0.581543 0.536133 0.0361328 0.0234375
0 0.553711 0.54248 0.0234375 0.0283203
0 0.551758 0.664062 0.0429688 0.0175781
0 0.60498 0.68457 0.0244141 0.0742188
0 0.481934 0.580078 0.0341797 0.0292969
0 0.637207 0.66748 0.0361328 0.0263672
0 0.503418 0.568359 0.0341797 0.0214844
0 0.646973 0.694336 0.0322266 0.03125
0 0.581055 0.557617 0.0351562 0.0273438
0 0.666016 0.734863 0.0273438 0.0478516
0 0.649414 0.549316 0.046875 0.0419922
0 0.544922 0.520508 0.0273438 0.0253906
0 0.458984 0.589844 0.0292969 0.0449219
0 0.401855 0.536621 0.0322266 0.0244141
0 0.51416 0.422852 0.0283203 0.0371094
0 0.644531 0.734375 0.0214844 0.0507812
0 0.503906 0.673828 0.0234375 0.0429688
0 0.595215 0.744141 0.0302734 0.0410156
0 0.541992 0.556641 0.0390625 0.0351562
0 0.490723 0.610352 0.0283203 0.0429688
