1 0.344727 0.762695 0.0800781 0.212891
1 0.37207 0.434082 0.0917969 0.18457
1 0.27002 0.223145 0.155273 0.108398
1 0.473145 0.329102 0.0771484 0.197266
1 0.640625 0.388184 0.0664062 0.21582
1 0.416992 0.186523 0.0996094 0.193359
1 0.364258 0.187012 0.126953 0.192383
1 0.411621 0.785645 0.12207 0.227539
1 0.18457 0.259766 0.150391 0.177734
1 0.539551 0.893555 0.102539 0.212891
1 0.669922 0.787109 0.160156 0.195312
1 0.22998 0.802734 0.135742 0.148438
1 0.334961 0.615723 0.158203 0.172852
1 0.518555 0.108398 0.142578 0.216797
1 0.162109 0.555664 0.121094 0.220703
