0 0.26123 0.535156 0.0439453 0.015625
0 0.612305 0.56543 0.0488281 0.0175781
0 0.461914 0.393555 0.0332031 0.0214844
0 0.552734 0.774902 0.0429688 0.0244141
0 0.476074 0.589355 0.0498047 0.0185547
0 0.466309 0.572266 0.0341797 0.0253906
0 0.730469 0.581543 0.0292969 0.0302734
0 0.597656 0.619141 0.0351562 0.0273438
0 0.618652 0.535156 0.0439453 0.0253906
0 0.745605 0.571777 0.0419922 0.0302734
0 0.541016 0.429688 0.0390625 0.0351562
0 0.597656 0.338867 0.0390625 0.0253906
0 0.479004 0.396973 0.0341797 0.0283203
0 0.395508 0.459961 0.0410156 0.0292969
0 0.442383 0.433594 0.0449219 0.0195312
0 0.292969 0.532715 0.0429688 0.0166016
0 0.758789 0.729492 0.0371094 0.0332031
0 0.585938 0.552246 0.046875 0.0244141
0 0.587402 0.583984 0.0205078 0.0253906
0 0.365234 0.479492 0.046875 0.0175781
0 0.406738 0.818359 0.0458984 0.0214844
0 0.622559 0.603516 0.0322266 0.0351562
0 0.36377 0.527344 0.0322266 0.0234375
0 0.353516 0.490234 0.0429688 0.015625
0 0.441406 0.492188 0.0390625 0.0195312
0 0.311523 0.544922 0.0253906 0.0273438
0 0.746094 0.405273 0.0390625 0.0175781
0 0.396484 0.498047 0.0273438 0.0351562
0 0.675781 0.688477 0.03125 0.0253906
0 0.253906 0.62793 0.0410156 0.0234375
0 0.676758 0.398438 0.0410156 0.0214844
0 0.657715 0.45166 0.0361328 0.0244141
0 0.604492 0.573242 0.0449219 0.015625
0 0.234375 0.568359 0.0507812 0.03125
0 0.521973 0.552734 0.0439453 0.015625
0 0.495117 0.398438 0.0253906 0.03125
0 0.287109 0.519531 0.0429688 0.0175781
0 0.660156 0.468262 0.046875 0.0166016
0 0.648438 0.352539 0.0273438 0.0332031
0 0.474609 0.424805 0.046875 0.015625
0 0.333008 0.60498 0.046875 0.0166016
0 0.625977 0.376465 0.0371094 0.0263672
0 0.265625 0.602539 0.0449219 0.0214844
0 0.309082 0.503906 0.0458984 0.0195312
0 0.247559 0.619141 0.0400391 0.0273438
0 0.51416 0.411621 0.0263672 0.0302734
0 0.784668 0.394043 0.0439453 0.0185547
0 0.702148 0.476562 0.0371094 0.0195312
0 0.389648 0.529297 0.0410156 0.015625
0 0.440918 0.455566 0.0283203 0.0283203
0 0.532227 0.441406 0.0332031 0.0292969
0 0.37207 0.472168 0.0527344 0.0205078
0 0.567871 0.573242 0.0419922 0.0175781
0 0.510742 0.492188 0.0332031 0.015625
0 0.737305 0.412109 0.0371094 0.015625
0 0.385254 0.619141 0.0361328 0.0273438
0 0.335449 0.595703 0.0400391 0.0234375
0 0.324707 0.613281 0.0419922 0.0234375
0 0.322266 0.774902 0.0429688 0.0185547
0 0.607422 0.642578 0.03125 0.03125
0 0.734375 0.429688 0.03125 0.0253906
0 0.244141 0.576172 0.0390625 0.03125
0 0.662109 0.351562 0.0390625 0.0292969
0 0.393066 0.536133 0.0419922 0.0175781
0 0.663574 0.600586 0.0380859 0.0253906
0 0.592285 0.540039 0.0458984 0.0214844
0 0.740234 0.450195 0.0429688 0.0214844
0 0.684082 0.445312 0.0380859 0.0273438
0 0.251465 0.560547 0.0419922 0.015625
0 0.309082 0.484863 0.0380859 0.0185547
0 0.600586 0.630371 0.0332031 0.0224609
0 0.500977 0.380859 0.0410156 0.0195312
0 0.463867 0.583496 0.0488281 0.0263672
0 0.431641 0.415039 0.0253906 0.0390625
0 0.251465 0.642578 0.0400391 0.0195312
0 0.745117 0.586914 0.0371094 0.0253906
0 0.379883 0.547852 0.0390625 0.0175781
0 0.230469 0.638672 0.0214844 0.0390625
0 0.608887 0.521484 0.0302734 0.0273438
0 0.708984 0.460938 0.0273438 0.03125
0 0.47998 0.450684 0.0361328 0.0224609
0 0.700195 0.444336 0.0253906 0.0273438
0 0.558594 0.763672 0.0390625 0.0273438
0 0.316406 0.595215 0.03125 0.0244141
0 0.359863 0.77832 0.0400391 0.0253906
0 0.670898 0.419434 0.0332031 0.0263672
0 0.317383 0.705078 0.0292969 0.0273438
0 0.503418 0.56543 0.0380859 0.0214844
0 0.721191 0.585449 0.0224609 0.0322266
0 0.231445 0.551758 0.0507812 0.0214844
0 0.671875 0.366699 0.0332031 0.0224609
0 0.187012 0.534668 0.0419922 0.0263672
0 0.469727 0.490723 0.0273438 0.0341797
0 0.224121 0.530273 0.0380859 0.0253906
0 0.343262 0.755859 0.0419922 0.0195312
0 0.350098 0.464355 0.0478516 0.0185547
0 0.543945 0.55957 0.0488281 0.0175781
0 0.481445 0.435059 0.0410156 0.0166016
0 0.523438 0.47168 0.0351562 0.0253906
0 0.749023 0.561523 0.0429688 0.0195312
0 0.662109 0.749512 0.0273438 0.0361328
0 0.383301 0.452637 0.0380859 0.0263672
0 0.47998 0.471191 0.0263672 0.0283203
0 0.500488 0.461914 0.0341797 0.0253906
0 0.586914 0.615234 0.0429688 0.0234375
0 0.326172 0.791016 0.0429688 0.0234375
0 0.644531 0.475098 0.0429688 0.0205078
0 0.320801 0.527832 0.0380859 0.0244141
0 0.395996 0.780273 0.0263672 0.0351562
0 0.648926 0.75 0.0224609 0.0351562
0 0.868164 0.476074 0.046875 0.0205078
0 0.553223 0.787109 0.0380859 0.0234375
0 0.46875 0.614258 0.0351562 0.0253906
0 0.532227 0.675781 0.0332031 0.0351562
0 0.512207 0.430664 0.0341797 0.0214844
0 0.692383 0.6875 0.0410156 0.0234375
0 0.225586 0.515625 0.0371094 0.0273438
0 0.558105 0.349609 0.0419922 0.0253906
0 0.352539 0.501465 0.0429688 0.0244141
0 0.397949 0.428711 0.0478516 0.0292969
0 0.714844 0.416992 0.0234375 0.0292969
0 0.657227 0.494629 0.0429688 0.0263672
0 0.270996 0.547852 0.0380859 0.0214844
0 0.29248 0.55957 0.0263672 0.0332031
0 0.636719 0.547852 0.0273438 0.0292969
0 0.65332 0.677246 0.0410156 0.0263672
0 0.78125 0.727539 0.0273438 0.0371094
0 0.650879 0.40918 0.0244141 0.0332031
0 0.636719 0.708008 0.0410156 0.0234375
0 0.382324 0.42041 0.0361328 0.0302734
0 0.598145 0.594727 0.0361328 0.0253906
0 0.325195 0.576172 0.0371094 0.0175781
0 0.465332 0.541992 0.0439453 0.0253906
0 0.465332 0.526855 0.0380859 0.0244141
0 0.260742 0.519531 0.0332031 0.0273438
0 0.275391 0.585449 0.0253906 0.0283203
0 0.737305 0.761719 0.046875 0.0175781
0 0.758789 0.741211 0.0253906 0.0371094
0 0.417969 0.461426 0.0332031 0.0263672
0 0.359375 0.824219 0.0195312 0.0449219
0 0.379395 0.498047 0.0244141 0.0371094
0 0.513672 0.609863 0.0429688 0.0224609
0 0.557617 0.807129 0.0410156 0.0244141
0 0.66748 0.626953 0.0419922 0.0195312
0 0.639648 0.628418 0.0332031 0.0322266
0 0.511719 0.541016 0.0449219 0.0175781
0 0.389648 0.637207 0.0332031 0.0322266
0 0.35498 0.589355 0.0419922 0.0224609
0 0.352051 0.540039 0.0361328 0.0292969
0 0.630859 0.398926 0.0273438 0.0361328
0 0.578125 0.724609 0.03125 0.0390625
0 0.496094 0.481934 0.0273438 0.0283203
0 0.414551 0.805664 0.0361328 0.03125
0 0.28418 0.618164 0.0253906 0.0332031
0 0.746094 0.460938 0.046875 0.0195312
0 0.546875 0.541992 0.03125 0.0292969
0 0.459473 0.375 0.0458984 0.0234375
0 0.708008 0.609375 0.0214844 0.0371094
0 0.662109 0.436035 0.0371094 0.0205078
0 0.506836 0.806152 0.0488281 0.0224609
0 0.795898 0.566895 0.0410156 0.0244141
0 0.720703 0.49707 0.0234375 0.0410156
0 0.615234 0.334961 0.0292969 0.0332031
0 0.500977 0.501953 0.0390625 0.0195312
0 0.666504 0.515625 0.0361328 0.0273438
0 0.457031 0.411133 0.0292969 0.0292969
0 0.438477 0.618164 0.0253906 0.0351562
0 0.780273 0.438477 0.0332031 0.0292969
0 0.632812 0.493164 0.0390625 0.0214844
0 0.692871 0.759766 0.0478516 0.0234375
0 0.680664 0.717773 0.0253906 0.0371094
0 0.269531 0.637695 0.0234375 0.0371094
0 0.759766 0.811523 0.0273438 0.0390625
0 0.384277 0.77832 0.0224609 0.0371094
0 0.452637 0.724609 0.0263672 0.0410156
0 0.490234 0.602539 0.0390625 0.0214844
0 0.850098 0.360352 0.0341797 0.0429688
0 0.739258 0.393066 0.0371094 0.0166016
0 0.757812 0.719727 0.046875 0.0175781
0 0.610352 0.512207 0.0332031 0.0263672
0 0.440918 0.51416 0.0263672 0.0341797
0 0.539062 0.495605 0.0273438 0.0322266
0 0.421875 0.782227 0.03125 0.0332031
0 0.589844 0.705566 0.0351562 0.0185547
0 0.250977 0.709473 0.0273438 0.0400391
0 0.453613 0.667969 0.0361328 0.03125
0 0.478027 0.513672 0.0439453 0.0234375
0 0.645508 0.59082 0.0253906 0.0292969
0 0.270508 0.497559 0.0410156 0.0244141
0 0.693359 0.623047 0.0351562 0.03125
0 0.569336 0.334473 0.0410156 0.0185547
0 0.395508 0.561523 0.0371094 0.0253906
0 0.358398 0.616211 0.0371094 0.0292969
0 0.70752 0.396484 0.0361328 0.0234375
0 0.372559 0.810547 0.0263672 0.0371094
0 0.498047 0.789062 0.0429688 0.0234375
0 0.803223 0.574707 0.0400391 0.0224609
0 0.198242 0.527344 0.0410156 0.0273438
0 0.580078 0.372559 0.0507812 0.0224609
0 0.572754 0.791016 0.0439453 0.0234375
0 0.727539 0.775879 0.0488281 0.0224609
0 0.770996 0.408203 0.0263672 0.0292969
0 0.223633 0.620117 0.03125 0.0371094
0 0.857422 0.494141 0.0273438 0.03125
0 0.544922 0.394043 0.0351562 0.0244141
0 0.773438 0.558594 0.03125 0.0195312
0 0.550293 0.691406 0.0322266 0.0351562
0 0.445312 0.646973 0.0429688 0.0205078
0 0.535156 0.768555 0.0351562 0.0292969
0 0.280273 0.671875 0.0292969 0.03125
0 0.330078 0.696777 0.0449219 0.0244141
0 0.422852 0.561523 0.0214844 0.0332031
0 0.42334 0.481445 0.0263672 0.03125
0 0.803711 0.595703 0.0253906 0.0332031
0 0.621582 0.686035 0.0263672 0.0341797
0 0.635742 0.439941 0.0253906 0.0341797
0 0.692383 0.500977 0.0371094 0.0292969
0 0.759766 0.383789 0.0449219 0.0234375
0 0.351074 0.569336 0.0380859 0.0253906
0 0.709961 0.667969 0.0449219 0.0234375
0 0.536133 0.415039 0.0332031 0.0292969
0 0.457031 0.455566 0.0234375 0.0322266
0 0.732422 0.631348 0.03125 0.0380859
0 0.602539 0.770508 0.0332031 0.0371094
0 0.285156 0.402344 0.0507812 0.0351562
0 0.731445 0.748047 0.0449219 0.0195312
0 0.48291 0.566406 0.0302734 0.03125
0 0.448242 0.549316 0.0234375 0.0341797
0 0.793945 0.743164 0.0390625 0.0332031
0 0.553711 0.434082 0.0449219 0.0224609
0 0.842773 0.416992 0.0390625 0.0214844
0 0.730469 0.794434 0.0546875 0.0205078
0 0.65918 0.704102 0.0292969 0.0332031
0 0.62793 0.665039 0.0410156 0.0195312
0 0.797852 0.662109 0.0253906 0.0351562
0 0.495117 0.364258 0.0371094 0.0273438
0 0.330566 0.73584 0.0302734 0.0361328
0 0.513184 0.686523 0.0263672 0.0371094
0 0.609375 0.790039 0.03125 0.0332031
0 0.809082 0.408203 0.0419922 0.0195312
0 0.683105 0.535156 0.0263672 0.0351562
0 0.638184 0.518555 0.0400391 0.0214844
0 0.682617 0.78125 0.0410156 0.03125
0 0.441895 0.595703 0.0400391 0.0234375
0 0.274414 0.754395 0.0292969 0.0380859
0 0.646484 0.564453 0.03125 0.0292969
0 0.541992 0.473145 0.0332031 0.0244141
0 0.726562 0.553223 0.0429688 0.0283203
0 0.763672 0.541016 0.0371094 0.0234375
0 0.426758 0.832031 0.0449219 0.0273438
0 0.480469 0.640625 0.0390625 0.03125
0 0.369141 0.748047 0.0390625 0.0234375
0 0.516113 0.75293 0.0380859 0.0292969
0 0.682617 0.661621 0.03125 0.0302734
0 0.828125 0.57373 0.0273438 0.0361328
0 0.652344 0.773438 0.0351562 0.03125
0 0.275391 0.708008 0.0390625 0.0332031
0 0.816406 0.688965 0.0429688 0.0322266
0 0.818359 0.663086 0.0390625 0.0332031
0 0.710938 0.731934 0.0449219 0.0283203
0 0.301758 0.734375 0.0351562 0.0351562
