0 0.563477 0.355469 0.0507812 0.0488281
0 0.209473 0.59375 0.0458984 0.0429688
0 0.333496 0.760742 0.0380859 0.046875
0 0.587891 0.637207 0.0625 0.0380859
0 0.165039 0.569336 0.0644531 0.0546875
0 0.406738 0.464844 0.0458984 0.0527344
0 0.39209 0.799805 0.0693359 0.046875
0 0.328125 0.699219 0.03125 0.0429688
0 0.281738 0.780273 0.0419922 0.0585938
0 0.433594 0.65332 0.0566406 0.0507812
0 0.299316 0.701172 0.0361328 0.0527344
0 0.247559 0.716797 0.0517578 0.0527344
0 0.341309 0.601074 0.0537109 0.0498047
0 0.558594 0.503906 0.0761719 0.046875
0 0.270996 0.610352 0.0458984 0.0449219
0 0.413574 0.728516 0.0654297 0.0332031
0 0.374023 0.684082 0.0507812 0.0419922
