0 0.755859 0.722656 0.0234375 0.015625
0 0.520996 0.473145 0.0283203 0.0830078
0 0.513672 0.339844 0.0234375 0.0625
0 0.401855 0.531738 0.0283203 0.0205078
0 0.625488 0.438965 0.0361328 0.0458984
0 0.39209 0.52002 0.0244141 0.0458984
0 0.399902 0.546875 0.0263672 0.0234375
0 0.699707 0.612305 0.0224609 0.0722656
0 0.592773 0.6875 0.0292969 0.0390625
0 0.642578 0.562012 0.0351562 0.0556641
0 0.460449 0.604492 0.0263672 0.0585938
0 0.822266 0.563477 0.0429688 0.0527344
0 0.488281 0.818359 0.0195312 0.0625
0 0.781738 0.798828 0.0146484 0.0507812
