0 0.530762 0.588379 0.0107422 0.0322266
0 0.548828 0.484863 0.0292969 0.0224609
0 0.51709 0.587891 0.0205078 0.0488281
0 0.627441 0.522461 0.0341797 0.0273438
0 0.592773 0.525879 0.03125 0.0244141
0 0.464844 0.487793 0.0253906 0.0498047
0 0.537109 0.549805 0.015625 0.0429688
0 0.544434 0.586914 0.0244141 0.0332031
0 0.563477 0.521973 0.0175781 0.0380859
0 0.508789 0.612305 0.0253906 0.0644531
0 0.618652 0.549805 0.0400391 0.0371094
0 0.411133 0.479492 0.0449219 0.0234375
0 0.529297 0.506836 0.03125 0.0292969
0 0.566895 0.577637 0.0224609 0.0380859
0 0.514648 0.449219 0.0253906 0.0449219
0 0.486328 0.541992 0.015625 0.0488281
0 0.586426 0.552246 0.0244141 0.0244141
0 0.561523 0.550293 0.0273438 0.0185547
0 0.501953 0.546875 0.0253906 0.0429688
0 0.524902 0.558105 0.0126953 0.0439453
0 0.571777 0.49707 0.0224609 0.046875
0 0.682129 0.531738 0.0361328 0.0263672
0 0.651367 0.518066 0.0234375 0.0458984
