0 0.327148 0.44873 0.0722656 0.100586
0 0.404297 0.471191 0.0449219 0.112305
0 0.34082 0.394043 0.0722656 0.0791016
0 0.553223 0.297852 0.0654297 0.0371094
0 0.400879 0.36377 0.0712891 0.0478516
0 0.571777 0.578125 0.0595703 0.144531
0 0.424316 0.342285 0.0830078 0.0771484
0 0.523438 0.336426 0.078125 0.0478516
0 0.578613 0.360352 0.0986328 0.0449219
0 0.534668 0.645508 0.0517578 0.119141
0 0.599121 0.394531 0.0908203 0.0683594
0 0.42041 0.605469 0.0654297 0.121094
0 0.583496 0.474609 0.0693359 0.0585938
