0 0.416016 0.554199 0.0175781 0.0224609
0 0.428223 0.378418 0.0302734 0.0205078
0 0.29248 0.518555 0.0400391 0.0273438
0 0.462402 0.67627 0.0283203 0.0244141
0 0.696777 0.505371 0.0380859 0.0341797
0 0.456055 0.34375 0.0175781 0.0292969
0 0.44873 0.484375 0.0224609 0.0136719
0 0.414062 0.486328 0.0214844 0.0253906
0 0.416504 0.527344 0.0146484 0.03125
0 0.523926 0.277344 0.0205078 0.0195312
0 0.398926 0.560059 0.0224609 0.0263672
0 0.637207 0.392578 0.0166016 0.03125
0 0.542969 0.516113 0.0234375 0.0263672
0 0.537109 0.478516 0.0234375 0.0234375
0 0.356445 0.712402 0.0292969 0.0322266
0 0.47168 0.654297 0.0234375 0.0234375
0 0.611328 0.407715 0.0234375 0.0224609
0 0.57373 0.764648 0.0126953 0.03125
0 0.55127 0.712891 0.00878906 0.0292969
0 0.407227 0.724609 0.0195312 0.0175781
0 0.57666 0.394531 0.0126953 0.0351562
0 0.403809 0.402832 0.0322266 0.0166016
0 0.523438 0.394531 0.0253906 0.0273438
0 0.545898 0.486328 0.0214844 0.0253906
0 0.61084 0.655762 0.0166016 0.0302734
0 0.512695 0.75293 0.0195312 0.0195312
0 0.422363 0.380371 0.0205078 0.0146484
0 0.591309 0.438477 0.0283203 0.0136719
0 0.633789 0.378906 0.0234375 0.015625
0 0.401855 0.526367 0.0185547 0.0351562
0 0.532227 0.443359 0.0234375 0.0117188
0 0.416016 0.716309 0.0234375 0.0146484
0 0.335449 0.661621 0.0185547 0.0361328
0 0.544434 0.562012 0.0107422 0.0322266
0 0.674805 0.587402 0.0234375 0.0166016
0 0.690918 0.547363 0.0185547 0.0380859
0 0.491699 0.419922 0.0244141 0.0136719
0 0.394043 0.69043 0.0244141 0.0351562
0 0.579102 0.564941 0.0175781 0.0263672
0 0.429688 0.48291 0.0195312 0.0263672
0 0.668457 0.604004 0.0126953 0.0283203
0 0.425781 0.730469 0.0214844 0.0175781
0 0.437012 0.494141 0.0263672 0.0136719
0 0.564453 0.638672 0.0136719 0.0371094
0 0.550781 0.430664 0.0253906 0.0234375
0 0.503906 0.681641 0.0273438 0.0175781
0 0.395508 0.380371 0.0332031 0.0185547
0 0.494141 0.364746 0.0175781 0.0302734
0 0.383789 0.558105 0.0195312 0.0283203
0 0.660156 0.604004 0.015625 0.0263672
0 0.425781 0.526855 0.0117188 0.0302734
0 0.443359 0.452148 0.0234375 0.0234375
0 0.524414 0.539062 0.0234375 0.015625
0 0.62207 0.652832 0.0117188 0.0341797
0 0.538086 0.53418 0.0273438 0.0195312
0 0.566406 0.754883 0.015625 0.0351562
0 0.57666 0.420898 0.0224609 0.015625
0 0.501465 0.780762 0.0166016 0.0361328
0 0.586914 0.396484 0.015625 0.0253906
0 0.431641 0.428711 0.0136719 0.0292969
0 0.478516 0.699707 0.0195312 0.0263672
0 0.558594 0.37793 0.0273438 0.0214844
0 0.461914 0.46875 0.0117188 0.03125
0 0.422363 0.445801 0.0185547 0.0283203
0 0.644531 0.572266 0.015625 0.0273438
0 0.523438 0.679199 0.015625 0.0341797
0 0.498047 0.438965 0.03125 0.0185547
0 0.537109 0.764648 0.0273438 0.0195312
0 0.384277 0.437012 0.0302734 0.0185547
0 0.501465 0.721191 0.0185547 0.0322266
0 0.537109 0.71875 0.0273438 0.0195312
0 0.485352 0.740723 0.00976562 0.0302734
0 0.53125 0.569824 0.0195312 0.0224609
0 0.438477 0.374023 0.0195312 0.0292969
0 0.472168 0.486816 0.0341797 0.0302734
0 0.672852 0.636719 0.015625 0.03125
0 0.369141 0.619141 0.0332031 0.03125
0 0.419434 0.396973 0.0244141 0.0146484
0 0.481934 0.501465 0.0263672 0.0166016
0 0.615723 0.370117 0.0205078 0.0390625
0 0.371582 0.419922 0.0185547 0.0273438
0 0.412598 0.468262 0.0205078 0.0224609
0 0.503906 0.533203 0.0136719 0.0292969
0 0.33252 0.536621 0.0244141 0.0205078
0 0.370605 0.575195 0.0263672 0.0195312
0 0.390137 0.727539 0.0185547 0.0351562
0 0.624023 0.436523 0.0273438 0.0175781
0 0.655273 0.451172 0.0273438 0.0214844
0 0.48584 0.535156 0.0185547 0.0253906
0 0.394531 0.487305 0.0136719 0.0332031
0 0.371094 0.679199 0.0273438 0.0263672
0 0.347168 0.571777 0.0166016 0.0341797
