0 0.311035 0.670898 0.0146484 0.0117188
0 0.52832 0.483887 0.00976562 0.0185547
0 0.613281 0.597168 0.015625 0.0107422
0 0.395508 0.747559 0.0078125 0.0166016
0 0.32373 0.54248 0.00683594 0.0263672
0 0.38623 0.375977 0.00683594 0.0175781
0 0.532227 0.632812 0.0136719 0.0136719
0 0.534668 0.616699 0.0126953 0.0107422
0 0.321289 0.573242 0.00976562 0.0253906
0 0.454102 0.554199 0.015625 0.0107422
0 0.387207 0.492676 0.0107422 0.0146484
0 0.493164 0.42627 0.0136719 0.0107422
0 0.490234 0.530762 0.015625 0.0107422
0 0.503906 0.512695 0.00976562 0.0117188
0 0.503906 0.444336 0.0136719 0.015625
0 0.463379 0.463867 0.0126953 0.015625
0 0.524902 0.611816 0.0166016 0.0146484
0 0.428711 0.530762 0.0136719 0.0126953
0 0.519043 0.635742 0.0166016 0.0117188
0 0.470215 0.529785 0.0146484 0.00683594
0 0.312012 0.979492 0.0107422 0.0390625
0 0.370605 0.419434 0.0126953 0.0205078
0 0.478516 0.473633 0.015625 0.00976562
0 0.4375 0.508301 0.00976562 0.0146484
0 0.40918 0.56543 0.0136719 0.0136719
0 0.318848 0.663086 0.00878906 0.0234375
0 0.453613 0.755859 0.0146484 0.0117188
0 0.318359 0.55127 0.0117188 0.0185547
0 0.468262 0.52002 0.0107422 0.0166016
0 0.447754 0.524414 0.00878906 0.0234375
0 0.552246 0.51416 0.0126953 0.0107422
0 0.318359 0.695312 0.0078125 0.0253906
0 0.654785 0.422852 0.0244141 0.015625
0 0.4375 0.562988 0.015625 0.00878906
0 0.436035 0.525391 0.00878906 0.0175781
0 0.430664 0.57373 0.0136719 0.0126953
0 0.473633 0.48877 0.0078125 0.0205078
0 0.37793 0.520996 0.00976562 0.0205078
0 0.316406 0.739258 0.0078125 0.0234375
0 0.583496 0.411621 0.00878906 0.0205078
0 0.518066 0.64502 0.0146484 0.0126953
0 0.453613 0.537109 0.0126953 0.0136719
0 0.462402 0.543457 0.0146484 0.0107422
0 0.259766 0.462891 0.015625 0.0117188
0 0.285156 0.601074 0.0136719 0.0185547
0 0.489258 0.597656 0.0078125 0.0234375
0 0.541992 0.521973 0.00976562 0.0185547
0 0.489746 0.635742 0.0146484 0.0136719
0 0.478027 0.464844 0.0146484 0.00976562
0 0.521973 0.483398 0.0146484 0.015625
0 0.509766 0.469238 0.015625 0.0107422
0 0.538086 0.538574 0.015625 0.0107422
0 0.420898 0.56543 0.015625 0.0136719
0 0.530273 0.547363 0.0117188 0.0126953
0 0.37793 0.477539 0.0136719 0.0195312
0 0.564453 0.513184 0.0136719 0.0107422
0 0.439941 0.49707 0.0166016 0.0117188
0 0.630371 0.648926 0.0166016 0.0107422
0 0.314453 0.790527 0.0078125 0.0283203
0 0.432617 0.412109 0.00976562 0.0175781
0 0.480957 0.492676 0.00878906 0.0224609
0 0.422852 0.603516 0.015625 0.0117188
0 0.540527 0.411621 0.0126953 0.0146484
0 0.541992 0.637207 0.015625 0.0126953
0 0.387207 0.418457 0.0107422 0.0185547
0 0.498047 0.598633 0.0136719 0.0175781
0 0.37793 0.55127 0.015625 0.0166016
0 0.57373 0.725098 0.0205078 0.0166016
0 0.410645 0.654785 0.0107422 0.0205078
0 0.563965 0.60498 0.0146484 0.0166016
0 0.409668 0.51416 0.0166016 0.0146484
0 0.399414 0.558594 0.00976562 0.0195312
0 0.380859 0.578613 0.015625 0.0166016
0 0.50293 0.498047 0.0078125 0.0214844
0 0.432617 0.608887 0.0175781 0.0126953
0 0.541992 0.570312 0.015625 0.0117188
0 0.480469 0.59375 0.0117188 0.0195312
0 0.534668 0.510742 0.0146484 0.015625
0 0.511719 0.663086 0.0175781 0.015625
0 0.455078 0.646484 0.015625 0.015625
0 0.628418 0.542969 0.0126953 0.015625
0 0.57959 0.556152 0.0107422 0.0205078
0 0.47998 0.576172 0.0146484 0.015625
0 0.492676 0.699707 0.0146484 0.0185547
