0 0.188477 0.440918 0.0234375 0.0107422
0 0.449219 0.668457 0.0175781 0.0166016
0 0.551758 0.660156 0.015625 0.0175781
0 0.270508 0.662109 0.0234375 0.0195312
0 0.177734 0.65332 0.0195312 0.0136719
0 0.699707 0.201172 0.0244141 0.00976562
0 0.00439453 0.491699 0.00878906 0.0185547
0 0.59082 0.444824 0.0136719 0.0185547
0 0.716309 0.20459 0.0380859 0.00878906
0 0.239258 0.393555 0.0214844 0.00976562
0 0.46582 0.578125 0.0253906 0.0175781
0 0.211426 0.655762 0.0380859 0.00878906
0 0.624023 0.396484 0.0292969 0.0078125
0 0.690918 0.210449 0.0322266 0.00878906
0 0.59668 0.633301 0.03125 0.00878906
0 0.362793 0.279785 0.0322266 0.00878906
0 0.246094 0.447266 0.015625 0.0195312
0 0.814453 0.711426 0.0449219 0.0107422
0 0.412598 0.620117 0.0224609 0.0175781
0 0.597656 0.697266 0.0332031 0.00976562
0 0.509766 0.348633 0.0253906 0.00976562
0 0.863281 0.660156 0.0371094 0.0117188
0 0.342773 0.710449 0.0351562 0.0107422
0 0.62793 0.693359 0.0332031 0.00585938
0 0.387695 0.638184 0.0371094 0.0107422
0 0.00488281 0.754883 0.00976562 0.015625
0 0.247559 0.650391 0.0361328 0.0078125
0 0.500977 0.582031 0.0234375 0.0175781
0 0.206055 0.612793 0.0507812 0.0107422
0 0.284668 0.648926 0.0361328 0.00878906
0 0.791992 0.209961 0.0195312 0.015625
0 0.747559 0.210938 0.0380859 0.00976562
0 0.238281 0.470215 0.0371094 0.00878906
0 0.88916 0.638184 0.0380859 0.0107422
0 0.259277 0.383789 0.0283203 0.0175781
0 0.155762 0.626953 0.0302734 0.015625
0 0.36377 0.650391 0.0205078 0.0234375
0 0.688477 0.516113 0.0273438 0.0146484
0 0.362793 0.321289 0.0224609 0.00976562
0 0.771484 0.511719 0.0332031 0.015625
0 0.536621 0.648926 0.0322266 0.0126953
0 0.347168 0.705078 0.0341797 0.00976562
0 0.580078 0.642578 0.0136719 0.0195312
0 0.886719 0.624512 0.0371094 0.00878906
0 0.139648 0.613281 0.0332031 0.0136719
0 0.00683594 0.708984 0.0136719 0.0175781
0 0.253418 0.415527 0.0263672 0.0107422
0 0.222168 0.413574 0.0361328 0.00878906
0 0.19043 0.450195 0.0273438 0.0117188
0 0.689453 0.188477 0.0214844 0.0273438
0 0.663086 0.391602 0.0195312 0.015625
0 0.128906 0.538574 0.0253906 0.0126953
0 0.262207 0.475098 0.0361328 0.0126953
0 0.00634766 0.310547 0.0126953 0.0195312
0 0.836426 0.660156 0.0380859 0.0117188
0 0.460938 0.682617 0.0195312 0.0195312
0 0.255371 0.67334 0.0107422 0.0205078
0 0.40332 0.531738 0.0214844 0.0205078
0 0.68457 0.193359 0.015625 0.0253906
0 0.458496 0.626953 0.0380859 0.00976562
0 0.769043 0.643555 0.0341797 0.0117188
0 0.503906 0.728027 0.0390625 0.0107422
0 0.810059 0.707031 0.0439453 0.00976562
0 0.29834 0.422852 0.0341797 0.0117188
0 0.511719 0.628906 0.0332031 0.0136719
0 0.587402 0.702637 0.0244141 0.0166016
0 0.212891 0.404785 0.0273438 0.0126953
0 0.149902 0.742188 0.0322266 0.0117188
0 0.569824 0.704102 0.0322266 0.0117188
0 0.166016 0.616699 0.0332031 0.0107422
0 0.676758 0.141602 0.03125 0.00585938
0 0.257812 0.461426 0.0273438 0.0107422
0 0.413574 0.638184 0.0146484 0.0185547
0 0.752441 0.523926 0.0146484 0.0224609
0 0.179688 0.511719 0.015625 0.015625
0 0.48584 0.577148 0.0166016 0.0234375
0 0.547852 0.450195 0.0429688 0.0136719
0 0.54248 0.685059 0.0322266 0.0126953
0 0.699219 0.599121 0.0234375 0.0166016
0 0.62207 0.739746 0.0273438 0.0146484
0 0.620117 0.197266 0.0253906 0.00976562
0 0.769531 0.203613 0.0371094 0.00683594
0 0.390137 0.22998 0.0302734 0.0107422
0 0.724121 0.117676 0.0341797 0.00683594
0 0.433594 0.757812 0.0371094 0.0136719
0 0.189941 0.631836 0.0380859 0.0117188
0 0.527344 0.696289 0.0371094 0.0117188
0 0.146484 0.357422 0.0253906 0.0136719
0 0.696777 0.733398 0.0419922 0.0117188
0 0.560059 0.667969 0.0166016 0.0234375
0 0.705078 0.755859 0.0332031 0.00976562
0 0.946289 0.334473 0.0351562 0.00878906
0 0.757812 0.554688 0.0390625 0.0117188
0 0.589844 0.646484 0.015625 0.0195312
0 0.508301 0.604004 0.0380859 0.0146484
0 0.321289 0.3125 0.0253906 0.0234375
0 0.390625 0.183594 0.0332031 0.0078125
0 0.779785 0.189453 0.0361328 0.0117188
0 0.165527 0.571289 0.0205078 0.0195312
0 0.276367 0.681152 0.0175781 0.0205078
0 0.753906 0.196777 0.0195312 0.00878906
0 0.468262 0.654785 0.0302734 0.0146484
0 0.111816 0.626953 0.0380859 0.00976562
0 0.162109 0.637695 0.0390625 0.0117188
0 0.300293 0.718262 0.0380859 0.0107422
0 0.702637 0.352051 0.0244141 0.0146484
0 0.399902 0.333984 0.0322266 0.015625
0 0.514648 0.679199 0.0351562 0.0166016
0 0.891113 0.550293 0.0322266 0.0185547
0 0.254395 0.37793 0.0341797 0.0117188
0 0.779297 0.554199 0.0292969 0.0107422
0 0.338379 0.679688 0.0205078 0.0175781
0 0.479492 0.28125 0.0390625 0.015625
0 0.752441 0.177734 0.0341797 0.0078125
0 0.70459 0.585938 0.0419922 0.00976562
0 0.720703 0.223633 0.0292969 0.00976562
0 0.189941 0.538574 0.0205078 0.0185547
0 0.833984 0.637207 0.0371094 0.0107422
0 0.656738 0.697266 0.0283203 0.0117188
0 0.478027 0.184082 0.0322266 0.0126953
0 0.668945 0.189941 0.0234375 0.0146484
0 0.540039 0.67041 0.0371094 0.0146484
0 0.824219 0.542969 0.0292969 0.0136719
0 0.668457 0.543945 0.0283203 0.015625
0 0.253906 0.490723 0.0429688 0.0146484
0 0.737305 0.491211 0.0390625 0.0078125
0 0.358398 0.39502 0.0234375 0.0146484
0 0.216797 0.420898 0.0390625 0.00976562
0 0.38916 0.702148 0.0166016 0.0273438
0 0.160156 0.522461 0.0195312 0.0175781
0 0.694336 0.18457 0.015625 0.0195312
0 0.107422 0.614746 0.03125 0.0146484
0 0.760742 0.628418 0.0195312 0.0224609
0 0.257324 0.500488 0.0322266 0.00878906
0 0.789062 0.543945 0.0332031 0.0136719
0 0.663574 0.180664 0.0224609 0.0175781
0 0.640137 0.550781 0.0400391 0.0117188
0 0.345703 0.645508 0.015625 0.0234375
0 0.185059 0.561035 0.0185547 0.0205078
0 0.730957 0.63916 0.0341797 0.0166016
0 0.710449 0.775391 0.0341797 0.00976562
0 0.569336 0.355957 0.0292969 0.0185547
0 0.572754 0.438965 0.0146484 0.0263672
0 0.09375 0.530762 0.0390625 0.0107422
0 0.4375 0.483887 0.0175781 0.0244141
0 0.317383 0.329102 0.0175781 0.0195312
0 0.868652 0.55127 0.0361328 0.0146484
0 0.697266 0.322266 0.0351562 0.0136719
0 0.783203 0.367188 0.0390625 0.0117188
0 0.138672 0.366211 0.0117188 0.0175781
0 0.828613 0.533203 0.0283203 0.015625
0 0.186035 0.745117 0.0146484 0.0195312
0 0.560059 0.344238 0.0263672 0.0166016
0 0.206543 0.709473 0.0205078 0.0185547
0 0.501953 0.736328 0.03125 0.00976562
0 0.648926 0.661133 0.0244141 0.0175781
0 0.874023 0.536621 0.03125 0.0146484
0 0.249512 0.609863 0.0283203 0.0185547
0 0.427734 0.76709 0.0253906 0.0185547
0 0.203613 0.473633 0.0185547 0.0195312
0 0.678711 0.750977 0.015625 0.0234375
0 0.187988 0.657715 0.0146484 0.0185547
0 0.707031 0.182617 0.0136719 0.0195312
0 0.783203 0.208984 0.0253906 0.0175781
0 0.381836 0.652344 0.0253906 0.0195312
0 0.652344 0.635254 0.0292969 0.0166016
0 0.508789 0.561523 0.03125 0.0175781
0 0.774902 0.532715 0.0341797 0.0107422
0 0.705078 0.502441 0.0371094 0.0107422
0 0.692383 0.620605 0.0390625 0.00878906
0 0.332031 0.203613 0.0292969 0.0126953
0 0.21582 0.734863 0.0214844 0.0205078
0 0.263672 0.682617 0.015625 0.0234375
0 0.913574 0.451172 0.0380859 0.00976562
0 0.192383 0.494629 0.0292969 0.0146484
0 0.102539 0.564453 0.0390625 0.00976562
0 0.814941 0.378906 0.0400391 0.0136719
0 0.36377 0.697266 0.0302734 0.015625
0 0.649414 0.414062 0.03125 0.0136719
0 0.64502 0.73877 0.0263672 0.0185547
0 0.577148 0.666504 0.0273438 0.0166016
0 0.216797 0.694824 0.0234375 0.0126953
0 0.302246 0.667969 0.0380859 0.0136719
0 0.351074 0.22168 0.0302734 0.0117188
0 0.861328 0.422852 0.0214844 0.0195312
0 0.872559 0.589844 0.0341797 0.0175781
0 0.711426 0.486816 0.0380859 0.0146484
0 0.262207 0.397461 0.0166016 0.0234375
0 0.76709 0.223145 0.0400391 0.0107422
0 0.383789 0.626465 0.0371094 0.0126953
0 0.708984 0.766602 0.0351562 0.0117188
0 0.949219 0.342773 0.0371094 0.0175781
0 0.24707 0.401855 0.0195312 0.0185547
0 0.237305 0.756348 0.0292969 0.0185547
0 0.279785 0.662109 0.0126953 0.0195312
0 0.381348 0.744141 0.0322266 0.0136719
0 0.0507812 0.157715 0.03125 0.0146484
0 0.754883 0.664551 0.0195312 0.0166016
0 0.124512 0.638184 0.0322266 0.0146484
0 0.132324 0.575195 0.0361328 0.00976562
0 0.583984 0.223145 0.0371094 0.0107422
0 0.708984 0.558594 0.015625 0.0175781
0 0.864258 0.200195 0.0429688 0.00976562
0 0.873047 0.26709 0.0253906 0.0205078
0 0.375 0.688477 0.0117188 0.0195312
0 0.770508 0.666992 0.0234375 0.0195312
0 0.850098 0.438477 0.0205078 0.0117188
0 0.581055 0.204102 0.0390625 0.00976562
0 0.407715 0.746094 0.0283203 0.0253906
0 0.80127 0.725098 0.0205078 0.0205078
0 0.722168 0.615723 0.0224609 0.0126953
0 0.641602 0.710449 0.0351562 0.0146484
0 0.741211 0.193848 0.015625 0.0205078
0 0.953613 0.324219 0.0341797 0.015625
0 0.85791 0.539062 0.0322266 0.0136719
0 0.512207 0.207031 0.0263672 0.0175781
0 0.610352 0.714844 0.015625 0.0214844
0 0.226074 0.524902 0.0439453 0.0185547
0 0.592773 0.683105 0.0273438 0.0185547
0 0.667969 0.652344 0.0175781 0.0214844
0 0.742676 0.501465 0.0341797 0.0126953
0 0.667969 0.206543 0.0195312 0.0205078
0 0.812012 0.20166 0.0244141 0.0126953
0 0.140137 0.625488 0.0224609 0.0166016
0 0.370117 0.711914 0.0253906 0.015625
0 0.828125 0.439453 0.0332031 0.0117188
0 0.192871 0.464355 0.0283203 0.0166016
0 0.850098 0.618164 0.0380859 0.0117188
0 0.401367 0.131348 0.0390625 0.0107422
0 0.774902 0.574707 0.0185547 0.0224609
0 0.250488 0.42627 0.0244141 0.0205078
0 0.361328 0.212891 0.03125 0.015625
0 0.181152 0.733398 0.0166016 0.0195312
0 0.388672 0.731445 0.0273438 0.015625
0 0.331543 0.695312 0.0380859 0.0078125
0 0.867188 0.605469 0.0253906 0.015625
0 0.210938 0.443848 0.0273438 0.0146484
0 0.570312 0.418457 0.0253906 0.0205078
0 0.888184 0.647949 0.0341797 0.0107422
0 0.271484 0.424805 0.0351562 0.00976562
0 0.210938 0.668457 0.0390625 0.0126953
0 0.0737305 0.344727 0.0205078 0.0214844
0 0.888672 0.443848 0.0253906 0.0146484
0 0.740234 0.225098 0.0292969 0.0166016
0 0.649414 0.383789 0.0175781 0.0214844
0 0.83252 0.647461 0.0341797 0.00976562
0 0.0766602 0.477539 0.0400391 0.0117188
0 0.271973 0.447266 0.0205078 0.0214844
0 0.789062 0.646973 0.0175781 0.0244141
0 0.737305 0.516602 0.0273438 0.0175781
0 0.237793 0.699219 0.0400391 0.00976562
0 0.814453 0.367188 0.0292969 0.015625
0 0.623047 0.706055 0.015625 0.0195312
0 0.0556641 0.449219 0.0253906 0.015625
0 0.581055 0.458984 0.015625 0.0195312
0 0.922852 0.34668 0.0234375 0.0234375
0 0.744141 0.461426 0.0175781 0.0185547
0 0.923828 0.443848 0.0410156 0.00878906
0 0.912598 0.141113 0.0146484 0.0224609
0 0.0449219 0.504883 0.015625 0.0234375
0 0.191406 0.690918 0.03125 0.0146484
0 0.813965 0.190918 0.0400391 0.00878906
0 0.373535 0.719727 0.0263672 0.0195312
0 0.166504 0.550781 0.0166016 0.0234375
0 0.239746 0.457031 0.0146484 0.0175781
0 0.233398 0.430664 0.03125 0.00976562
0 0.11084 0.576172 0.0283203 0.0175781
0 0.374023 0.208008 0.0332031 0.0175781
0 0.762695 0.483887 0.03125 0.0185547
0 0.748047 0.543457 0.0292969 0.0146484
0 0.288574 0.295898 0.0419922 0.00976562
0 0.255859 0.452148 0.0195312 0.0175781
0 0.633789 0.438965 0.0292969 0.0166016
0 0.760742 0.692383 0.0351562 0.015625
0 0.660645 0.749023 0.0146484 0.0234375
0 0.756836 0.608398 0.0351562 0.0136719
0 0.721191 0.737793 0.0380859 0.00878906
0 0.0498047 0.462891 0.0292969 0.015625
0 0.0288086 0.179688 0.0205078 0.0195312
0 0.77832 0.496094 0.0273438 0.0175781
0 0.239746 0.742188 0.0322266 0.0117188
0 0.902344 0.371094 0.0214844 0.0234375
0 0.668945 0.59668 0.03125 0.0175781
0 0.46582 0.360352 0.0234375 0.0195312
0 0.678223 0.445801 0.0380859 0.0185547
0 0.0595703 0.183594 0.0429688 0.0078125
0 0.320801 0.721191 0.0244141 0.0205078
0 0.86084 0.646973 0.0166016 0.0205078
0 0.836914 0.450195 0.0351562 0.0078125
0 0.106934 0.449707 0.0380859 0.0126953
0 0.357422 0.433105 0.0214844 0.0185547
0 0.229492 0.29834 0.0351562 0.0126953
0 0.239258 0.680664 0.0292969 0.015625
0 0.661621 0.498535 0.0263672 0.0185547
0 0.0771484 0.628906 0.03125 0.015625
0 0.324219 0.73291 0.0195312 0.0224609
0 0.303711 0.734863 0.015625 0.0224609
0 0.0151367 0.45459 0.0244141 0.0166016
0 0.155762 0.419922 0.0400391 0.00976562
0 0.794922 0.220215 0.0175781 0.0166016
0 0.65332 0.173828 0.015625 0.0195312
0 0.788086 0.623535 0.03125 0.0126953
0 0.80957 0.543457 0.0273438 0.0185547
0 0.849609 0.210938 0.03125 0.015625
0 0.0415039 0.169434 0.0322266 0.00878906
0 0.695312 0.277344 0.0273438 0.0234375
0 0.788086 0.720703 0.015625 0.0214844
0 0.788574 0.59668 0.0263672 0.0214844
0 0.655273 0.210449 0.0234375 0.0166016
0 0.185547 0.717773 0.0273438 0.0195312
0 0.67041 0.381836 0.0166016 0.0195312
0 0.439453 0.740723 0.0234375 0.0244141
0 0.123047 0.332031 0.0351562 0.0136719
0 0.884766 0.599609 0.0195312 0.0234375
0 0.0913086 0.23584 0.0380859 0.00878906
0 0.287109 0.712402 0.0351562 0.0126953
0 0.539551 0.10498 0.0419922 0.0107422
0 0.123047 0.364258 0.0253906 0.015625
0 0.64502 0.759766 0.0185547 0.0253906
0 0.232422 0.443848 0.0214844 0.0205078
0 0.742676 0.171387 0.0263672 0.0126953
0 0.938965 0.365234 0.0283203 0.0214844
0 0.860352 0.14502 0.0390625 0.0166016
0 0.606934 0.34375 0.0283203 0.0195312
0 0.846191 0.59375 0.0185547 0.0234375
0 0.700195 0.222168 0.015625 0.0205078
0 0.212402 0.503418 0.0205078 0.0166016
0 0.506836 0.193359 0.0390625 0.0117188
0 0.865723 0.49707 0.0244141 0.0117188
0 0.0917969 0.596191 0.0292969 0.0185547
0 0.55127 0.288086 0.0400391 0.0195312
0 0.199707 0.730957 0.0205078 0.0224609
0 0.921875 0.364746 0.0253906 0.0185547
0 0.633301 0.219238 0.0341797 0.0126953
0 0.8125 0.32959 0.0234375 0.0205078
0 0.363281 0.142578 0.0195312 0.0234375
0 0.671875 0.236328 0.0332031 0.015625
0 0.0644531 0.495605 0.0332031 0.0185547
0 0.877441 0.67041 0.0302734 0.0185547
0 0.0795898 0.459473 0.0341797 0.0166016
0 0.625977 0.334961 0.0234375 0.0195312
0 0.445801 0.227539 0.0146484 0.0234375
0 0.268066 0.34668 0.0341797 0.0136719
0 0.0439453 0.482422 0.0214844 0.0214844
0 0.259766 0.251465 0.0195312 0.0205078
0 0.478027 0.168457 0.0185547 0.0224609
0 0.885254 0.566895 0.0283203 0.0205078
0 0.152344 0.537598 0.0253906 0.0185547
0 0.942871 0.191895 0.0244141 0.0166016
0 0.137207 0.162109 0.0263672 0.0195312
0 0.82959 0.695312 0.0361328 0.0078125
0 0.0483398 0.235352 0.0322266 0.0136719
0 0.907227 0.215332 0.0195312 0.0224609
0 0.863281 0.522949 0.0410156 0.0126953
0 0.492676 0.361328 0.0263672 0.0195312
0 0.88916 0.353027 0.0283203 0.0166016
0 0.795898 0.33252 0.0195312 0.0205078
0 0.148926 0.382812 0.0224609 0.0214844
0 0.876465 0.439453 0.0283203 0.015625
0 0.751953 0.632324 0.0214844 0.0205078
0 0.0981445 0.225098 0.0400391 0.0107422
0 0.407227 0.700195 0.0234375 0.0234375
0 0.908691 0.430664 0.0341797 0.0117188
0 0.101562 0.166992 0.0371094 0.0117188
0 0.348633 0.726562 0.0292969 0.0195312
0 0.320801 0.652344 0.0263672 0.0214844
0 0.25293 0.313965 0.0410156 0.0107422
0 0.602539 0.191406 0.0195312 0.0195312
0 0.0673828 0.220215 0.0351562 0.0146484
0 0.786133 0.171875 0.0234375 0.0195312
0 0.681152 0.773926 0.0224609 0.0205078
0 0.867676 0.45459 0.0283203 0.0166016
0 0.106934 0.64209 0.0302734 0.0166016
0 0.552734 0.140625 0.0332031 0.0214844
0 0.323242 0.282227 0.0175781 0.0195312
0 0.729492 0.188965 0.0234375 0.0205078
0 0.203125 0.74707 0.0234375 0.0195312
0 0.638672 0.200195 0.0351562 0.0136719
0 0.816406 0.344727 0.0175781 0.0214844
0 0.557129 0.188965 0.0244141 0.0185547
0 0.744141 0.749512 0.0234375 0.0185547
0 0.0532227 0.205078 0.0224609 0.015625
0 0.0708008 0.512695 0.0322266 0.0175781
0 0.0136719 0.169922 0.0253906 0.0195312
0 0.712891 0.470215 0.0214844 0.0205078
0 0.904785 0.319824 0.0283203 0.0205078
0 0.844238 0.682129 0.0283203 0.0205078
0 0.402344 0.776367 0.015625 0.0234375
0 0.0859375 0.151367 0.015625 0.0214844
0 0.555176 0.163574 0.0341797 0.0205078
0 0.888672 0.498535 0.0292969 0.0166016
0 0.814941 0.148438 0.0302734 0.015625
0 0.808105 0.174316 0.0224609 0.0205078
0 0.0180664 0.222168 0.0244141 0.0185547
0 0.133789 0.256348 0.0234375 0.0205078
0 0.0429688 0.449219 0.0253906 0.0195312
