0 0.548828 0.618164 0.015625 0.0253906
0 0.650391 0.601562 0.0234375 0.0292969
0 0.510254 0.478516 0.0146484 0.0234375
0 0.498047 0.616699 0.0195312 0.0224609
0 0.409668 0.426758 0.0166016 0.0253906
0 0.516602 0.623535 0.00976562 0.0283203
0 0.558105 0.571777 0.0166016 0.0244141
0 0.431641 0.60498 0.0273438 0.0244141
0 0.584961 0.591797 0.0117188 0.0292969
0 0.54248 0.579102 0.0224609 0.015625
0 0.425293 0.532227 0.0146484 0.0332031
0 0.525391 0.652832 0.0234375 0.0146484
0 0.46875 0.570312 0.0214844 0.0351562
0 0.567383 0.788086 0.0234375 0.0351562
0 0.314453 0.411133 0.00976562 0.0214844
0 0.579102 0.625 0.0195312 0.015625
0 0.582031 0.605957 0.0136719 0.0302734
0 0.458496 0.604492 0.0205078 0.0195312
0 0.568848 0.589355 0.00878906 0.0302734
0 0.625 0.618164 0.0234375 0.0214844
0 0.531738 0.617188 0.0205078 0.0175781
0 0.493164 0.602539 0.015625 0.0214844
0 0.277344 0.471191 0.0078125 0.0224609
0 0.442383 0.577148 0.0175781 0.0234375
0 0.526855 0.680176 0.00878906 0.0322266
0 0.293945 0.562012 0.0136719 0.0263672
