0 0.59082 0.660156 0.0351562 0.0449219
0 0.344238 0.400879 0.0302734 0.0537109
0 0.623535 0.476562 0.0458984 0.0429688
0 0.507324 0.469238 0.0224609 0.0439453
0 0.104004 0.335938 0.0673828 0.0761719
0 0.348145 0.430664 0.0517578 0.0371094
0 0.290527 0.408203 0.0322266 0.0683594
0 0.229492 0.475586 0.0761719 0.0566406
0 0.420898 0.478516 0.046875 0.0664062
0 0.62793 0.5 0.0546875 0.0449219
0 0.192871 0.604492 0.0380859 0.0703125
0 0.662109 0.567871 0.0683594 0.0400391
0 0.467285 0.47168 0.0439453 0.0546875
0 0.679688 0.536133 0.0585938 0.0253906
0 0.525879 0.495605 0.0439453 0.0673828
0 0.739258 0.544922 0.0703125 0.0429688
0 0.345703 0.26123 0.0371094 0.0654297
0 0.39209 0.489258 0.0576172 0.046875
0 0.431152 0.449219 0.0517578 0.0703125
0 0.349609 0.459473 0.0566406 0.0517578
0 0.662109 0.486816 0.0292969 0.0751953
0 0.537109 0.444824 0.0332031 0.0654297
0 0.586914 0.617188 0.0488281 0.0410156
0 0.600098 0.466309 0.0595703 0.0615234
0 0.439941 0.522949 0.0576172 0.0419922
0 0.291016 0.445312 0.0507812 0.0683594
0 0.317871 0.416504 0.0322266 0.0732422
0 0.619629 0.551758 0.0419922 0.0703125
0 0.572754 0.566406 0.0478516 0.0605469
0 0.742676 0.601562 0.0517578 0.078125
0 0.554688 0.491211 0.0214844 0.0683594
0 0.456543 0.71875 0.0263672 0.103516
0 0.313477 0.743652 0.0566406 0.0673828
0 0.527832 0.413086 0.0341797 0.0703125
0 0.436523 0.399902 0.0488281 0.0498047
0 0.543457 0.337402 0.0537109 0.0419922
0 0.47168 0.440918 0.0527344 0.0419922
0 0.745605 0.518066 0.0556641 0.0439453
0 0.63623 0.67041 0.0556641 0.0498047
