0 0.232422 0.305176 0.0175781 0.0205078
0 0.114746 0.32373 0.0341797 0.0361328
1 0.288086 0.710938 0.0917969 0.0761719
0 0.352539 0.460449 0.0234375 0.0283203
0 0.251953 0.306641 0.0273438 0.0273438
0 0.174805 0.423828 0.0214844 0.0332031
0 0.371582 0.515625 0.0341797 0.0292969
0 0.713867 0.73291 0.0390625 0.0205078
0 0.50293 0.580078 0.0351562 0.0175781
0 0.189941 0.417969 0.0263672 0.0273438
0 0.406738 0.494629 0.0283203 0.0283203
0 0.302246 0.388672 0.0263672 0.0234375
0 0.563477 0.649902 0.0253906 0.0185547
0 0.287109 0.383789 0.015625 0.0273438
0 0.382812 0.646973 0.0292969 0.0205078
0 0.168457 0.394531 0.0224609 0.0234375
0 0.182129 0.273926 0.0205078 0.0302734
0 0.529297 0.722656 0.0195312 0.0332031
0 0.763184 0.729492 0.0224609 0.0234375
0 0.435547 0.604004 0.03125 0.0166016
0 0.583984 0.70459 0.0332031 0.0126953
0 0.117188 0.398926 0.0390625 0.0244141
0 0.406738 0.688965 0.0322266 0.0185547
0 0.370117 0.479492 0.0371094 0.0234375
0 0.626953 0.706543 0.0351562 0.0185547
