0 0.452637 0.590332 0.0244141 0.0263672
0 0.457031 0.568848 0.0234375 0.0263672
0 0.516602 0.577637 0.0390625 0.0322266
0 0.52832 0.544434 0.0273438 0.0263672
0 0.633301 0.571777 0.0302734 0.0244141
0 0.486816 0.594727 0.0146484 0.0390625
0 0.486328 0.611328 0.0214844 0.0292969
0 0.603027 0.521973 0.0224609 0.0439453
0 0.48584 0.563965 0.0244141 0.0341797
0 0.569824 0.581055 0.0224609 0.0390625
0 0.548828 0.560547 0.015625 0.0605469
0 0.587402 0.600098 0.0263672 0.0283203
0 0.437988 0.577637 0.0244141 0.0185547
0 0.602539 0.567383 0.0351562 0.0234375
0 0.463867 0.59375 0.0292969 0.0273438
0 0.666992 0.589844 0.0449219 0.0273438
0 0.615234 0.555176 0.03125 0.0166016
0 0.45459 0.501953 0.0185547 0.0351562
0 0.550293 0.604492 0.0263672 0.0214844
0 0.611328 0.616211 0.03125 0.0429688
0 0.527832 0.595215 0.0244141 0.0439453
0 0.430176 0.626465 0.0244141 0.0478516
0 0.393066 0.616211 0.0283203 0.0332031
0 0.587402 0.475098 0.0244141 0.0341797
