1 0.334961 0.769043 0.0839844 0.227539
1 0.53125 0.901367 0.101562 0.197266
1 0.643555 0.397949 0.0761719 0.223633
1 0.266113 0.212402 0.15918 0.116211
1 0.369629 0.432617 0.0927734 0.189453
1 0.402344 0.797363 0.128906 0.231445
1 0.472656 0.328613 0.0820312 0.200195
1 0.422363 0.184082 0.0947266 0.194336
1 0.215332 0.807129 0.139648 0.157227
1 0.152344 0.549805 0.125 0.224609
1 0.36377 0.180664 0.129883 0.199219
1 0.178223 0.242676 0.15332 0.18457
1 0.327148 0.616211 0.166016 0.177734
1 0.525391 0.108398 0.144531 0.216797
1 0.663086 0.800781 0.166016 0.199219
