0 0.473633 0.550781 0.0332031 0.0585938
0 0.629883 0.736328 0.0273438 0.0703125
1 0.494141 0.645508 0.0664062 0.160156
0 0.491699 0.651367 0.0615234 0.123047
1 0.525391 0.611328 0.09375 0.25
1 0.482422 0.770508 0.101562 0.152344
0 0.544922 0.752441 0.046875 0.0751953
0 0.438965 0.849609 0.0419922 0.0449219
0 0.518066 0.447754 0.0302734 0.0830078
0 0.579102 0.410156 0.0527344 0.0585938
1 0.597656 0.706055 0.0703125 0.220703
1 0.449219 0.297363 0.0859375 0.243164
1 0.448242 0.499023 0.0820312 0.244141
