0 0.496582 0.652832 0.0166016 0.0322266
0 0.495605 0.679688 0.0107422 0.0371094
0 0.536133 0.624512 0.0332031 0.0283203
0 0.462891 0.431152 0.00976562 0.0361328
0 0.492676 0.617188 0.0205078 0.0390625
0 0.558594 0.644043 0.0292969 0.0244141
0 0.537598 0.368164 0.0224609 0.0136719
0 0.554199 0.377441 0.0322266 0.0146484
0 0.481445 0.383789 0.0117188 0.0390625
0 0.574219 0.617188 0.0136719 0.0371094
0 0.475586 0.429199 0.0136719 0.0205078
0 0.617676 0.575195 0.0146484 0.0410156
0 0.496094 0.711914 0.0273438 0.0234375
0 0.516602 0.446289 0.0234375 0.00976562
0 0.515625 0.652344 0.0253906 0.0253906
0 0.539062 0.416504 0.0253906 0.0263672
0 0.513672 0.387695 0.0273438 0.0273438
0 0.48877 0.573242 0.0107422 0.0332031
0 0.53418 0.459961 0.0195312 0.0234375
0 0.571777 0.419434 0.0185547 0.0283203
0 0.467773 0.459961 0.0234375 0.0175781
