0 0.222168 0.986328 0.0263672 0.0273438
0 0.452148 0.255859 0.0722656 0.0507812
0 0.494141 0.481445 0.0546875 0.0761719
0 0.513184 0.741211 0.0224609 0.0722656
0 0.384277 0.696289 0.0283203 0.0605469
0 0.650391 0.337402 0.0390625 0.0947266
0 0.691406 0.300293 0.046875 0.0634766
0 0.506836 0.309082 0.0410156 0.0693359
0 0.470703 0.346191 0.046875 0.0693359
0 0.587891 0.349121 0.0351562 0.0751953
0 0.399414 0.317871 0.0332031 0.0712891
0 0.396973 0.522461 0.0322266 0.0800781
0 0.635254 0.611816 0.0380859 0.0732422
0 0.612305 0.560059 0.0351562 0.0537109
0 0.359375 0.652344 0.0742188 0.0507812
0 0.643066 0.686035 0.0537109 0.0595703
0 0.548828 0.583984 0.0234375 0.0742188
0 0.561035 0.708008 0.0419922 0.0683594
0 0.38623 0.583984 0.0439453 0.0664062
0 0.592773 0.633789 0.0507812 0.0605469
