0 0.321289 0.650879 0.126953 0.0966797
0 0.299805 0.738281 0.126953 0.0917969
0 0.365234 0.730469 0.0878906 0.101562
0 0.338379 0.408691 0.120117 0.106445
0 0.582031 0.431641 0.148438 0.0683594
0 0.275391 0.430176 0.078125 0.108398
0 0.892578 0.52832 0.111328 0.09375
0 0.337402 0.522949 0.116211 0.0947266
0 0.496582 0.504883 0.110352 0.0996094
0 0.62207 0.512695 0.144531 0.078125
0 0.428711 0.750488 0.0898438 0.104492
0 0.537109 0.650879 0.105469 0.0869141
0 0.261719 0.508789 0.111328 0.0898438
