0 0.284668 0.427734 0.0517578 0.0625
0 0.488281 0.797363 0.03125 0.0263672
0 0.560059 0.513672 0.0322266 0.0214844
0 0.558594 0.504883 0.0429688 0.0332031
0 0.324707 0.492676 0.0400391 0.0615234
0 0.274902 0.482422 0.0244141 0.0625
0 0.466797 0.617676 0.0507812 0.0498047
0 0.525391 0.576172 0.0488281 0.0332031
0 0.275879 0.402344 0.0302734 0.0351562
0 0.322754 0.603027 0.0478516 0.0283203
0 0.608398 0.669434 0.0214844 0.0654297
0 0.56543 0.704102 0.0410156 0.0214844
0 0.53125 0.667969 0.0429688 0.0332031
0 0.535156 0.649414 0.0390625 0.0332031
0 0.5625 0.494629 0.0390625 0.0263672
0 0.541992 0.515625 0.0410156 0.03125
0 0.529297 0.619141 0.0390625 0.0234375
0 0.380371 0.642578 0.0302734 0.046875
0 0.520508 0.527344 0.0410156 0.03125
0 0.295898 0.551758 0.0371094 0.0644531
0 0.602539 0.481934 0.0371094 0.0576172
