0 0.635254 0.569824 0.0126953 0.0283203
0 0.64209 0.558594 0.0224609 0.0253906
0 0.569824 0.695312 0.0166016 0.0371094
0 0.628418 0.643555 0.0166016 0.0292969
0 0.499023 0.447266 0.015625 0.0253906
0 0.436523 0.422363 0.0175781 0.0263672
0 0.618652 0.608887 0.0185547 0.0205078
0 0.453613 0.682129 0.0185547 0.0263672
0 0.568359 0.673828 0.015625 0.0332031
0 0.575195 0.552734 0.0117188 0.0371094
0 0.606934 0.441895 0.0166016 0.0361328
0 0.484375 0.430176 0.0175781 0.0263672
0 0.513184 0.418457 0.0185547 0.0302734
0 0.405762 0.451172 0.0107422 0.0371094
0 0.405273 0.481445 0.0195312 0.0253906
0 0.495605 0.73584 0.0185547 0.0302734
0 0.421387 0.579102 0.0205078 0.0253906
0 0.493164 0.549805 0.0136719 0.0371094
0 0.499512 0.368164 0.0185547 0.0234375
0 0.387207 0.410645 0.0126953 0.0400391
0 0.64209 0.586426 0.0185547 0.0322266
0 0.446289 0.628906 0.0175781 0.0214844
0 0.620605 0.623047 0.0205078 0.0195312
0 0.492188 0.416016 0.0136719 0.0371094
0 0.373047 0.495117 0.0195312 0.0214844
0 0.532227 0.613281 0.0195312 0.03125
0 0.483887 0.262207 0.0205078 0.0224609
0 0.492188 0.516113 0.0117188 0.0380859
0 0.647461 0.667969 0.0136719 0.0410156
0 0.452148 0.45752 0.0214844 0.0244141
0 0.564453 0.563477 0.0214844 0.0214844
0 0.534668 0.504395 0.0146484 0.0341797
0 0.60791 0.654297 0.0146484 0.0351562
0 0.428223 0.589355 0.0166016 0.0361328
0 0.394043 0.515625 0.0126953 0.0332031
0 0.360352 0.597168 0.0214844 0.0244141
0 0.419434 0.458984 0.0166016 0.0332031
0 0.444336 0.509766 0.0195312 0.03125
0 0.591309 0.73584 0.0244141 0.0263672
0 0.62207 0.460938 0.0253906 0.0351562
0 0.570801 0.586914 0.0185547 0.0253906
0 0.663574 0.641602 0.0224609 0.0253906
0 0.465332 0.357422 0.0146484 0.0351562
0 0.51416 0.544922 0.0146484 0.0390625
0 0.495605 0.486328 0.0185547 0.0273438
0 0.497559 0.337891 0.0224609 0.0253906
0 0.428711 0.617188 0.0234375 0.0253906
0 0.581543 0.61084 0.0185547 0.0341797
0 0.522949 0.441895 0.0205078 0.0302734
