0 0.476562 0.627441 0.0195312 0.0478516
0 0.449219 0.447266 0.0253906 0.0351562
0 0.480469 0.450684 0.0234375 0.0361328
0 0.488281 0.366699 0.0175781 0.0419922
0 0.40918 0.369629 0.0175781 0.0576172
0 0.30957 0.421387 0.0214844 0.0400391
0 0.439941 0.510742 0.0263672 0.0351562
0 0.436035 0.383789 0.0244141 0.0351562
0 0.321777 0.577637 0.0302734 0.0380859
0 0.27832 0.617676 0.015625 0.0498047
0 0.455566 0.366211 0.0263672 0.0253906
0 0.446777 0.661621 0.0185547 0.0439453
0 0.347656 0.529785 0.0253906 0.0341797
0 0.422363 0.541016 0.0185547 0.0507812
0 0.555176 0.654297 0.0244141 0.0507812
0 0.382812 0.516113 0.0292969 0.0302734
0 0.51416 0.597168 0.0146484 0.0498047
0 0.475098 0.330078 0.0146484 0.046875
0 0.29248 0.57373 0.0224609 0.0419922
0 0.35498 0.548828 0.0283203 0.0253906
0 0.465332 0.343262 0.0185547 0.0380859
0 0.286621 0.612793 0.0205078 0.0556641
0 0.387207 0.640137 0.0322266 0.0458984
0 0.40918 0.513184 0.0292969 0.0361328
0 0.484863 0.329102 0.0205078 0.0449219
0 0.456055 0.379395 0.03125 0.0244141
0 0.475098 0.388672 0.0244141 0.046875
0 0.560059 0.666992 0.0263672 0.0566406
0 0.453613 0.402832 0.0302734 0.0361328
0 0.430176 0.504395 0.0283203 0.0283203
0 0.462891 0.450195 0.0292969 0.0351562
0 0.473633 0.614258 0.0214844 0.046875
0 0.321289 0.59668 0.03125 0.0371094
0 0.41748 0.346191 0.0166016 0.0556641
0 0.509277 0.562988 0.0224609 0.0498047
0 0.342773 0.561523 0.0332031 0.03125
0 0.473633 0.590332 0.0273438 0.0361328
0 0.41748 0.650879 0.0341797 0.0400391
0 0.442383 0.421875 0.0214844 0.0390625
0 0.358398 0.480469 0.0195312 0.046875
0 0.430664 0.423828 0.015625 0.0488281
0 0.470703 0.564941 0.0175781 0.0498047
0 0.416504 0.44043 0.0302734 0.0351562
0 0.487793 0.636719 0.0185547 0.0507812
0 0.493164 0.402832 0.0175781 0.0517578
0 0.466797 0.272949 0.0332031 0.0419922
0 0.326172 0.424805 0.03125 0.0332031
0 0.398926 0.369141 0.0166016 0.0605469
0 0.382324 0.534668 0.0302734 0.0283203
0 0.622559 0.50293 0.0283203 0.0390625
0 0.347656 0.395996 0.0292969 0.0517578
0 0.524902 0.586914 0.0185547 0.0605469
0 0.424805 0.555176 0.0273438 0.0419922
0 0.459961 0.72998 0.0195312 0.0634766
0 0.51123 0.372559 0.0322266 0.0322266
0 0.418945 0.388672 0.0273438 0.0332031
0 0.398438 0.499023 0.015625 0.0546875
0 0.403809 0.543945 0.0283203 0.046875
0 0.633301 0.512695 0.0283203 0.0410156
0 0.487305 0.498047 0.0214844 0.0546875
0 0.475098 0.430664 0.0322266 0.0273438
0 0.409668 0.469727 0.0224609 0.03125
0 0.382812 0.573242 0.0195312 0.0585938
0 0.274902 0.575684 0.0283203 0.0361328
0 0.361816 0.594727 0.0361328 0.0429688
0 0.312012 0.791016 0.0283203 0.0390625
0 0.413574 0.611816 0.0205078 0.0478516
0 0.476562 0.487305 0.015625 0.0527344
0 0.452148 0.318359 0.0273438 0.0429688
0 0.331055 0.635742 0.0214844 0.0429688
0 0.375977 0.430664 0.0273438 0.0449219
0 0.368652 0.511719 0.0224609 0.0390625
0 0.398926 0.581543 0.0244141 0.0498047
0 0.540527 0.774414 0.0361328 0.0429688
0 0.450195 0.636719 0.0253906 0.0371094
0 0.295898 0.719727 0.0253906 0.046875
0 0.380371 0.47998 0.0224609 0.0537109
0 0.341797 0.512695 0.0273438 0.0488281
0 0.315918 0.401855 0.0341797 0.0341797
0 0.245117 0.557617 0.0214844 0.0546875
0 0.411621 0.415527 0.0283203 0.0380859
0 0.339844 0.460449 0.03125 0.0361328
0 0.435547 0.468262 0.0234375 0.0458984
0 0.493652 0.457031 0.0263672 0.0371094
0 0.432129 0.356934 0.0263672 0.0400391
0 0.388184 0.858398 0.0224609 0.0664062
0 0.495117 0.540039 0.0273438 0.0507812
0 0.365234 0.643066 0.0292969 0.0419922
0 0.559082 0.429688 0.0322266 0.0390625
0 0.457031 0.478516 0.0292969 0.0351562
0 0.294434 0.749023 0.0244141 0.0585938
0 0.258789 0.601562 0.0273438 0.0527344
0 0.617676 0.574707 0.0361328 0.0498047
0 0.369629 0.354004 0.0361328 0.0400391
0 0.504883 0.32373 0.0214844 0.0458984
0 0.515137 0.437012 0.0341797 0.0361328
0 0.441406 0.797363 0.0234375 0.0537109
0 0.512695 0.475586 0.0214844 0.0507812
0 0.300293 0.628418 0.0302734 0.0400391
0 0.535156 0.511719 0.0253906 0.0546875
0 0.339355 0.700195 0.0302734 0.0546875
0 0.431641 0.59668 0.03125 0.0429688
0 0.405273 0.297363 0.03125 0.0400391
0 0.441406 0.285156 0.03125 0.0351562
