0 0.438477 0.550781 0.0683594 0.0585938
0 0.453125 0.564941 0.0507812 0.0361328
0 0.361816 0.420898 0.0341797 0.0664062
0 0.0932617 0.54834 0.0283203 0.0302734
0 0.35498 0.391602 0.0302734 0.0625
0 0.262695 0.560547 0.0585938 0.0175781
0 0.620117 0.195312 0.117188 0.0429688
0 0.551758 0.312012 0.0625 0.0498047
0 0.399414 0.498535 0.0703125 0.0595703
0 0.366211 0.0517578 0.0605469 0.0429688
0 0.495605 0.539062 0.0517578 0.0585938
0 0.136719 0.547852 0.0546875 0.0507812
0 0.231934 0.487305 0.0537109 0.0585938
0 0.59082 0.925293 0.0898438 0.0537109
0 0.178711 0.375488 0.0292969 0.0283203
0 0.467285 0.548828 0.0673828 0.046875
0 0.647949 0.256836 0.118164 0.0332031
0 0.0517578 0.302246 0.0878906 0.0478516
0 0.349609 0.0698242 0.0625 0.0556641
0 0.653809 0.230957 0.0693359 0.0380859
0 0.428223 0.167969 0.0751953 0.0253906
0 0.724609 0.227051 0.0917969 0.0439453
0 0.722656 0.253418 0.0859375 0.0361328
0 0.338867 0.430664 0.0546875 0.046875
0 0.204102 0.479492 0.0566406 0.0546875
0 0.117676 0.224609 0.0693359 0.0253906
0 0.078125 0.0859375 0.0859375 0.0332031
0 0.336914 0.449219 0.0761719 0.0332031
0 0.734375 0.612305 0.0917969 0.0488281
0 0.137207 0.253906 0.0458984 0.0410156
0 0.703613 0.902832 0.0947266 0.0517578
0 0.453125 0.196289 0.0410156 0.0488281
0 0.4375 0.602051 0.0351562 0.0595703
0 0.710938 0.317383 0.0488281 0.0488281
0 0.690918 0.376953 0.0419922 0.0683594
0 0.740723 0.851562 0.0634766 0.0800781
0 0.695801 0.459961 0.0966797 0.0390625
0 0.355469 0.585449 0.0703125 0.0244141
0 0.146484 0.507324 0.0644531 0.0478516
0 0.707031 0.720215 0.0898438 0.0400391
0 0.631348 0.683105 0.0458984 0.0732422
0 0.160645 0.296875 0.0283203 0.0664062
0 0.40625 0.365723 0.0371094 0.0595703
0 0.52832 0.728516 0.046875 0.0644531
0 0.724609 0.285156 0.0917969 0.03125
0 0.541016 0.687012 0.0703125 0.0517578
0 0.835938 0.619141 0.09375 0.0566406
0 0.393066 0.8125 0.0849609 0.0449219
0 0.396973 0.59082 0.0556641 0.0507812
0 0.362793 0.522949 0.0810547 0.0224609
0 0.32666 0.829102 0.0751953 0.03125
0 0.393555 0.148926 0.0566406 0.0595703
0 0.253418 0.474609 0.0673828 0.0332031
0 0.592773 0.230957 0.09375 0.0322266
0 0.216797 0.40332 0.0722656 0.0253906
0 0.484863 0.389648 0.0556641 0.0585938
0 0.405762 0.554199 0.0654297 0.0419922
0 0.47168 0.25293 0.0566406 0.0703125
0 0.462402 0.376465 0.0400391 0.0634766
0 0.561035 0.373047 0.0849609 0.0410156
0 0.164062 0.54248 0.0585938 0.0400391
0 0.720703 0.763672 0.0644531 0.0605469
0 0.614258 0.690918 0.0527344 0.0673828
0 0.580566 0.294922 0.102539 0.0351562
0 0.709473 0.50293 0.0673828 0.0605469
0 0.323242 0.392578 0.0410156 0.0410156
0 0.781738 0.459961 0.0810547 0.0410156
0 0.0390625 0.716797 0.0566406 0.0332031
0 0.227539 0.377441 0.0800781 0.0400391
0 0.768066 0.802734 0.0966797 0.0664062
0 0.68457 0.788086 0.0859375 0.0429688
0 0.0234375 0.407227 0.046875 0.0390625
0 0.234375 0.432617 0.0507812 0.0585938
0 0.241699 0.697266 0.108398 0.03125
0 0.761719 0.487793 0.0527344 0.0673828
0 0.512207 0.740234 0.0654297 0.0664062
0 0.319824 0.572266 0.0869141 0.0273438
0 0.585449 0.34375 0.0751953 0.0488281
0 0.726074 0.429199 0.0791016 0.0380859
0 0.774414 0.743164 0.0664062 0.0742188
0 0.609863 0.477539 0.0791016 0.0332031
0 0.790527 0.407715 0.0361328 0.0634766
0 0.244629 0.580078 0.0771484 0.0351562
0 0.529785 0.442383 0.0771484 0.046875
0 0.341309 0.548828 0.0673828 0.0332031
0 0.64502 0.456055 0.0751953 0.0488281
0 0.405273 0.200684 0.0644531 0.0615234
0 0.597168 0.622559 0.0400391 0.0693359
0 0.241699 0.658691 0.0986328 0.0244141
0 0.637695 0.40332 0.0820312 0.0566406
0 0.623047 0.500977 0.0566406 0.046875
0 0.203613 0.269043 0.0380859 0.0537109
0 0.464844 0.478516 0.0800781 0.0234375
0 0.429688 0.668457 0.03125 0.0673828
0 0.48877 0.289551 0.0458984 0.0576172
0 0.460449 0.610352 0.0517578 0.0605469
0 0.718262 0.56543 0.0439453 0.0625
0 0.585449 0.147461 0.0712891 0.0664062
0 0.418945 0.411621 0.0546875 0.0673828
0 0.381836 0.411621 0.0234375 0.0615234
0 0.370117 0.660645 0.0898438 0.0556641
0 0.672363 0.575195 0.0791016 0.0429688
0 0.455078 0.709961 0.0429688 0.0625
0 0.503906 0.335449 0.0488281 0.0654297
0 0.424316 0.44873 0.0732422 0.0478516
0 0.54541 0.663574 0.0751953 0.0517578
0 0.820312 0.430176 0.0449219 0.0712891
0 0.279785 0.440918 0.0595703 0.0537109
0 0.387207 0.845703 0.0615234 0.0585938
0 0.430176 0.496094 0.0595703 0.0566406
0 0.349609 0.489258 0.0332031 0.0605469
0 0.672852 0.27832 0.0820312 0.0371094
0 0.18457 0.517578 0.0527344 0.0566406
0 0.261719 0.621094 0.0644531 0.0507812
0 0.26416 0.517578 0.0771484 0.0566406
