0 0.603027 0.662109 0.0673828 0.0546875
0 0.73291 0.668457 0.0810547 0.0634766
0 0.639648 0.700195 0.0800781 0.0449219
0 0.706055 0.623047 0.0722656 0.0429688
0 0.628418 0.415039 0.0634766 0.0390625
0 0.385742 0.383301 0.0546875 0.0712891
0 0.721191 0.762695 0.0771484 0.0644531
0 0.65625 0.627441 0.0742188 0.0556641
0 0.733398 0.59375 0.0488281 0.0839844
0 0.489258 0.644531 0.0332031 0.0703125
0 0.67334 0.725098 0.0771484 0.0615234
0 0.512207 0.40625 0.0673828 0.0507812
0 0.717773 0.683594 0.0996094 0.0351562
0 0.598145 0.592285 0.0556641 0.0849609
0 0.643555 0.657227 0.0839844 0.0625
0 0.601562 0.755371 0.0429688 0.15332
0 0.667969 0.769043 0.078125 0.0712891
0 0.570312 0.418945 0.0722656 0.0605469
0 0.592773 0.540527 0.0410156 0.0947266
0 0.53418 0.615234 0.0332031 0.0820312
0 0.763672 0.63623 0.0800781 0.0458984
0 0.513672 0.429199 0.0703125 0.0517578
0 0.728516 0.723633 0.0878906 0.0449219
0 0.696289 0.578125 0.0605469 0.0742188
0 0.45166 0.454102 0.0498047 0.0644531
0 0.640625 0.540039 0.0664062 0.119141
0 0.706055 0.541992 0.0878906 0.0644531
0 0.549805 0.720703 0.0722656 0.0957031
0 0.509277 0.583008 0.0341797 0.0898438
0 0.533691 0.481934 0.0615234 0.0771484
0 0.634766 0.583984 0.0742188 0.0703125
0 0.552734 0.674805 0.078125 0.0664062
0 0.348145 0.445312 0.0634766 0.0820312
0 0.601562 0.436523 0.0664062 0.0703125
0 0.494629 0.368164 0.0712891 0.0605469
0 0.321289 0.463379 0.0722656 0.0634766
0 0.665039 0.462402 0.078125 0.0888672
0 0.418945 0.543945 0.0527344 0.0683594
0 0.282715 0.355469 0.0634766 0.109375
0 0.532227 0.557129 0.0566406 0.0712891
0 0.365723 0.41748 0.0654297 0.0888672
0 0.767578 0.460449 0.09375 0.0732422
0 0.568359 0.817383 0.0566406 0.107422
0 0.74707 0.296875 0.0546875 0.0898438
0 0.644531 0.189941 0.0390625 0.147461
0 0.424805 0.345703 0.0664062 0.0800781
0 0.527832 0.520508 0.0615234 0.0566406
0 0.580078 0.37793 0.0761719 0.0527344
0 0.363281 0.523926 0.0703125 0.0498047
0 0.777344 0.570801 0.0859375 0.0751953
0 0.446289 0.50293 0.0683594 0.0449219
0 0.572266 0.51709 0.0390625 0.102539
0 0.304688 0.49707 0.0605469 0.0722656
0 0.412598 0.443848 0.0380859 0.100586
0 0.448242 0.404785 0.0566406 0.0595703
0 0.561523 0.354492 0.0722656 0.0507812
0 0.472656 0.520508 0.0703125 0.0742188
0 0.641602 0.381836 0.0839844 0.0839844
0 0.456543 0.592773 0.0810547 0.0800781
0 0.636719 0.315918 0.078125 0.0751953
0 0.540039 0.310547 0.0800781 0.0585938
