0 0.302734 0.369141 0.0644531 0.0390625
0 0.291504 0.216797 0.0283203 0.0703125
0 0.119141 0.51123 0.0234375 0.0439453
0 0.424316 0.563965 0.0361328 0.0517578
0 0.179688 0.43457 0.0195312 0.0859375
0 0.353027 0.34668 0.0380859 0.0507812
0 0.286133 0.581055 0.0332031 0.09375
0 0.54541 0.425293 0.0302734 0.0830078
0 0.523438 0.413086 0.0273438 0.0585938
0 0.500977 0.695801 0.0527344 0.0302734
0 0.729004 0.691895 0.0244141 0.0576172
0 0.227051 0.367676 0.0419922 0.0771484
0 0.237305 0.593262 0.0566406 0.0673828
