0 0.537598 0.413574 0.0302734 0.0263672
0 0.165039 0.490723 0.0273438 0.0146484
0 0.50293 0.396973 0.0351562 0.0166016
0 0.477539 0.443359 0.0214844 0.0214844
0 0.57666 0.384277 0.0732422 0.0205078
0 0.498535 0.66748 0.0283203 0.0146484
0 0.700684 0.283691 0.0478516 0.0146484
0 0.399414 0.211426 0.0507812 0.0146484
0 0.40918 0.595703 0.0410156 0.0117188
0 0.490234 0.423828 0.0253906 0.0214844
0 0.475098 0.577637 0.0166016 0.0263672
0 0.178711 0.385742 0.046875 0.0117188
0 0.309082 0.579102 0.0244141 0.0175781
0 0.385254 0.200195 0.0341797 0.0136719
0 0.491211 0.447754 0.0195312 0.0263672
0 0.1875 0.374512 0.0410156 0.0166016
0 0.421875 0.206543 0.0429688 0.0126953
0 0.12793 0.379395 0.046875 0.0166016
0 0.475586 0.604004 0.0429688 0.0185547
0 0.484375 0.579102 0.0292969 0.0253906
0 0.194336 0.363281 0.0410156 0.00976562
0 0.230469 0.26709 0.0390625 0.0400391
0 0.414551 0.223633 0.0537109 0.0117188
0 0.53125 0.665527 0.0410156 0.0224609
0 0.228027 0.58252 0.0498047 0.0107422
0 0.544922 0.60791 0.0429688 0.0126953
0 0.379395 0.625 0.0556641 0.0195312
0 0.80127 0.367676 0.0576172 0.0107422
0 0.666992 0.373535 0.0507812 0.0166016
0 0.477539 0.462402 0.0175781 0.0263672
0 0.256836 0.324219 0.0410156 0.00976562
0 0.500488 0.580566 0.0322266 0.0263672
0 0.150391 0.373535 0.0488281 0.0107422
0 0.375977 0.235352 0.0527344 0.015625
0 0.177734 0.582031 0.0507812 0.015625
0 0.481445 0.410156 0.0429688 0.0195312
0 0.430176 0.305176 0.0283203 0.0244141
0 0.576172 0.414551 0.015625 0.0283203
0 0.675293 0.270996 0.0498047 0.0166016
0 0.221191 0.378418 0.0380859 0.0185547
0 0.366211 0.21875 0.0234375 0.0273438
0 0.221191 0.352051 0.0419922 0.0224609
0 0.523438 0.544922 0.0371094 0.0234375
0 0.43457 0.191406 0.0410156 0.0214844
0 0.42041 0.236328 0.0419922 0.0175781
0 0.48291 0.477051 0.0361328 0.0205078
0 0.710938 0.305664 0.0410156 0.0117188
0 0.220703 0.620605 0.0527344 0.0126953
0 0.388672 0.186523 0.0507812 0.0136719
0 0.622559 0.391602 0.0478516 0.0214844
0 0.366211 0.0898438 0.046875 0.0117188
0 0.536621 0.308594 0.0400391 0.0253906
0 0.566895 0.289551 0.0244141 0.0263672
0 0.0888672 0.585938 0.03125 0.0195312
0 0.649902 0.355469 0.0341797 0.0253906
0 0.73291 0.358398 0.0322266 0.0292969
0 0.730957 0.319824 0.0419922 0.0205078
0 0.493164 0.55127 0.0273438 0.0263672
0 0.681152 0.32666 0.0341797 0.0205078
0 0.671875 0.355957 0.0371094 0.0244141
