0 0.457031 0.508789 0.101562 0.046875
0 0.429688 0.39502 0.113281 0.0478516
0 0.404785 0.443359 0.0927734 0.0820312
0 0.517578 0.557617 0.0859375 0.115234
0 0.546387 0.395508 0.118164 0.0644531
0 0.503906 0.468262 0.0957031 0.0732422
0 0.483398 0.62793 0.130859 0.0839844
0 0.818359 0.233887 0.128906 0.0556641
0 0.327148 0.493652 0.113281 0.0654297
0 0.393555 0.528809 0.0859375 0.0830078
0 0.311523 0.587891 0.119141 0.0625
0 0.390625 0.652344 0.09375 0.0976562
0 0.800781 0.453125 0.0996094 0.0859375
0 0.164062 0.459473 0.132812 0.12793
0 0.190918 0.381836 0.0986328 0.0625
0 0.733398 0.655273 0.123047 0.105469
0 0.0859375 0.693359 0.109375 0.0898438
0 0.363281 0.371094 0.113281 0.0605469
