0 0.57373 0.612305 0.0185547 0.0488281
0 0.597168 0.620117 0.0244141 0.0449219
0 0.40918 0.794434 0.0292969 0.0341797
0 0.637207 0.865234 0.0322266 0.0195312
0 0.42334 0.732422 0.0283203 0.0273438
0 0.657715 0.617188 0.0263672 0.0195312
0 0.599121 0.566406 0.0185547 0.0488281
0 0.411133 0.756836 0.0429688 0.0273438
0 0.62207 0.811523 0.0371094 0.0332031
0 0.639648 0.630371 0.0410156 0.0341797
0 0.69043 0.607422 0.0371094 0.0351562
0 0.618164 0.592773 0.0253906 0.0371094
0 0.599121 0.907227 0.0205078 0.046875
0 0.501465 0.816406 0.0224609 0.03125
0 0.547852 0.90332 0.0253906 0.0449219
0 0.560547 0.636719 0.0273438 0.03125
0 0.535645 0.572754 0.0400391 0.0244141
0 0.558594 0.599609 0.0175781 0.0390625
0 0.681641 0.637207 0.0390625 0.0205078
0 0.591797 0.607422 0.0214844 0.0449219
0 0.533691 0.605469 0.0380859 0.0351562
0 0.5625 0.655273 0.03125 0.0253906
0 0.674805 0.860352 0.0292969 0.0449219
0 0.402832 0.580566 0.0205078 0.0478516
0 0.578613 0.588867 0.0166016 0.0507812
0 0.677734 0.661621 0.0429688 0.0302734
0 0.625977 0.904297 0.0214844 0.0605469
0 0.576172 0.542969 0.0390625 0.0351562
0 0.637695 0.5625 0.0332031 0.03125
0 0.514648 0.847656 0.0371094 0.03125
0 0.427246 0.548828 0.0205078 0.0507812
