1 0.518555 0.531738 0.0761719 0.0673828
0 0.480469 0.596191 0.0566406 0.110352
0 0.385742 0.181641 0.0234375 0.0546875
1 0.373047 0.463379 0.0761719 0.133789
0 0.489258 0.155762 0.0722656 0.0830078
0 0.370117 0.134277 0.0585938 0.0673828
0 0.443359 0.107422 0.0371094 0.0957031
0 0.414551 0.183594 0.0302734 0.0839844
1 0.391113 0.584961 0.0908203 0.132812
0 0.431152 0.0375977 0.0478516 0.0732422
0 0.483887 0.11084 0.0634766 0.0537109
0 0.409668 0.0654297 0.0498047 0.0859375
0 0.391602 0.0893555 0.0605469 0.0771484
0 0.464355 0.0458984 0.0537109 0.0917969
