0 0.608398 0.249512 0.0214844 0.0166016
0 0.316895 0.00830078 0.0107422 0.0166016
0 0.757324 0.184082 0.0302734 0.0185547
0 0.804688 0.589844 0.03125 0.0390625
0 0.611328 0.471191 0.0195312 0.0927734
0 0.632812 0.819336 0.03125 0.0722656
0 0.625977 0.645508 0.0175781 0.0761719
0 0.560547 0.567871 0.0273438 0.0751953
0 0.533203 0.447754 0.0351562 0.0771484
0 0.564453 0.649414 0.0410156 0.0410156
0 0.485352 0.536133 0.0351562 0.0683594
0 0.439941 0.444336 0.0283203 0.0527344
0 0.443359 0.635742 0.0273438 0.0722656
0 0.525879 0.692871 0.0322266 0.0595703
0 0.458496 0.711914 0.0302734 0.0566406
