0 0.577148 0.680176 0.0429688 0.0556641
0 0.436035 0.751953 0.0439453 0.0214844
0 0.588867 0.305176 0.0566406 0.0380859
0 0.298828 0.578613 0.0390625 0.0498047
0 0.574219 0.643066 0.0507812 0.0302734
0 0.265625 0.625977 0.0214844 0.0976562
0 0.560059 0.603516 0.0537109 0.0605469
0 0.575684 0.330078 0.0576172 0.0351562
0 0.457031 0.550781 0.0683594 0.0527344
0 0.413574 0.786133 0.0263672 0.0664062
0 0.361328 0.493164 0.0449219 0.0292969
0 0.188965 0.597168 0.0283203 0.0634766
0 0.316895 0.479492 0.0283203 0.0800781
0 0.282715 0.517578 0.0283203 0.0664062
0 0.254883 0.526367 0.0332031 0.0644531
0 0.635254 0.354004 0.0537109 0.0654297
0 0.59082 0.595215 0.0292969 0.0673828
0 0.499512 0.722656 0.0283203 0.078125
0 0.442383 0.43457 0.0332031 0.0761719
0 0.395508 0.655273 0.0351562 0.0898438
0 0.333008 0.424316 0.0332031 0.0654297
0 0.523926 0.432617 0.0498047 0.0664062
0 0.388184 0.796875 0.0205078 0.0917969
0 0.512207 0.213867 0.0576172 0.0488281
0 0.515137 0.683105 0.0576172 0.0419922
