0 0.634766 0.577148 0.0644531 0.0332031
0 0.334961 0.478027 0.0292969 0.0224609
0 0.312988 0.722168 0.0185547 0.0244141
0 0.569336 0.36377 0.03125 0.0576172
0 0.308105 0.476562 0.0380859 0.046875
0 0.311035 0.460938 0.0361328 0.0332031
0 0.323242 0.128418 0.0234375 0.0634766
1 0.369629 0.574219 0.0986328 0.101562
0 0.0708008 0.29834 0.0419922 0.0400391
0 0.56543 0.23584 0.0214844 0.0654297
0 0.59082 0.895996 0.0253906 0.0556641
0 0.552246 0.44043 0.0322266 0.0488281
0 0.583984 0.496094 0.0410156 0.046875
