0 0.890625 0.606934 0.03125 0.0283203
0 0.833984 0.754395 0.0117188 0.0458984
0 0.714844 0.63623 0.0214844 0.0283203
0 0.78418 0.60791 0.0273438 0.0380859
0 0.821289 0.637207 0.0136719 0.0400391
0 0.780273 0.558594 0.0371094 0.0234375
0 0.712891 0.578613 0.03125 0.0263672
0 0.770508 0.552246 0.0253906 0.0263672
0 0.708008 0.633789 0.00976562 0.0351562
0 0.825195 0.623047 0.0175781 0.0371094
0 0.776367 0.591797 0.0292969 0.0429688
0 0.547852 0.529785 0.0253906 0.0244141
0 0.993164 0.650391 0.0136719 0.0351562
0 0.838379 0.620605 0.0126953 0.0439453
0 0.737305 0.603516 0.0292969 0.0234375
0 0.5625 0.580078 0.0273438 0.0175781
0 0.621582 0.592773 0.0283203 0.0292969
0 0.870117 0.62793 0.0117188 0.0449219
0 0.825195 0.77002 0.0136719 0.0537109
0 0.527344 0.49707 0.015625 0.0371094
0 0.717773 0.553223 0.0292969 0.0283203
0 0.634766 0.591797 0.0117188 0.0332031
0 0.832031 0.588379 0.0273438 0.0166016
0 0.858398 0.63916 0.0234375 0.0341797
0 0.489746 0.581543 0.0322266 0.0244141
0 0.755859 0.696289 0.0214844 0.0410156
0 0.688477 0.59668 0.015625 0.0332031
0 0.845703 0.786133 0.0273438 0.0390625
0 0.858887 0.601562 0.0244141 0.03125
0 0.851562 0.770508 0.0273438 0.0410156
0 0.770508 0.704102 0.0195312 0.046875
0 0.671875 0.581055 0.0273438 0.0332031
0 0.730469 0.660156 0.0195312 0.0351562
0 0.697266 0.652344 0.0234375 0.0410156
0 0.746094 0.651367 0.0136719 0.046875
0 0.651855 0.646484 0.0283203 0.03125
0 0.983398 0.623535 0.0332031 0.0283203
0 0.699707 0.555664 0.0283203 0.0332031
0 0.571289 0.564941 0.0332031 0.0283203
0 0.879883 0.824219 0.0332031 0.0546875
0 0.508789 0.587891 0.0253906 0.03125
0 0.546875 0.556641 0.0234375 0.0390625
0 0.961914 0.628906 0.0332031 0.0332031
0 0.597656 0.581055 0.03125 0.0292969
0 0.786133 0.711914 0.0214844 0.0449219
