0 0.761719 0.529297 0.03125 0.015625
0 0.439453 0.425293 0.0351562 0.0439453
0 0.260742 0.450684 0.0683594 0.0341797
0 0.39209 0.490723 0.0791016 0.0302734
0 0.728516 0.543457 0.046875 0.0322266
0 0.764648 0.560547 0.0429688 0.0273438
0 0.189453 0.536133 0.0644531 0.0253906
0 0.385742 0.447266 0.0332031 0.0332031
0 0.487305 0.484375 0.0429688 0.046875
0 0.330078 0.458496 0.0527344 0.0322266
0 0.659668 0.557617 0.0693359 0.0292969
0 0.372559 0.416016 0.0634766 0.03125
0 0.270996 0.419922 0.0693359 0.046875
