0 0.38623 0.641113 0.0322266 0.0556641
0 0.431641 0.347168 0.0839844 0.0498047
0 0.760254 0.604004 0.0400391 0.0712891
0 0.33252 0.646973 0.0615234 0.0634766
0 0.588379 0.606445 0.0830078 0.0371094
0 0.288574 0.625488 0.0712891 0.0380859
0 0.562988 0.521973 0.0947266 0.0634766
0 0.461426 0.699707 0.0654297 0.0634766
0 0.639648 0.599609 0.09375 0.0585938
0 0.439941 0.811035 0.0849609 0.0458984
0 0.359375 0.567383 0.0898438 0.0429688
0 0.518555 0.219727 0.0839844 0.0976562
0 0.380371 0.429199 0.0732422 0.0693359
0 0.464355 0.780762 0.0810547 0.0771484
0 0.633789 0.629883 0.09375 0.0410156
0 0.544922 0.70166 0.0605469 0.0908203
0 0.579102 0.257812 0.0449219 0.0625
0 0.312012 0.549316 0.0927734 0.0419922
0 0.575684 0.413086 0.0888672 0.0351562
0 0.34375 0.743652 0.0722656 0.0693359
0 0.348633 0.599609 0.0644531 0.0566406
0 0.621094 0.450684 0.0605469 0.0693359
0 0.736816 0.57959 0.0595703 0.0693359
0 0.483398 0.475586 0.0917969 0.0585938
0 0.414062 0.735352 0.103516 0.0664062
