0 0.23291 0.198242 0.0439453 0.126953
0 0.491699 0.621094 0.0400391 0.0625
0 0.444824 0.560059 0.0439453 0.0732422
0 0.680664 0.433594 0.0429688 0.0449219
0 0.245117 0.450195 0.0273438 0.0976562
0 0.657715 0.550293 0.0283203 0.0712891
0 0.884766 0.630859 0.0214844 0.0605469
0 0.20459 0.432129 0.0380859 0.0810547
0 0.317383 0.512695 0.0449219 0.0878906
0 0.730469 0.474121 0.0371094 0.0712891
0 0.529785 0.491211 0.0380859 0.0527344
0 0.368164 0.614746 0.0292969 0.0810547
0 0.442383 0.601562 0.0429688 0.0390625
0 0.184082 0.497559 0.0458984 0.0400391
0 0.322754 0.668945 0.0244141 0.078125
0 0.0834961 0.222168 0.0361328 0.108398
0 0.73291 0.425781 0.0517578 0.0449219
0 0.443848 0.521973 0.0361328 0.0654297
0 0.540527 0.567383 0.0419922 0.0429688
0 0.594727 0.344238 0.0351562 0.0673828
0 0.92334 0.552734 0.0576172 0.0410156
0 0.708984 0.466309 0.0429688 0.0478516
0 0.527832 0.349609 0.0361328 0.0839844
0 0.64502 0.620117 0.0517578 0.0488281
0 0.520996 0.516602 0.0400391 0.0546875
0 0.661133 0.335449 0.0429688 0.0810547
0 0.614258 0.645508 0.0390625 0.0585938
0 0.753418 0.492188 0.0244141 0.0878906
0 0.233887 0.524902 0.0380859 0.100586
0 0.478516 0.414062 0.0371094 0.105469
0 0.201172 0.633789 0.03125 0.0976562
0 0.47168 0.535156 0.0429688 0.0898438
0 0.946777 0.493164 0.0400391 0.078125
0 0.412598 0.589844 0.0244141 0.0761719
0 0.336914 0.582031 0.0429688 0.046875
0 0.568359 0.384766 0.046875 0.0546875
0 0.489258 0.345215 0.0566406 0.0322266
0 0.701172 0.522949 0.046875 0.0478516
0 0.632812 0.566895 0.0507812 0.0537109
0 0.344727 0.637207 0.0410156 0.0595703
0 0.332031 0.359375 0.0410156 0.0839844
0 0.574219 0.5625 0.0332031 0.0722656
0 0.585938 0.508301 0.0488281 0.0419922
0 0.791016 0.501953 0.0292969 0.0761719
0 0.44043 0.63916 0.0546875 0.0458984
0 0.588379 0.699707 0.0322266 0.0654297
0 0.527344 0.62207 0.0371094 0.0703125
0 0.962402 0.531738 0.0322266 0.0810547
0 0.40332 0.404297 0.0371094 0.0625
0 0.333008 0.222168 0.0371094 0.0888672
0 0.845703 0.5 0.0332031 0.0683594
0 0.859863 0.566895 0.0537109 0.0380859
0 0.77002 0.413086 0.0322266 0.0683594
0 0.871582 0.59082 0.0458984 0.046875
0 0.609375 0.591797 0.0449219 0.0429688
0 0.882324 0.513184 0.0478516 0.0537109
0 0.814453 0.575684 0.0214844 0.0869141
0 0.86084 0.458496 0.0517578 0.0400391
0 0.901855 0.438965 0.0498047 0.0322266
0 0.387695 0.586426 0.0234375 0.0947266
0 0.302734 0.43457 0.0390625 0.0644531
0 0.391602 0.512695 0.0410156 0.0605469
0 0.647949 0.474609 0.0478516 0.078125
0 0.778809 0.567383 0.0478516 0.0625
0 0.701172 0.595703 0.0488281 0.046875
