0 0.524414 0.311523 0.0136719 0.0351562
0 0.501953 0.444336 0.0175781 0.0214844
0 0.426758 0.285156 0.0175781 0.0234375
0 0.523438 0.572754 0.0117188 0.0439453
0 0.597168 0.544922 0.0205078 0.03125
0 0.678711 0.572754 0.0195312 0.0185547
0 0.530273 0.500977 0.0214844 0.0234375
0 0.435059 0.687988 0.0244141 0.0205078
0 0.449707 0.625977 0.0244141 0.0273438
0 0.487793 0.723633 0.0205078 0.0195312
0 0.541016 0.482422 0.0234375 0.0273438
0 0.561035 0.541016 0.0146484 0.0332031
0 0.420898 0.299805 0.0214844 0.046875
0 0.60498 0.41748 0.0166016 0.0400391
0 0.59082 0.432129 0.0253906 0.0302734
0 0.480469 0.495117 0.0195312 0.0195312
0 0.485352 0.32959 0.0117188 0.0322266
0 0.441406 0.60498 0.0136719 0.0439453
0 0.646484 0.55127 0.0234375 0.0185547
0 0.595703 0.58252 0.0234375 0.0283203
0 0.517578 0.310547 0.0195312 0.03125
0 0.552246 0.550293 0.0126953 0.0380859
0 0.45459 0.525879 0.0224609 0.0205078
0 0.626465 0.545898 0.0126953 0.0292969
0 0.617188 0.56543 0.015625 0.0449219
0 0.465332 0.477051 0.0166016 0.0263672
0 0.558594 0.564453 0.0136719 0.0351562
0 0.39209 0.532227 0.0107422 0.0390625
0 0.529297 0.574707 0.0117188 0.0439453
0 0.438965 0.681641 0.0283203 0.0273438
0 0.566406 0.529785 0.0136719 0.0380859
0 0.588867 0.40918 0.0234375 0.0253906
0 0.588379 0.550781 0.0244141 0.0195312
0 0.587402 0.384766 0.0146484 0.0371094
0 0.429199 0.594727 0.0126953 0.0292969
0 0.444336 0.654785 0.0136719 0.0400391
0 0.598145 0.528809 0.0205078 0.0302734
0 0.401367 0.530273 0.0117188 0.0429688
0 0.415527 0.351562 0.0146484 0.0351562
0 0.40918 0.330566 0.0292969 0.0244141
0 0.608398 0.447754 0.0117188 0.0361328
0 0.408691 0.284668 0.0146484 0.0380859
0 0.552734 0.396973 0.0253906 0.0244141
0 0.665527 0.570801 0.0126953 0.0400391
0 0.429199 0.637207 0.0205078 0.0263672
0 0.493652 0.32666 0.0126953 0.0380859
0 0.401367 0.605469 0.0234375 0.0214844
0 0.604492 0.685059 0.0195312 0.0498047
0 0.417969 0.495605 0.0136719 0.0400391
0 0.40918 0.511719 0.0117188 0.0351562
0 0.608887 0.605957 0.0126953 0.0400391
0 0.494629 0.47168 0.0205078 0.0253906
0 0.453613 0.248535 0.0146484 0.0439453
0 0.456543 0.516113 0.0224609 0.0224609
0 0.509766 0.45459 0.0253906 0.0224609
0 0.479492 0.467285 0.0175781 0.0341797
0 0.430664 0.611328 0.0175781 0.0234375
0 0.264648 0.500488 0.0136719 0.0361328
0 0.403809 0.619141 0.0224609 0.0195312
0 0.65332 0.567383 0.0214844 0.03125
0 0.365723 0.750977 0.0263672 0.03125
0 0.693359 0.539551 0.0253906 0.0263672
0 0.57666 0.464355 0.0224609 0.0166016
0 0.429199 0.65332 0.0205078 0.0195312
0 0.419922 0.612305 0.0117188 0.0371094
0 0.469727 0.361816 0.0195312 0.0322266
0 0.433105 0.497559 0.0166016 0.0400391
0 0.539551 0.447754 0.0244141 0.0185547
0 0.612793 0.391602 0.0126953 0.0371094
0 0.464844 0.695312 0.015625 0.0351562
0 0.581055 0.494141 0.0195312 0.0195312
0 0.32373 0.488281 0.0224609 0.0234375
0 0.684082 0.55957 0.0166016 0.0332031
0 0.632324 0.576172 0.0205078 0.0390625
0 0.647461 0.509766 0.0234375 0.0371094
0 0.483398 0.350586 0.015625 0.0332031
0 0.62793 0.373535 0.0214844 0.0361328
0 0.561523 0.453125 0.0253906 0.0234375
0 0.461914 0.383301 0.0195312 0.0283203
0 0.559082 0.477539 0.0146484 0.0351562
0 0.59668 0.601562 0.0175781 0.03125
0 0.667969 0.601562 0.0292969 0.0234375
0 0.399902 0.350586 0.0224609 0.0273438
0 0.536133 0.699219 0.0214844 0.0449219
0 0.577148 0.291504 0.0136719 0.0400391
0 0.492676 0.590332 0.0185547 0.0439453
0 0.467773 0.321289 0.0253906 0.0214844
0 0.470703 0.490234 0.0195312 0.03125
0 0.679688 0.53418 0.0195312 0.0351562
0 0.672852 0.373047 0.0195312 0.0273438
0 0.538086 0.46582 0.0214844 0.0234375
0 0.42334 0.520508 0.0224609 0.0273438
0 0.538574 0.576172 0.0126953 0.0390625
0 0.443359 0.27002 0.0234375 0.0380859
0 0.303711 0.404297 0.0253906 0.0292969
0 0.697754 0.585449 0.0205078 0.0361328
0 0.533203 0.302734 0.0175781 0.0390625
0 0.675293 0.341309 0.0185547 0.0380859
0 0.540527 0.527344 0.0205078 0.0332031
0 0.636719 0.605469 0.0234375 0.03125
0 0.45752 0.461426 0.0283203 0.0205078
0 0.436523 0.474121 0.0253906 0.0205078
0 0.358887 0.51416 0.0185547 0.0380859
0 0.585449 0.602539 0.0185547 0.03125
0 0.390137 0.312988 0.0205078 0.0224609
0 0.447266 0.306641 0.015625 0.0351562
0 0.42334 0.675293 0.0263672 0.0302734
0 0.575195 0.571777 0.0195312 0.0341797
0 0.529785 0.62793 0.0205078 0.0292969
0 0.360352 0.395508 0.0234375 0.0234375
0 0.57666 0.661133 0.0185547 0.0429688
0 0.54834 0.435059 0.0244141 0.0224609
0 0.508789 0.304199 0.0195312 0.0283203
0 0.553711 0.59082 0.0214844 0.0234375
0 0.616211 0.475586 0.0175781 0.0410156
0 0.607422 0.283691 0.015625 0.0400391
0 0.520996 0.511719 0.0205078 0.03125
0 0.476562 0.648926 0.0136719 0.0400391
0 0.358887 0.484863 0.0185547 0.0302734
0 0.463867 0.338867 0.0234375 0.0214844
0 0.469727 0.393066 0.0175781 0.0322266
0 0.561035 0.505371 0.0244141 0.0244141
0 0.660156 0.324219 0.0253906 0.0234375
0 0.390625 0.369629 0.0214844 0.0244141
0 0.349609 0.318359 0.0175781 0.0351562
0 0.606934 0.364746 0.0224609 0.0361328
0 0.677246 0.515625 0.0224609 0.0273438
0 0.650391 0.452148 0.0195312 0.0410156
0 0.560059 0.695312 0.0224609 0.0292969
0 0.652832 0.681152 0.0224609 0.0419922
0 0.439941 0.550293 0.0224609 0.0283203
0 0.493164 0.632812 0.015625 0.0390625
0 0.588379 0.452148 0.0224609 0.03125
0 0.520996 0.651855 0.0185547 0.0380859
0 0.359375 0.450195 0.0195312 0.0292969
0 0.50293 0.484863 0.0214844 0.0263672
0 0.647461 0.48584 0.0273438 0.0244141
0 0.497559 0.29248 0.0185547 0.0361328
0 0.34082 0.286133 0.0195312 0.0371094
0 0.421875 0.398926 0.0195312 0.0283203
0 0.470215 0.631836 0.0205078 0.03125
0 0.442383 0.370117 0.0214844 0.03125
