0 0.604492 0.626953 0.046875 0.0527344
0 0.472168 0.534668 0.0771484 0.0419922
0 0.780762 0.570801 0.0537109 0.0732422
0 0.930664 0.514648 0.0546875 0.0957031
0 0.663574 0.528809 0.118164 0.0439453
0 0.308594 0.426758 0.0644531 0.0546875
0 0.939941 0.60791 0.0771484 0.0712891
0 0.718262 0.687012 0.0380859 0.0712891
0 0.675293 0.552734 0.0927734 0.0429688
0 0.834473 0.727539 0.133789 0.0390625
0 0.662109 0.401855 0.0644531 0.0673828
0 0.986816 0.637207 0.0244141 0.0673828
0 0.793945 0.423828 0.0703125 0.0605469
0 0.333496 0.463867 0.0615234 0.0449219
0 0.647461 0.654785 0.0898438 0.0595703
0 0.508301 0.455078 0.114258 0.0410156
0 0.817383 0.612793 0.0976562 0.0361328
0 0.75293 0.470703 0.0507812 0.078125
0 0.262695 0.454102 0.0996094 0.0410156
0 0.569336 0.458496 0.0605469 0.0634766
0 0.978516 0.680664 0.0410156 0.03125
0 0.98291 0.597656 0.0322266 0.0410156
0 0.619141 0.363281 0.0546875 0.0839844
0 0.356934 0.494629 0.0771484 0.0537109
0 0.415527 0.563477 0.0927734 0.03125
0 0.564941 0.646484 0.0615234 0.0644531
0 0.591309 0.400391 0.0615234 0.107422
0 0.211914 0.458496 0.0761719 0.0478516
0 0.787109 0.703125 0.107422 0.0527344
0 0.458008 0.514648 0.09375 0.046875
0 0.36377 0.459473 0.0791016 0.0556641
0 0.65332 0.347656 0.0585938 0.0859375
0 0.293945 0.546387 0.0664062 0.0654297
0 0.529297 0.421387 0.103516 0.0361328
0 0.130859 0.547852 0.107422 0.0371094
0 0.47168 0.436035 0.0917969 0.0419922
0 0.402344 0.419922 0.123047 0.0410156
0 0.132324 0.472168 0.106445 0.0439453
0 0.319824 0.501953 0.0478516 0.0800781
0 0.69873 0.636719 0.0771484 0.0800781
0 0.789062 0.477051 0.0585938 0.0830078
0 0.537109 0.391602 0.0859375 0.0527344
0 0.679688 0.592773 0.0742188 0.0664062
0 0.148926 0.572754 0.102539 0.0380859
0 0.494629 0.481445 0.102539 0.0429688
0 0.548828 0.525879 0.0703125 0.0654297
0 0.379395 0.530273 0.0927734 0.0546875
0 0.233887 0.581543 0.102539 0.0537109
0 0.54834 0.631348 0.0732422 0.0712891
0 0.251953 0.529785 0.101562 0.0419922
0 0.856445 0.509766 0.0507812 0.0800781
0 0.877441 0.571777 0.0732422 0.0751953
0 0.834473 0.43457 0.0712891 0.0664062
0 0.162109 0.440918 0.0976562 0.0498047
0 0.141602 0.517578 0.09375 0.0429688
0 0.29541 0.59082 0.0888672 0.0507812
0 0.744141 0.572754 0.0644531 0.0791016
0 0.405762 0.453125 0.118164 0.0527344
0 0.460449 0.577148 0.0888672 0.0527344
0 0.617676 0.594238 0.0537109 0.0673828
0 0.532715 0.581055 0.0986328 0.0488281
0 0.746582 0.254395 0.114258 0.0576172
0 0.285156 0.616211 0.0839844 0.0292969
0 0.353027 0.609375 0.0771484 0.0683594
0 0.849609 0.385254 0.103516 0.0517578
0 0.588867 0.338379 0.09375 0.0595703
0 0.346191 0.560547 0.0830078 0.0527344
0 0.932617 0.716309 0.09375 0.0556641
0 0.854004 0.766602 0.0693359 0.0742188
0 0.696777 0.299316 0.0556641 0.100586
0 0.772461 0.37793 0.0820312 0.0644531
0 0.606934 0.492188 0.104492 0.0410156
0 0.973145 0.566406 0.0458984 0.0722656
0 0.139648 0.384277 0.0839844 0.0693359
0 0.418457 0.632812 0.0732422 0.0800781
0 0.0917969 0.463867 0.0820312 0.0585938
0 0.26416 0.416504 0.114258 0.0576172
0 0.668457 0.476074 0.0615234 0.0830078
0 0.516602 0.375977 0.109375 0.0644531
0 0.228516 0.492188 0.0820312 0.0605469
0 0.905273 0.524902 0.0585938 0.0947266
0 0.744141 0.417969 0.0761719 0.0664062
0 0.742188 0.310059 0.0683594 0.0927734
0 0.0722656 0.532715 0.0839844 0.0830078
0 0.106445 0.411133 0.113281 0.0703125
0 0.462402 0.625977 0.0888672 0.0605469
0 0.154297 0.363281 0.0742188 0.0898438
0 0.971191 0.785645 0.0576172 0.0712891
0 0.341309 0.388672 0.0654297 0.0878906
0 0.618652 0.681641 0.0576172 0.0722656
0 0.201172 0.377441 0.078125 0.0908203
0 0.522461 0.324219 0.0761719 0.0898438
0 0.777832 0.636719 0.0908203 0.0527344
0 0.0917969 0.306152 0.0957031 0.0888672
0 0.774902 0.882812 0.0712891 0.103516
0 0.296387 0.158203 0.106445 0.0898438
0 0.649902 0.753906 0.0869141 0.101562
0 0.543457 0.702148 0.0673828 0.0839844
0 0.90625 0.648438 0.0742188 0.0644531
0 0.046875 0.316895 0.078125 0.0888672
0 0.732422 0.839355 0.0839844 0.100586
0 0.575195 0.747559 0.0722656 0.0830078
0 0.652344 0.297852 0.0859375 0.0839844
0 0.535156 0.260254 0.175781 0.0849609
