0 0.753906 0.826172 0.0273438 0.0351562
0 0.84082 0.746094 0.03125 0.0214844
0 0.400879 0.553223 0.0224609 0.0263672
0 0.51416 0.523926 0.0185547 0.0302734
0 0.316895 0.624512 0.0205078 0.0419922
0 0.597656 0.389648 0.0253906 0.046875
0 0.579102 0.582031 0.0410156 0.0332031
0 0.388184 0.714844 0.0166016 0.0449219
0 0.828613 0.65625 0.0419922 0.0214844
0 0.662598 0.698242 0.0166016 0.0507812
0 0.755859 0.518066 0.0234375 0.0302734
0 0.607422 0.742188 0.0117188 0.0449219
0 0.869629 0.896484 0.0205078 0.0449219
0 0.672363 0.791016 0.0166016 0.0371094
0 0.251953 0.556152 0.0175781 0.0283203
0 0.536621 0.582031 0.0283203 0.0332031
0 0.529785 0.611328 0.0185547 0.0390625
0 0.594727 0.727051 0.0175781 0.0478516
0 0.454102 0.422852 0.015625 0.0390625
0 0.288574 0.395508 0.0263672 0.0234375
0 0.832031 0.563477 0.0253906 0.0410156
0 0.825684 0.587891 0.0322266 0.0390625
0 0.597656 0.362305 0.0273438 0.046875
0 0.665039 0.816406 0.0273438 0.0351562
0 0.783691 0.884766 0.0283203 0.0332031
0 0.626953 0.697754 0.0175781 0.0400391
0 0.480469 0.639648 0.03125 0.0234375
0 0.826172 0.720703 0.0371094 0.0214844
0 0.620117 0.521484 0.03125 0.0292969
0 0.648438 0.34668 0.0332031 0.0410156
0 0.887695 0.734375 0.03125 0.0253906
0 0.731445 0.828613 0.03125 0.0302734
0 0.544434 0.717285 0.0283203 0.0322266
0 0.759766 0.576172 0.0371094 0.03125
0 0.797363 0.477051 0.0244141 0.0263672
0 0.226562 0.408691 0.03125 0.0380859
0 0.741211 0.856445 0.0390625 0.03125
0 0.810059 0.505371 0.0419922 0.0244141
0 0.643555 0.709961 0.03125 0.0195312
0 0.650391 0.548828 0.0214844 0.0488281
0 0.446289 0.574219 0.03125 0.0527344
0 0.674805 0.608887 0.0195312 0.0439453
0 0.538086 0.500488 0.0234375 0.0458984
0 0.533203 0.349121 0.0136719 0.0458984
0 0.242188 0.535156 0.0351562 0.0195312
0 0.514648 0.400879 0.03125 0.0361328
0 0.909668 0.726562 0.0341797 0.0488281
0 0.264648 0.445312 0.0429688 0.0273438
0 0.640137 0.679688 0.0126953 0.0410156
0 0.352051 0.284668 0.0146484 0.0439453
0 0.397461 0.344238 0.0390625 0.0146484
0 0.503906 0.654297 0.0332031 0.0253906
0 0.695801 0.394531 0.0205078 0.0566406
0 0.900391 0.686035 0.0214844 0.0439453
0 0.720703 0.455566 0.0195312 0.0615234
0 0.569336 0.554688 0.0371094 0.0234375
0 0.37793 0.45752 0.0195312 0.0498047
0 0.889648 0.894531 0.0195312 0.0546875
0 0.44043 0.644531 0.0273438 0.0507812
0 0.358398 0.429199 0.0253906 0.0361328
0 0.75 0.657715 0.0214844 0.0283203
0 0.397461 0.464844 0.03125 0.0332031
0 0.734863 0.541992 0.0322266 0.0351562
0 0.726562 0.608398 0.0429688 0.03125
0 0.797852 0.936523 0.0195312 0.0429688
0 0.39209 0.429688 0.0146484 0.0234375
0 0.713867 0.399414 0.0195312 0.0546875
0 0.350098 0.314453 0.0205078 0.0371094
0 0.582031 0.660645 0.0214844 0.0322266
0 0.808594 0.621582 0.0234375 0.0341797
0 0.617188 0.43457 0.0332031 0.0175781
0 0.577637 0.716309 0.0244141 0.0263672
0 0.410156 0.686035 0.0351562 0.0400391
0 0.52832 0.541016 0.0214844 0.0332031
0 0.416504 0.368652 0.0224609 0.0361328
0 0.411133 0.709473 0.0273438 0.0166016
0 0.804688 0.864746 0.0253906 0.0361328
0 0.846191 0.709961 0.0341797 0.0390625
0 0.772949 0.612793 0.0361328 0.0458984
0 0.854492 0.872559 0.015625 0.0556641
0 0.45166 0.398926 0.0263672 0.0380859
0 0.796387 0.54541 0.0205078 0.0400391
0 0.48584 0.350586 0.0166016 0.0449219
0 0.46582 0.511719 0.0195312 0.0449219
0 0.864746 0.683105 0.0263672 0.0419922
0 0.897949 0.844238 0.0341797 0.0419922
0 0.60498 0.402832 0.0302734 0.0244141
0 0.298828 0.333008 0.0214844 0.0429688
0 0.263672 0.578613 0.0273438 0.0224609
0 0.575195 0.471191 0.0234375 0.0419922
0 0.536133 0.265137 0.0390625 0.0224609
0 0.34668 0.498535 0.0195312 0.0498047
0 0.689453 0.800781 0.0292969 0.0175781
0 0.845703 0.773926 0.0195312 0.0439453
0 0.702148 0.498535 0.0234375 0.0263672
0 0.291016 0.59668 0.0253906 0.03125
0 0.731445 0.688477 0.0429688 0.0195312
0 0.722656 0.801758 0.0390625 0.015625
0 0.59082 0.445801 0.0195312 0.0361328
0 0.644043 0.781738 0.0400391 0.0224609
0 0.444336 0.500977 0.0253906 0.0527344
0 0.851562 0.794922 0.0214844 0.0332031
0 0.637207 0.404297 0.0419922 0.0234375
0 0.583984 0.768555 0.0195312 0.0273438
0 0.550293 0.355469 0.0263672 0.0214844
0 0.425781 0.404785 0.0214844 0.0458984
0 0.887207 0.76709 0.0322266 0.0517578
0 0.864258 0.754395 0.0195312 0.0537109
0 0.277344 0.366699 0.0253906 0.0341797
0 0.555664 0.543945 0.0371094 0.0253906
0 0.757812 0.883789 0.0195312 0.0429688
0 0.90332 0.593262 0.0273438 0.0380859
0 0.362793 0.458984 0.0205078 0.0429688
0 0.49707 0.678711 0.0117188 0.0410156
0 0.591797 0.652832 0.0175781 0.0322266
0 0.821289 0.754883 0.0195312 0.046875
0 0.594727 0.684082 0.0273438 0.0244141
0 0.51123 0.562988 0.0341797 0.0166016
0 0.780273 0.446289 0.0351562 0.0214844
0 0.791504 0.910645 0.0400391 0.0263672
0 0.558105 0.700195 0.0361328 0.015625
0 0.395508 0.616699 0.0253906 0.0322266
0 0.425293 0.460938 0.0283203 0.0175781
0 0.47168 0.423828 0.015625 0.046875
0 0.657715 0.498047 0.0400391 0.0273438
0 0.697266 0.473145 0.0253906 0.0341797
0 0.744629 0.871582 0.0341797 0.0361328
0 0.860352 0.822266 0.0234375 0.0390625
0 0.28418 0.333984 0.0292969 0.046875
0 0.664062 0.643555 0.0292969 0.0292969
0 0.771484 0.495117 0.0292969 0.0390625
0 0.617676 0.667969 0.0341797 0.0195312
0 0.862305 0.640137 0.015625 0.0458984
0 0.517578 0.334961 0.0195312 0.0429688
0 0.776367 0.460938 0.03125 0.0195312
0 0.389648 0.51416 0.0273438 0.0224609
0 0.339844 0.516602 0.0234375 0.0351562
0 0.491211 0.49707 0.0332031 0.03125
0 0.303711 0.408203 0.0332031 0.0253906
0 0.437012 0.311523 0.0322266 0.0214844
0 0.854004 0.566895 0.0322266 0.0478516
0 0.624023 0.384277 0.03125 0.0244141
0 0.211426 0.411133 0.0224609 0.0410156
0 0.327148 0.470215 0.0175781 0.0341797
0 0.465332 0.462891 0.0302734 0.0488281
0 0.462402 0.33252 0.0263672 0.0322266
0 0.925293 0.719238 0.0283203 0.0615234
0 0.388184 0.369629 0.0244141 0.0361328
0 0.764648 0.799316 0.0390625 0.0166016
0 0.250488 0.429199 0.0244141 0.0380859
0 0.949707 0.27832 0.0224609 0.0742188
0 0.410645 0.446289 0.0400391 0.0175781
0 0.831543 0.614258 0.0302734 0.0390625
0 0.410645 0.305664 0.0283203 0.0449219
0 0.321777 0.521973 0.0166016 0.0400391
0 0.423828 0.350586 0.0136719 0.0429688
0 0.577637 0.625 0.0419922 0.0214844
0 0.626953 0.546875 0.0175781 0.0546875
0 0.379883 0.587402 0.0234375 0.0244141
0 0.245117 0.37793 0.015625 0.0292969
0 0.44043 0.344727 0.0214844 0.0449219
0 0.208984 0.48877 0.03125 0.0166016
0 0.490723 0.430664 0.0185547 0.0488281
0 0.51709 0.579102 0.0380859 0.0175781
0 0.787109 0.72998 0.0214844 0.0537109
0 0.384277 0.549316 0.0302734 0.0205078
0 0.772949 0.69043 0.0185547 0.0507812
0 0.230957 0.455566 0.0400391 0.0263672
0 0.399902 0.313477 0.0185547 0.0449219
0 0.97168 0.446777 0.03125 0.0517578
0 0.989746 0.48584 0.0205078 0.0380859
0 0.931641 0.8125 0.0371094 0.0292969
0 0.599121 0.478027 0.0244141 0.0380859
0 0.517578 0.607422 0.0195312 0.0371094
0 0.911621 0.61084 0.0283203 0.0478516
0 0.268066 0.416016 0.0146484 0.0371094
0 0.453613 0.358398 0.0322266 0.0292969
0 0.929688 0.479004 0.03125 0.0654297
0 0.283691 0.382324 0.0302734 0.0283203
0 0.787109 0.581055 0.0410156 0.03125
0 0.545898 0.673828 0.0371094 0.0273438
0 0.492676 0.554199 0.0322266 0.0341797
0 0.967285 0.294434 0.0166016 0.0517578
0 0.841309 0.874023 0.0185547 0.0585938
0 0.367188 0.535645 0.0195312 0.0478516
0 0.885742 0.662598 0.0195312 0.0556641
0 0.738281 0.960938 0.0253906 0.0410156
0 0.439941 0.673828 0.0224609 0.046875
0 0.915039 0.391602 0.0234375 0.0683594
0 0.967285 0.475586 0.0419922 0.0351562
0 0.676758 0.51709 0.0390625 0.0263672
0 0.815918 0.882812 0.0341797 0.03125
0 0.563477 0.752441 0.0195312 0.0478516
0 0.730469 0.506836 0.0371094 0.0390625
0 0.887695 0.623535 0.0351562 0.0400391
0 0.257324 0.49707 0.0185547 0.0429688
0 0.806152 0.539062 0.0322266 0.0507812
0 0.672363 0.751465 0.0146484 0.0439453
0 0.314453 0.430664 0.0136719 0.0410156
0 0.257324 0.381348 0.0146484 0.0322266
0 0.205566 0.464844 0.0244141 0.0390625
0 0.477051 0.390625 0.0263672 0.0273438
0 0.930176 0.626953 0.0283203 0.0410156
0 0.321777 0.558594 0.0302734 0.0449219
0 0.929199 0.373047 0.0224609 0.0546875
0 0.727539 0.783691 0.0351562 0.0263672
0 0.875 0.595703 0.0410156 0.0234375
0 0.578125 0.410645 0.0253906 0.0361328
0 0.24707 0.400391 0.0332031 0.0253906
0 0.488281 0.535645 0.0273438 0.0439453
0 0.431641 0.53125 0.0253906 0.03125
0 0.556152 0.634277 0.0439453 0.0244141
0 0.346191 0.349609 0.0322266 0.0175781
0 0.608398 0.62207 0.0136719 0.046875
0 0.794922 0.763184 0.0175781 0.0556641
0 0.662109 0.444824 0.0429688 0.0341797
0 0.237305 0.482422 0.03125 0.0214844
0 0.976074 0.216309 0.0322266 0.0576172
0 0.672852 0.675293 0.03125 0.0341797
0 0.886719 0.34668 0.0332031 0.0507812
0 0.928711 0.671875 0.03125 0.0507812
0 0.555176 0.594238 0.0283203 0.0380859
0 0.898926 0.466309 0.0361328 0.0400391
0 0.806152 0.648926 0.0380859 0.0400391
0 0.841309 0.675293 0.0458984 0.0224609
0 0.391113 0.492676 0.0341797 0.0244141
0 0.671387 0.569824 0.0224609 0.0439453
0 0.382324 0.414062 0.0361328 0.0332031
0 0.865234 0.433105 0.0332031 0.0361328
0 0.836914 0.379883 0.0273438 0.0449219
