0 0.490723 0.577148 0.0341797 0.0136719
0 0.488281 0.595215 0.0429688 0.0263672
0 0.666016 0.555176 0.0371094 0.0556641
0 0.417969 0.477539 0.0449219 0.0371094
0 0.544922 0.607422 0.0332031 0.0195312
0 0.534668 0.570312 0.0556641 0.0214844
0 0.516602 0.548828 0.046875 0.0332031
0 0.563477 0.524414 0.0449219 0.0390625
0 0.573242 0.487305 0.0234375 0.0664062
0 0.53125 0.59082 0.046875 0.0214844
0 0.55957 0.560547 0.0507812 0.0292969
0 0.587891 0.575684 0.0273438 0.0439453
0 0.539062 0.478027 0.0332031 0.0400391
