0 0.554688 0.475098 0.0429688 0.104492
0 0.520996 0.443359 0.0341797 0.152344
0 0.576172 0.291504 0.0703125 0.139648
0 0.501465 0.814941 0.0595703 0.104492
0 0.651367 0.927246 0.0996094 0.0947266
0 0.614746 0.806641 0.0927734 0.0742188
0 0.577148 0.884766 0.109375 0.117188
0 0.550293 0.564453 0.114258 0.117188
0 0.531738 0.363281 0.0537109 0.132812
0 0.458496 0.777344 0.0537109 0.164062
0 0.521484 0.254395 0.0820312 0.125977
0 0.402344 0.635742 0.0976562 0.0800781
0 0.618164 0.462402 0.0839844 0.114258
0 0.537109 0.75 0.0605469 0.140625
0 0.448242 0.269531 0.0761719 0.0566406
