0 0.665039 0.293457 0.0175781 0.0498047
0 0.683594 0.463867 0.0175781 0.0390625
0 0.626953 0.317383 0.0175781 0.0488281
0 0.629883 0.643555 0.0253906 0.0371094
0 0.548828 0.362305 0.0273438 0.0410156
0 0.626953 0.396973 0.0273438 0.0380859
0 0.611328 0.50293 0.0195312 0.0488281
0 0.64502 0.371094 0.0166016 0.0410156
0 0.637695 0.286133 0.0253906 0.0273438
0 0.416016 0.448242 0.0195312 0.0371094
0 0.634766 0.354492 0.0195312 0.0488281
0 0.64502 0.602051 0.0263672 0.0302734
0 0.582031 0.589844 0.0234375 0.0390625
0 0.448242 0.637695 0.0175781 0.0527344
0 0.587891 0.366211 0.015625 0.0410156
0 0.430176 0.605469 0.0205078 0.0449219
0 0.427734 0.706055 0.0273438 0.0253906
0 0.719727 0.443359 0.0292969 0.0273438
0 0.423828 0.615234 0.015625 0.0429688
0 0.575195 0.32959 0.0195312 0.0419922
0 0.568359 0.612305 0.0234375 0.0390625
0 0.609863 0.262695 0.0263672 0.0273438
0 0.678711 0.337402 0.0175781 0.0419922
0 0.581543 0.639648 0.0166016 0.0410156
0 0.567871 0.642578 0.0146484 0.046875
0 0.667969 0.308105 0.0195312 0.0498047
0 0.494141 0.542969 0.0273438 0.0273438
0 0.566406 0.30127 0.0195312 0.0400391
0 0.642578 0.50293 0.0234375 0.0253906
0 0.584961 0.66748 0.0273438 0.0322266
0 0.546875 0.595703 0.0273438 0.03125
0 0.662109 0.608398 0.0195312 0.0410156
0 0.523438 0.638672 0.0292969 0.03125
0 0.602539 0.305664 0.0234375 0.0234375
0 0.437012 0.675781 0.0146484 0.0546875
0 0.61084 0.548828 0.0224609 0.0351562
0 0.542969 0.39209 0.0253906 0.0263672
0 0.634766 0.610352 0.015625 0.0410156
0 0.654785 0.385742 0.0244141 0.0292969
0 0.634766 0.663574 0.03125 0.0322266
0 0.545898 0.552246 0.0292969 0.0302734
0 0.451172 0.569336 0.015625 0.046875
0 0.666016 0.404297 0.0234375 0.0292969
0 0.559082 0.399414 0.0263672 0.0292969
0 0.670898 0.461914 0.0195312 0.0390625
0 0.438965 0.587891 0.0185547 0.0429688
0 0.450684 0.425293 0.0302734 0.0400391
0 0.549316 0.30957 0.0185547 0.0566406
0 0.42334 0.652344 0.0185547 0.046875
0 0.711914 0.416504 0.0273438 0.0458984
0 0.428711 0.454102 0.0214844 0.03125
0 0.682617 0.390625 0.0214844 0.0390625
0 0.504883 0.666992 0.0214844 0.0488281
0 0.602539 0.640137 0.0292969 0.0361328
0 0.512695 0.262695 0.0253906 0.0566406
0 0.458984 0.535645 0.0214844 0.0400391
0 0.583008 0.313965 0.0234375 0.0400391
0 0.491211 0.776367 0.0175781 0.0566406
0 0.702148 0.459961 0.0175781 0.0488281
0 0.660156 0.325195 0.015625 0.046875
0 0.663086 0.509766 0.0273438 0.0273438
0 0.485352 0.512695 0.0253906 0.0332031
0 0.635254 0.26416 0.0283203 0.0439453
0 0.526855 0.698242 0.0224609 0.0292969
0 0.489258 0.723633 0.0195312 0.0488281
0 0.572266 0.59082 0.0273438 0.0332031
0 0.657715 0.347168 0.0205078 0.0478516
0 0.431641 0.52002 0.0273438 0.0302734
0 0.647949 0.480469 0.0224609 0.0429688
0 0.520508 0.376465 0.0175781 0.0439453
0 0.59375 0.286621 0.0292969 0.0302734
0 0.619141 0.467773 0.0253906 0.0332031
0 0.734375 0.425293 0.0234375 0.0380859
0 0.672852 0.371582 0.0175781 0.0400391
0 0.683105 0.505859 0.0185547 0.046875
0 0.413574 0.489258 0.0166016 0.0488281
0 0.615234 0.282227 0.0195312 0.0429688
0 0.483398 0.691406 0.0175781 0.046875
0 0.541992 0.674316 0.0175781 0.0439453
0 0.606445 0.34082 0.0234375 0.0527344
0 0.52002 0.510254 0.0263672 0.0361328
0 0.629883 0.424316 0.0136719 0.0439453
0 0.574707 0.360352 0.0185547 0.0429688
0 0.464355 0.518555 0.0244141 0.0371094
0 0.43457 0.490723 0.0175781 0.0439453
0 0.599609 0.621582 0.0253906 0.0380859
0 0.705078 0.655762 0.0195312 0.0458984
0 0.719727 0.481934 0.0253906 0.0361328
0 0.648438 0.557617 0.0195312 0.0449219
0 0.601074 0.236816 0.0302734 0.0302734
0 0.682617 0.664551 0.0292969 0.0302734
0 0.59668 0.513672 0.0175781 0.046875
0 0.699219 0.359863 0.0292969 0.0283203
0 0.655273 0.433594 0.0292969 0.0273438
0 0.40625 0.424316 0.0273438 0.0341797
0 0.683594 0.564453 0.0253906 0.0429688
0 0.471191 0.552734 0.0224609 0.0390625
0 0.707031 0.390625 0.0292969 0.0273438
0 0.506836 0.369141 0.0253906 0.0390625
0 0.467285 0.745117 0.0185547 0.0527344
0 0.724609 0.338379 0.0195312 0.0478516
0 0.419434 0.408691 0.0185547 0.0537109
0 0.78418 0.498535 0.0253906 0.0419922
0 0.520508 0.402344 0.0214844 0.0410156
0 0.712891 0.615234 0.03125 0.0292969
0 0.706055 0.518555 0.0175781 0.0527344
