0 0.465332 0.720215 0.0322266 0.0146484
0 0.467773 0.642578 0.0273438 0.0136719
0 0.508789 0.51709 0.0175781 0.0166016
0 0.611816 0.645996 0.0166016 0.0244141
0 0.308594 0.583984 0.0390625 0.0117188
0 0.626465 0.40625 0.0166016 0.0214844
0 0.53125 0.525879 0.03125 0.0126953
0 0.54248 0.629395 0.0244141 0.0244141
0 0.293945 0.592285 0.0332031 0.0126953
0 0.245605 0.461426 0.0126953 0.0205078
0 0.524902 0.499023 0.0205078 0.0214844
0 0.576172 0.77832 0.0136719 0.0234375
0 0.343262 0.640137 0.0341797 0.0146484
0 0.417969 0.608887 0.0292969 0.0146484
0 0.513672 0.507812 0.0195312 0.0214844
0 0.51123 0.804688 0.0263672 0.0214844
0 0.466309 0.712402 0.0341797 0.0322266
0 0.450195 0.574707 0.0234375 0.0283203
0 0.42334 0.597168 0.0224609 0.0185547
0 0.500488 0.634277 0.0146484 0.0205078
0 0.345215 0.549805 0.0322266 0.0117188
0 0.399902 0.648438 0.0361328 0.0136719
0 0.426758 0.557129 0.0214844 0.0224609
0 0.18457 0.588379 0.0234375 0.0283203
0 0.407715 0.54248 0.0185547 0.0263672
0 0.595703 0.662109 0.03125 0.015625
0 0.423828 0.617188 0.0253906 0.0214844
0 0.46875 0.753906 0.0253906 0.0253906
0 0.333984 0.620117 0.0292969 0.015625
0 0.533203 0.51416 0.0273438 0.0185547
0 0.39209 0.532715 0.0283203 0.0224609
0 0.304688 0.600586 0.0234375 0.0253906
0 0.460938 0.73291 0.0371094 0.0126953
0 0.29834 0.388184 0.0244141 0.0224609
0 0.382812 0.565918 0.03125 0.0146484
0 0.522949 0.572754 0.0322266 0.0146484
0 0.526367 0.630371 0.0273438 0.0205078
0 0.43457 0.535645 0.0351562 0.0126953
0 0.48291 0.630371 0.0224609 0.0224609
0 0.37207 0.611328 0.03125 0.015625
0 0.310059 0.667969 0.0380859 0.0175781
0 0.447754 0.630371 0.0322266 0.0166016
0 0.277344 0.638672 0.0273438 0.0234375
0 0.533691 0.539062 0.0283203 0.015625
0 0.539551 0.59668 0.0283203 0.0195312
0 0.507324 0.550293 0.0263672 0.0205078
0 0.345215 0.56543 0.0341797 0.0195312
