0 0.828125 0.168945 0.0332031 0.0410156
0 0.351562 0.819824 0.0234375 0.0458984
0 0.539551 0.147461 0.0302734 0.0292969
0 0.429199 0.708984 0.0400391 0.03125
0 0.416016 0.749512 0.0390625 0.0400391
0 0.990723 0.598633 0.0185547 0.0429688
0 0.810547 0.370117 0.0371094 0.0273438
0 0.429688 0.691895 0.0449219 0.0224609
0 0.643066 0.507324 0.0185547 0.0478516
0 0.34375 0.795898 0.0390625 0.0390625
0 0.561523 0.416016 0.0449219 0.0332031
0 0.451172 0.359375 0.0234375 0.0507812
0 0.65918 0.646973 0.03125 0.0341797
0 0.677734 0.665527 0.03125 0.0400391
0 0.420898 0.364258 0.0253906 0.046875
0 0.376953 0.48584 0.0214844 0.0419922
0 0.62793 0.300293 0.03125 0.0322266
0 0.397461 0.604492 0.0292969 0.03125
0 0.700684 0.435547 0.0380859 0.0292969
0 0.663086 0.522461 0.0351562 0.0292969
0 0.56543 0.5 0.0351562 0.0351562
0 0.481445 0.441406 0.0273438 0.0429688
0 0.518555 0.469727 0.0390625 0.0371094
0 0.526367 0.657227 0.0292969 0.0351562
0 0.577148 0.606445 0.03125 0.0429688
