0 0.738281 0.186035 0.0585938 0.0712891
0 0.602539 0.074707 0.0410156 0.0927734
0 0.839844 0.36084 0.0742188 0.0615234
0 0.705078 0.390137 0.0488281 0.0927734
0 0.746094 0.800781 0.046875 0.046875
0 0.59082 0.746582 0.0292969 0.0908203
0 0.561523 0.335449 0.0605469 0.0419922
0 0.573242 0.13623 0.0449219 0.0869141
0 0.416992 0.744629 0.0410156 0.0849609
0 0.476562 0.234375 0.0742188 0.0703125
0 0.43457 0.688477 0.0664062 0.0410156
0 0.418945 0.427734 0.0566406 0.0996094
0 0.339844 0.443359 0.0703125 0.0703125
0 0.675293 0.473633 0.0830078 0.0449219
0 0.630859 0.391113 0.0585938 0.0498047
0 0.456055 0.51123 0.0683594 0.0986328
0 0.720703 0.533691 0.0429688 0.0712891
0 0.368652 0.677246 0.0556641 0.0556641
0 0.619141 0.693359 0.0625 0.0703125
0 0.431641 0.822266 0.0351562 0.09375
0 0.675781 0.820312 0.0703125 0.0507812
0 0.388672 0.557617 0.046875 0.0878906
0 0.827148 0.440918 0.0644531 0.0537109
0 0.789062 0.639648 0.0507812 0.078125
0 0.87207 0.466309 0.0761719 0.0458984
0 0.727539 0.745117 0.0488281 0.0878906
0 0.670898 0.791016 0.0605469 0.03125
0 0.535645 0.65332 0.0322266 0.0800781
0 0.52832 0.46875 0.0488281 0.0839844
0 0.510742 0.580078 0.0644531 0.0625
