0 0.356445 0.53125 0.0175781 0.03125
0 0.411621 0.636719 0.0185547 0.0292969
0 0.377441 0.592773 0.0361328 0.015625
0 0.354492 0.556641 0.0273438 0.0234375
0 0.54541 0.600586 0.0361328 0.0253906
0 0.544922 0.35498 0.0136719 0.0361328
0 0.369141 0.560059 0.015625 0.0302734
0 0.388184 0.629395 0.0185547 0.0361328
0 0.340332 0.529785 0.0380859 0.0205078
0 0.420898 0.623047 0.0175781 0.0390625
0 0.397949 0.611816 0.0185547 0.0380859
0 0.701172 0.586914 0.0214844 0.0527344
0 0.375977 0.582031 0.0351562 0.0175781
0 0.528809 0.307617 0.0205078 0.0410156
0 0.58252 0.606445 0.0263672 0.0449219
0 0.499023 0.573242 0.0332031 0.0195312
0 0.407715 0.688477 0.0302734 0.03125
0 0.577148 0.346191 0.0292969 0.0185547
0 0.445312 0.608887 0.0351562 0.0283203
0 0.495117 0.505859 0.0234375 0.03125
0 0.504395 0.394043 0.0224609 0.0302734
0 0.444336 0.464355 0.0234375 0.0322266
0 0.532227 0.62793 0.0292969 0.0273438
