1 0.538574 0.456055 0.0634766 0.101562
0 0.428223 0.475098 0.0751953 0.0732422
0 0.229492 0.522461 0.0546875 0.0566406
0 0.539062 0.455566 0.0625 0.102539
0 0.527832 0.792969 0.0908203 0.0878906
0 0.260742 0.710449 0.0371094 0.0849609
0 0.475586 0.867676 0.0742188 0.0888672
0 0.549316 0.678711 0.0751953 0.0449219
0 0.750977 0.69043 0.0625 0.105469
0 0.691895 0.456055 0.0693359 0.0644531
0 0.566895 0.378418 0.0927734 0.0732422
0 0.610352 0.768066 0.0820312 0.0888672
0 0.495605 0.671875 0.0556641 0.0664062
0 0.484863 0.4375 0.0458984 0.078125
0 0.294922 0.677246 0.0625 0.0830078
0 0.591797 0.885742 0.0722656 0.105469
0 0.445801 0.875 0.0595703 0.0703125
