0 0.638672 0.528809 0.0332031 0.0341797
0 0.527344 0.667969 0.0839844 0.0332031
0 0.217773 0.635254 0.0371094 0.0537109
0 0.856934 0.314453 0.0947266 0.0351562
0 0.489258 0.341797 0.0742188 0.0390625
0 0.61084 0.841797 0.0556641 0.0292969
0 0.564941 0.512695 0.0830078 0.03125
0 0.311523 0.407715 0.0449219 0.0537109
0 0.880859 0.480957 0.0742188 0.0302734
0 0.618164 0.878906 0.0410156 0.0410156
0 0.734375 0.48877 0.0722656 0.0380859
0 0.876953 0.445312 0.0625 0.0527344
0 0.474609 0.280762 0.0546875 0.0478516
0 0.279297 0.491211 0.046875 0.0546875
0 0.25 0.361328 0.0664062 0.0449219
0 0.892578 0.626953 0.0488281 0.0605469
0 0.667969 0.299316 0.0742188 0.0439453
0 0.529297 0.746094 0.0429688 0.0546875
0 0.192871 0.663574 0.0380859 0.0556641
0 0.380371 0.587891 0.0537109 0.0546875
0 0.639648 0.628418 0.0449219 0.0634766
0 0.450195 0.755859 0.0585938 0.0371094
0 0.434082 0.837402 0.0478516 0.0478516
