0 0.511719 0.564453 0.015625 0.0234375
0 0.489746 0.603516 0.0185547 0.0273438
0 0.501465 0.633789 0.0126953 0.0292969
0 0.463379 0.543457 0.0185547 0.0146484
0 0.553711 0.566406 0.0136719 0.0195312
0 0.520508 0.618164 0.0214844 0.0253906
0 0.454102 0.536133 0.00976562 0.0332031
0 0.494141 0.535156 0.015625 0.0234375
0 0.59375 0.511719 0.0234375 0.03125
0 0.535645 0.60791 0.0166016 0.0224609
0 0.463379 0.554688 0.0166016 0.0175781
0 0.415039 0.537598 0.0175781 0.0205078
0 0.498047 0.45752 0.0117188 0.0302734
0 0.514648 0.616211 0.0175781 0.0234375
0 0.463867 0.476562 0.015625 0.0292969
0 0.530273 0.611328 0.0136719 0.0273438
0 0.49707 0.544922 0.0117188 0.03125
0 0.504883 0.595703 0.0195312 0.0273438
0 0.483398 0.601562 0.00976562 0.0273438
0 0.500977 0.780273 0.0136719 0.0351562
0 0.503418 0.54248 0.0107422 0.0302734
0 0.520508 0.652344 0.0175781 0.03125
0 0.548828 0.637695 0.0195312 0.0214844
0 0.651855 0.437012 0.0224609 0.0146484
0 0.432129 0.532715 0.0185547 0.0263672
0 0.479492 0.536133 0.00976562 0.0253906
0 0.616211 0.424805 0.0214844 0.0175781
0 0.48291 0.571289 0.0205078 0.0214844
0 0.464844 0.437988 0.0214844 0.0146484
0 0.47168 0.529297 0.0175781 0.015625
0 0.603027 0.427734 0.0107422 0.0273438
0 0.508789 0.785156 0.0175781 0.03125
0 0.495117 0.599609 0.0136719 0.0273438
0 0.566406 0.40625 0.0175781 0.03125
0 0.487305 0.441406 0.0136719 0.0351562
0 0.512695 0.413574 0.00976562 0.0263672
0 0.311035 0.632324 0.0263672 0.0283203
0 0.501953 0.426758 0.0195312 0.0175781
0 0.510742 0.653809 0.0175781 0.0322266
0 0.526855 0.616699 0.0126953 0.0283203
0 0.447266 0.536133 0.0117188 0.0332031
0 0.494141 0.524902 0.0195312 0.0185547
0 0.452148 0.470215 0.0136719 0.0322266
0 0.587891 0.461914 0.0195312 0.0175781
0 0.523438 0.539062 0.0273438 0.015625
0 0.557617 0.631836 0.0175781 0.0214844
0 0.523926 0.446289 0.0263672 0.0136719
0 0.538574 0.569336 0.0244141 0.015625
0 0.582031 0.550781 0.0117188 0.0273438
0 0.649414 0.407227 0.0195312 0.0253906
0 0.564453 0.45459 0.015625 0.0322266
0 0.405762 0.578613 0.0224609 0.0185547
0 0.550781 0.428711 0.0234375 0.0175781
0 0.463379 0.427734 0.0185547 0.0195312
0 0.507812 0.510742 0.015625 0.0292969
0 0.539062 0.629395 0.0195312 0.0244141
0 0.573242 0.638672 0.0214844 0.015625
0 0.633789 0.618164 0.00976562 0.0273438
0 0.620605 0.437988 0.0224609 0.0146484
0 0.558594 0.452637 0.0117188 0.0322266
0 0.433105 0.51416 0.0263672 0.0205078
0 0.580078 0.415039 0.0117188 0.0332031
0 0.506836 0.577637 0.0214844 0.0224609
0 0.507812 0.628418 0.0117188 0.0302734
0 0.615234 0.416992 0.0195312 0.0195312
0 0.418945 0.506836 0.0214844 0.0136719
0 0.489258 0.366211 0.0214844 0.0175781
0 0.475586 0.594238 0.00976562 0.0341797
0 0.640625 0.443359 0.0214844 0.0273438
0 0.480957 0.554688 0.0263672 0.015625
0 0.405273 0.624023 0.0195312 0.0332031
0 0.416992 0.71582 0.0253906 0.0234375
0 0.547852 0.546875 0.0136719 0.0292969
0 0.381836 0.632812 0.0136719 0.0273438
0 0.470703 0.45752 0.0253906 0.0263672
0 0.645508 0.42334 0.0253906 0.0126953
0 0.516113 0.764648 0.0107422 0.0332031
0 0.382324 0.607422 0.0126953 0.03125
0 0.431152 0.273438 0.0107422 0.0351562
0 0.556641 0.601074 0.0234375 0.0185547
0 0.410156 0.516602 0.0175781 0.0214844
0 0.419922 0.552734 0.0195312 0.015625
0 0.490234 0.473633 0.00976562 0.0332031
0 0.551758 0.586914 0.0214844 0.0214844
0 0.506348 0.491211 0.0146484 0.0273438
0 0.509277 0.469727 0.0205078 0.0253906
0 0.436523 0.549805 0.00976562 0.0292969
0 0.765625 0.410156 0.0332031 0.0195312
0 0.462891 0.501953 0.00976562 0.0273438
0 0.56543 0.568359 0.0214844 0.0234375
0 0.636719 0.40332 0.015625 0.0332031
0 0.489258 0.631836 0.0136719 0.0332031
0 0.522461 0.428711 0.0214844 0.0195312
0 0.398438 0.606934 0.0234375 0.0224609
0 0.466309 0.517578 0.0205078 0.0234375
0 0.521484 0.556641 0.0234375 0.0195312
0 0.423828 0.595215 0.0195312 0.0244141
0 0.504883 0.394043 0.0117188 0.0302734
0 0.52832 0.589844 0.0214844 0.0234375
0 0.513672 0.700195 0.0136719 0.0292969
0 0.509766 0.716309 0.0117188 0.0302734
0 0.584961 0.446777 0.0253906 0.0146484
0 0.489746 0.65625 0.0146484 0.03125
0 0.75293 0.425293 0.0332031 0.0244141
0 0.513184 0.679688 0.0244141 0.0136719
0 0.394043 0.533203 0.0283203 0.0195312
0 0.587402 0.399414 0.0166016 0.0292969
0 0.431641 0.572266 0.0214844 0.0214844
0 0.599609 0.390137 0.0117188 0.0322266
0 0.637695 0.602539 0.0253906 0.0195312
0 0.395996 0.517578 0.0205078 0.0234375
0 0.411133 0.564941 0.0214844 0.0244141
0 0.629883 0.583496 0.0175781 0.0263672
0 0.490723 0.510254 0.0166016 0.0302734
0 0.518555 0.530273 0.0214844 0.0175781
0 0.545898 0.415527 0.0214844 0.0224609
0 0.655762 0.471191 0.0302734 0.0244141
0 0.47168 0.392578 0.0234375 0.0214844
0 0.610352 0.597656 0.0136719 0.0371094
0 0.592773 0.428223 0.0195312 0.0263672
0 0.528809 0.512207 0.0244141 0.0185547
0 0.49707 0.409668 0.0214844 0.0205078
0 0.474609 0.654297 0.0195312 0.015625
0 0.454102 0.566895 0.0214844 0.0185547
