0 0.496094 0.520508 0.0195312 0.0175781
0 0.49707 0.610352 0.015625 0.0175781
0 0.509766 0.629395 0.0175781 0.0361328
0 0.483887 0.545898 0.0166016 0.0214844
0 0.508789 0.408203 0.0292969 0.0253906
0 0.458008 0.0273438 0.0292969 0.0410156
0 0.498047 0.476562 0.0234375 0.0136719
0 0.570801 0.553223 0.0224609 0.0244141
0 0.460449 0.570312 0.0185547 0.0234375
0 0.473633 0.273438 0.0175781 0.0175781
0 0.479492 0.736328 0.0195312 0.0214844
0 0.486816 0.418945 0.0224609 0.0136719
0 0.641113 0.474609 0.0283203 0.0195312
0 0.523438 0.592285 0.0214844 0.0205078
0 0.470215 0.40918 0.0126953 0.0332031
0 0.32959 0.483887 0.0224609 0.0322266
0 0.603516 0.532227 0.0117188 0.03125
0 0.457031 0.65918 0.0253906 0.0273438
0 0.470703 0.597168 0.0234375 0.0205078
0 0.577148 0.525391 0.0332031 0.015625
0 0.367676 0.526367 0.0263672 0.0195312
0 0.415039 0.51416 0.0292969 0.0205078
0 0.525391 0.44873 0.0214844 0.0244141
0 0.477539 0.461914 0.0253906 0.015625
0 0.542969 0.585938 0.0253906 0.0195312
0 0.48584 0.390137 0.0146484 0.0322266
0 0.634766 0.496094 0.015625 0.0332031
0 0.458984 0.472656 0.0292969 0.0273438
0 0.603516 0.482422 0.0292969 0.0175781
0 0.633301 0.456543 0.0263672 0.0166016
0 0.483398 0.62793 0.0253906 0.0214844
0 0.455566 0.399414 0.0185547 0.0527344
0 0.529297 0.490723 0.0214844 0.0224609
0 0.476562 0.382812 0.0117188 0.0292969
0 0.402344 0.44873 0.0292969 0.0166016
0 0.394531 0.509277 0.0136719 0.0361328
0 0.482422 0.581055 0.0253906 0.0175781
0 0.539062 0.424805 0.0273438 0.0175781
0 0.499512 0.439453 0.0302734 0.0214844
0 0.588379 0.455566 0.0126953 0.0439453
0 0.499512 0.400391 0.0224609 0.0214844
0 0.392578 0.556152 0.0136719 0.0302734
0 0.487305 0.559082 0.0234375 0.0166016
0 0.558594 0.467285 0.0234375 0.0361328
0 0.550781 0.486816 0.0214844 0.0185547
0 0.598145 0.505859 0.0263672 0.0273438
0 0.308594 0.458008 0.015625 0.0429688
0 0.562012 0.452637 0.0205078 0.0244141
0 0.534668 0.60791 0.0263672 0.0205078
0 0.500488 0.375 0.0205078 0.03125
0 0.604004 0.464844 0.0283203 0.0214844
0 0.494141 0.492676 0.03125 0.0205078
0 0.293945 0.466797 0.00976562 0.0371094
0 0.547363 0.413086 0.0224609 0.0214844
