0 0.333984 0.465332 0.0625 0.0654297
0 0.575195 0.669434 0.0585938 0.0712891
0 0.481934 0.660645 0.0615234 0.0673828
0 0.304199 0.667969 0.0751953 0.0625
0 0.340332 0.305664 0.0517578 0.107422
0 0.46582 0.433105 0.0410156 0.118164
0 0.400879 0.397461 0.0380859 0.0683594
0 0.519043 0.603516 0.0576172 0.121094
0 0.423828 0.540039 0.0410156 0.111328
0 0.246094 0.585938 0.0898438 0.0546875
0 0.289551 0.547363 0.0361328 0.0849609
0 0.48877 0.510742 0.0673828 0.0449219
0 0.40918 0.364258 0.0683594 0.0292969
0 0.451172 0.724609 0.0429688 0.0820312
0 0.564941 0.621094 0.0458984 0.117188
0 0.373047 0.248047 0.0507812 0.0742188
0 0.368164 0.333496 0.0371094 0.0810547
0 0.3125 0.528809 0.0351562 0.104492
0 0.501953 0.396484 0.0507812 0.15625
0 0.390137 0.680664 0.0498047 0.0761719
0 0.435059 0.431641 0.0283203 0.0898438
0 0.401367 0.228027 0.0253906 0.0927734
0 0.44043 0.645508 0.0292969 0.0996094
0 0.378418 0.641602 0.0595703 0.0488281
0 0.341309 0.530273 0.0419922 0.0839844
0 0.365234 0.584473 0.0410156 0.0966797
0 0.52002 0.733398 0.0576172 0.0957031
0 0.539062 0.517578 0.0585938 0.0957031
0 0.469238 0.557617 0.0361328 0.119141
0 0.375 0.746094 0.0546875 0.0742188
0 0.602539 0.540039 0.0703125 0.0527344
