0 0.508789 0.728516 0.0507812 0.0273438
0 0.0498047 0.620605 0.0449219 0.0380859
0 0.518555 0.711914 0.0429688 0.03125
0 0.248535 0.696777 0.0419922 0.0263672
0 0.378906 0.843262 0.0625 0.0224609
0 0.169434 0.640137 0.0400391 0.0361328
0 0.509277 0.911621 0.0849609 0.0302734
0 0.151855 0.872559 0.0595703 0.0615234
0 0.0600586 0.68457 0.0400391 0.0410156
0 0.217773 0.693359 0.0292969 0.0351562
0 0.107422 0.705078 0.0585938 0.0292969
0 0.457031 0.830078 0.0292969 0.046875
0 0.414551 0.606445 0.0380859 0.0175781
0 0.251953 0.628906 0.046875 0.0175781
0 0.246094 0.763184 0.0410156 0.0419922
0 0.26709 0.849121 0.0283203 0.0322266
0 0.518066 0.769531 0.0869141 0.0253906
0 0.0708008 0.627441 0.0498047 0.0283203
0 0.344727 0.611328 0.0566406 0.0292969
0 0.419434 0.870605 0.0615234 0.0341797
0 0.408203 0.757324 0.0546875 0.0244141
0 0.318359 0.689453 0.0488281 0.0234375
0 0.161133 0.656738 0.0429688 0.0380859
0 0.253418 0.651367 0.0341797 0.0292969
0 0.34668 0.944824 0.0644531 0.0322266
0 0.18457 0.87207 0.0410156 0.0546875
0 0.40918 0.692871 0.0507812 0.0419922
0 0.268066 0.898926 0.0595703 0.0400391
0 0.382324 0.856445 0.0712891 0.0234375
0 0.512695 0.649902 0.0234375 0.0419922
0 0.165527 0.85791 0.0576172 0.0380859
0 0.455078 0.588867 0.046875 0.0292969
0 0.171387 0.831543 0.0498047 0.0263672
0 0.529785 0.657715 0.0244141 0.0498047
0 0.253418 0.677246 0.0439453 0.0263672
0 0.526855 0.870117 0.0673828 0.0351562
0 0.209961 0.866211 0.0234375 0.0546875
0 0.262207 0.719727 0.0400391 0.0234375
0 0.509766 0.749023 0.0527344 0.0234375
0 0.388672 0.89502 0.0429688 0.0556641
0 0.212402 0.91748 0.0654297 0.0322266
0 0.216309 0.657715 0.0380859 0.0263672
0 0.461426 0.785156 0.0361328 0.0527344
0 0.405273 0.957031 0.0703125 0.0371094
0 0.423828 0.580566 0.0449219 0.0244141
0 0.345215 0.552734 0.0576172 0.0253906
0 0.358398 0.736816 0.0585938 0.0205078
0 0.381348 0.575684 0.0537109 0.0244141
0 0.335449 0.582031 0.0498047 0.0332031
0 0.380371 0.810547 0.0576172 0.0371094
0 0.448242 0.704102 0.0410156 0.0390625
0 0.288574 0.936523 0.102539 0.0390625
0 0.331055 0.891113 0.0585938 0.0322266
0 0.33252 0.909668 0.0634766 0.0263672
0 0.165039 0.760742 0.0351562 0.0351562
0 0.242188 0.853516 0.046875 0.0625
0 0.326172 0.791992 0.0546875 0.03125
0 0.251953 0.58252 0.046875 0.0302734
0 0.333984 0.664062 0.0214844 0.0371094
0 0.28418 0.708496 0.0234375 0.0380859
0 0.477539 0.586914 0.046875 0.03125
0 0.331543 0.77002 0.0537109 0.0224609
0 0.424805 0.978027 0.0527344 0.0439453
0 0.349121 0.870117 0.0693359 0.0195312
0 0.220215 0.817383 0.0537109 0.0429688
0 0.486328 0.620605 0.0332031 0.0361328
0 0.138184 0.669922 0.0224609 0.0527344
0 0.435059 0.777344 0.0263672 0.0449219
0 0.100586 0.792969 0.0449219 0.0371094
0 0.537598 0.897949 0.0673828 0.0361328
0 0.416016 0.84082 0.0625 0.0429688
0 0.537109 0.824219 0.0585938 0.0332031
0 0.575195 0.743164 0.0722656 0.0351562
0 0.438477 0.616211 0.0214844 0.0449219
0 0.177246 0.683594 0.0673828 0.0332031
0 0.323242 0.712402 0.0527344 0.0341797
0 0.577637 0.720703 0.0576172 0.0390625
0 0.126953 0.761719 0.0546875 0.0175781
0 0.484863 0.706543 0.0576172 0.0302734
0 0.525879 0.799316 0.0615234 0.0283203
0 0.392578 0.941406 0.0722656 0.046875
0 0.475098 0.840332 0.0439453 0.0458984
0 0.270996 0.806152 0.0615234 0.0263672
0 0.464355 0.92334 0.0810547 0.0380859
0 0.0439453 0.783691 0.0625 0.0322266
0 0.48877 0.855957 0.0556641 0.0322266
0 0.397461 0.634277 0.0546875 0.0263672
0 0.562988 0.827637 0.0615234 0.0380859
0 0.0874023 0.828613 0.0654297 0.0322266
0 0.583496 0.926758 0.0732422 0.0507812
0 0.505371 0.685547 0.0576172 0.0332031
0 0.540039 0.626465 0.0371094 0.0556641
0 0.464844 0.631348 0.0253906 0.0498047
0 0.543945 0.717773 0.0234375 0.046875
0 0.142578 0.775391 0.0527344 0.0175781
0 0.459961 0.740723 0.0585938 0.0283203
0 0.411133 0.72998 0.0527344 0.0302734
0 0.585938 0.777344 0.0449219 0.0566406
0 0.389648 0.713379 0.0273438 0.0361328
0 0.364258 0.757812 0.0664062 0.0253906
0 0.180664 0.79248 0.0722656 0.0224609
0 0.0507812 0.760742 0.0605469 0.03125
0 0.560547 0.866699 0.0429688 0.0517578
0 0.313965 0.621582 0.0576172 0.0263672
0 0.116699 0.640137 0.0361328 0.0439453
0 0.392578 0.557617 0.0449219 0.0371094
0 0.118652 0.810547 0.0361328 0.0390625
0 0.438477 0.555664 0.0566406 0.0410156
0 0.430664 0.665039 0.0371094 0.0390625
0 0.0649414 0.793945 0.0673828 0.0273438
0 0.210938 0.748047 0.0292969 0.0605469
0 0.117676 0.671875 0.0263672 0.0527344
0 0.405273 0.51416 0.0664062 0.0224609
0 0.247559 0.727539 0.0576172 0.0351562
0 0.173828 0.718262 0.03125 0.0458984
0 0.309082 0.663574 0.0458984 0.0439453
0 0.263672 0.921387 0.0644531 0.0341797
0 0.613281 0.678711 0.0683594 0.0234375
0 0.757812 0.677734 0.0351562 0.0527344
0 0.66748 0.65918 0.0263672 0.0507812
0 0.712402 0.616211 0.0615234 0.0253906
0 0.670898 0.614258 0.0390625 0.0390625
0 0.322266 0.53418 0.0371094 0.0390625
0 0.0336914 0.818848 0.0615234 0.0283203
0 0.375488 0.652344 0.0322266 0.0410156
0 0.356934 0.688965 0.0361328 0.0400391
0 0.152344 0.820801 0.0585938 0.0302734
0 0.03125 0.747559 0.0585938 0.0556641
0 0.619629 0.718262 0.0341797 0.0537109
0 0.287109 0.763672 0.0488281 0.0371094
