1 0.419922 0.646973 0.0449219 0.0810547
0 0.42041 0.647461 0.0439453 0.0761719
1 0.319336 0.586914 0.0625 0.0761719
0 0.582031 0.719727 0.0742188 0.0175781
0 0.556641 0.555664 0.0214844 0.0351562
0 0.318359 0.586914 0.0625 0.0761719
0 0.581055 0.632324 0.0136719 0.0341797
0 0.106934 0.280273 0.0224609 0.0332031
0 0.641602 0.725586 0.0214844 0.0625
0 0.344238 0.519531 0.0498047 0.0585938
0 0.463379 0.564453 0.0458984 0.0410156
0 0.462891 0.67041 0.046875 0.0478516
0 0.639648 0.544434 0.0253906 0.0341797
