0 0.184082 0.341797 0.0947266 0.046875
0 0.544922 0.301758 0.0507812 0.0507812
0 0.406738 0.132324 0.0439453 0.0908203
0 0.163574 0.402832 0.0283203 0.0869141
0 0.326172 0.197266 0.0527344 0.0722656
0 0.209961 0.510254 0.0527344 0.0498047
0 0.267578 0.478516 0.0234375 0.0976562
0 0.408691 0.31543 0.0341797 0.046875
0 0.197266 0.410645 0.046875 0.0693359
0 0.208008 0.578613 0.0292969 0.0908203
0 0.617188 0.556641 0.0273438 0.107422
0 0.290527 0.904297 0.0478516 0.0507812
0 0.655273 0.486328 0.03125 0.121094
0 0.444336 0.530273 0.0449219 0.0527344
0 0.642578 0.213867 0.0566406 0.0410156
0 0.278809 0.59375 0.0517578 0.0625
