0 0.259766 0.466797 0.0429688 0.0527344
0 0.254883 0.447266 0.0273438 0.0507812
0 0.613281 0.475586 0.0429688 0.0507812
0 0.582031 0.624023 0.046875 0.0449219
0 0.381348 0.546875 0.0322266 0.0546875
0 0.593262 0.597656 0.0498047 0.0390625
0 0.601074 0.460449 0.0458984 0.0595703
0 0.526367 0.164551 0.0429688 0.0517578
0 0.671875 0.499023 0.0527344 0.046875
0 0.616211 0.327637 0.046875 0.0517578
0 0.102051 0.521973 0.0380859 0.0751953
0 0.397461 0.600586 0.0351562 0.0722656
0 0.60791 0.729492 0.0517578 0.0625
0 0.182129 0.775879 0.0419922 0.0537109
0 0.60791 0.127441 0.0419922 0.0673828
0 0.440918 0.734375 0.0322266 0.0742188
0 0.746094 0.499023 0.0566406 0.0429688
0 0.55957 0.880859 0.03125 0.0644531
0 0.400391 0.325195 0.0351562 0.0703125
0 0.670898 0.737793 0.0390625 0.0732422
0 0.406738 0.674805 0.0361328 0.0703125
0 0.591309 0.856934 0.0380859 0.0693359
