0 0.555664 0.498047 0.0273438 0.113281
0 0.722656 0.664551 0.0605469 0.110352
0 0.646973 0.765137 0.0517578 0.0986328
0 0.590332 0.433594 0.0576172 0.0976562
0 0.758789 0.572266 0.0546875 0.101562
0 0.588867 0.573242 0.09375 0.130859
0 0.507812 0.356445 0.0917969 0.275391
0 0.619141 0.398438 0.0957031 0.078125
0 0.184082 0.714355 0.0810547 0.0693359
0 0.53418 0.582031 0.0351562 0.119141
0 0.587891 0.313477 0.0917969 0.115234
0 0.580566 0.758789 0.0810547 0.0507812
0 0.453613 0.541016 0.0849609 0.136719
0 0.531738 0.740723 0.0517578 0.163086
0 0.762207 0.782715 0.0634766 0.12207
0 0.620117 0.245117 0.101562 0.0722656
0 0.640625 0.514648 0.103516 0.0917969
0 0.35791 0.588867 0.12793 0.134766
0 0.501465 0.581055 0.0595703 0.130859
0 0.20459 0.655273 0.0654297 0.105469
0 0.623047 0.837402 0.0351562 0.120117
0 0.310059 0.723145 0.0439453 0.12207
0 0.217773 0.785156 0.0683594 0.130859
0 0.782715 0.341309 0.0380859 0.133789
