0 0.625 0.291016 0.0214844 0.0507812
0 0.383789 0.0195312 0.0410156 0.0390625
0 0.73877 0.297852 0.0283203 0.0527344
0 0.54541 0.632812 0.0205078 0.0488281
0 0.305176 0.484863 0.0419922 0.0478516
0 0.755859 0.625488 0.0410156 0.0595703
0 0.566406 0.692383 0.0390625 0.0625
0 0.61377 0.783203 0.0341797 0.0625
0 0.694824 0.458008 0.0341797 0.0566406
0 0.532227 0.428223 0.0546875 0.0302734
0 0.71582 0.630371 0.0429688 0.0517578
0 0.427246 0.422852 0.0478516 0.0292969
0 0.459961 0.848145 0.0195312 0.0712891
0 0.424316 0.511719 0.0224609 0.0566406
0 0.536133 0.723145 0.0410156 0.0498047
