0 0.561035 0.29541 0.0322266 0.0498047
0 0.376465 0.421875 0.0361328 0.0546875
0 0.748047 0.521484 0.0351562 0.0722656
0 0.78125 0.608398 0.0605469 0.0371094
0 0.436035 0.728027 0.0439453 0.0771484
0 0.603027 0.476562 0.0458984 0.0625
0 0.223633 0.596191 0.0507812 0.0556641
0 0.476562 0.432617 0.0585938 0.046875
0 0.844238 0.332031 0.0556641 0.0664062
0 0.606445 0.361328 0.0664062 0.0429688
0 0.51709 0.298828 0.0576172 0.0371094
0 0.876465 0.610352 0.0576172 0.0488281
0 0.465332 0.679688 0.0498047 0.046875
0 0.841309 0.666992 0.0498047 0.0585938
0 0.588867 0.616211 0.0566406 0.0644531
0 0.460449 0.321289 0.0419922 0.0722656
0 0.419434 0.557617 0.0595703 0.0449219
0 0.260742 0.716797 0.0488281 0.0839844
0 0.696289 0.458008 0.046875 0.0664062
0 0.78418 0.770996 0.0351562 0.0869141
0 0.254395 0.600586 0.0556641 0.0546875
0 0.305176 0.506836 0.0634766 0.0625
