0 0.169434 0.792969 0.0126953 0.03125
0 0.174805 0.642578 0.0292969 0.0625
0 0.469727 0.510254 0.0234375 0.0615234
0 0.226562 0.798828 0.0214844 0.0644531
0 0.193848 0.669922 0.0146484 0.0703125
0 0.566895 0.429199 0.0380859 0.0615234
0 0.479492 0.486328 0.0449219 0.0488281
0 0.602539 0.433594 0.0488281 0.0273438
0 0.557129 0.407715 0.0341797 0.0478516
0 0.352539 0.532227 0.0371094 0.0449219
0 0.64209 0.643555 0.0634766 0.0800781
0 0.703125 0.616211 0.0625 0.0371094
0 0.751953 0.745117 0.0234375 0.0722656
0 0.522949 0.596191 0.0322266 0.0576172
0 0.490234 0.553711 0.0273438 0.0878906
0 0.614258 0.852539 0.0214844 0.0644531
0 0.37793 0.5 0.0488281 0.0292969
0 0.277832 0.728516 0.0380859 0.0742188
0 0.481934 0.626953 0.0244141 0.0625
0 0.21582 0.472656 0.0332031 0.078125
0 0.333496 0.631836 0.0419922 0.0605469
0 0.39209 0.473633 0.0478516 0.0332031
0 0.538086 0.441406 0.0292969 0.0644531
0 0.603516 0.461914 0.046875 0.046875
0 0.668945 0.602051 0.0449219 0.0322266
