0 0.393066 0.379395 0.0166016 0.0400391
0 0.399902 0.428711 0.0126953 0.0410156
0 0.454102 0.452148 0.0253906 0.0214844
0 0.550781 0.540039 0.0195312 0.0371094
0 0.537109 0.386719 0.0117188 0.0429688
0 0.668945 0.424316 0.0214844 0.0419922
0 0.615234 0.339355 0.0234375 0.0361328
0 0.578125 0.543945 0.0234375 0.0332031
0 0.53125 0.332031 0.0195312 0.0390625
0 0.642578 0.612305 0.0234375 0.0351562
0 0.633301 0.65332 0.0185547 0.0488281
0 0.612305 0.612793 0.0175781 0.0439453
0 0.438477 0.416016 0.0253906 0.0195312
0 0.618164 0.309082 0.0175781 0.0419922
0 0.632812 0.403809 0.015625 0.0439453
0 0.651367 0.638184 0.0214844 0.0419922
0 0.651367 0.431641 0.0175781 0.0429688
0 0.424805 0.379395 0.015625 0.0419922
0 0.685547 0.40918 0.0234375 0.0371094
0 0.664062 0.46875 0.0273438 0.0292969
0 0.420898 0.42334 0.0214844 0.0400391
0 0.644531 0.64209 0.015625 0.0458984
0 0.524414 0.452637 0.0234375 0.0322266
0 0.621582 0.34668 0.0283203 0.03125
0 0.446289 0.436035 0.0292969 0.0244141
0 0.538086 0.327148 0.0136719 0.0488281
0 0.677734 0.436523 0.0273438 0.0292969
0 0.499512 0.306641 0.0126953 0.0390625
0 0.51709 0.240234 0.0146484 0.0507812
0 0.564453 0.59668 0.0273438 0.0371094
0 0.515137 0.509766 0.0185547 0.03125
0 0.427734 0.40625 0.0253906 0.0273438
0 0.56543 0.626953 0.0214844 0.0429688
0 0.559082 0.236816 0.0341797 0.0322266
0 0.512695 0.44873 0.0214844 0.0263672
0 0.408203 0.391602 0.0234375 0.0234375
0 0.526855 0.243652 0.0166016 0.0478516
0 0.601562 0.581055 0.0195312 0.0292969
0 0.611328 0.587891 0.0195312 0.0195312
0 0.530273 0.555664 0.015625 0.0449219
0 0.621094 0.289062 0.0175781 0.0351562
0 0.638672 0.407227 0.0195312 0.0449219
0 0.649902 0.469238 0.0185547 0.0400391
0 0.399414 0.401367 0.0136719 0.0410156
0 0.629395 0.55127 0.0166016 0.0419922
0 0.55957 0.54248 0.0234375 0.0380859
0 0.544922 0.576172 0.0195312 0.0390625
0 0.606445 0.318359 0.0253906 0.0292969
0 0.587891 0.34082 0.015625 0.0449219
0 0.566406 0.651367 0.0214844 0.0449219
0 0.644043 0.514648 0.0146484 0.0449219
0 0.631836 0.518066 0.0175781 0.0458984
0 0.47168 0.524902 0.0175781 0.0537109
0 0.63916 0.265625 0.0146484 0.0449219
0 0.6875 0.459473 0.0195312 0.0380859
0 0.567383 0.583008 0.0253906 0.0292969
0 0.482422 0.571289 0.015625 0.046875
0 0.65918 0.486328 0.0253906 0.0273438
0 0.643555 0.441895 0.0175781 0.0478516
0 0.501953 0.255859 0.0234375 0.0292969
0 0.597656 0.339844 0.015625 0.0429688
0 0.624023 0.496094 0.0214844 0.03125
0 0.539062 0.256348 0.0234375 0.0380859
0 0.514648 0.493164 0.0214844 0.0351562
0 0.57666 0.521484 0.0244141 0.0390625
0 0.544922 0.533691 0.0234375 0.0439453
0 0.437988 0.493652 0.0146484 0.0458984
0 0.505371 0.200195 0.0224609 0.0429688
0 0.404785 0.368164 0.0244141 0.0371094
0 0.414062 0.331543 0.0273438 0.0283203
0 0.643555 0.551758 0.015625 0.0488281
0 0.504883 0.231934 0.0253906 0.0380859
0 0.602539 0.283203 0.0253906 0.0351562
0 0.530273 0.481934 0.015625 0.0498047
0 0.625977 0.583008 0.0175781 0.0488281
0 0.456055 0.472656 0.0253906 0.0273438
0 0.520996 0.59082 0.0263672 0.0332031
0 0.629395 0.464844 0.0244141 0.0273438
0 0.472168 0.454102 0.0244141 0.0371094
0 0.483398 0.319336 0.0292969 0.0292969
0 0.606445 0.472168 0.0214844 0.0341797
0 0.53418 0.360352 0.0253906 0.0292969
0 0.615234 0.374023 0.03125 0.0273438
0 0.673828 0.583984 0.0273438 0.03125
0 0.598633 0.620117 0.0195312 0.0527344
0 0.699707 0.462891 0.0185547 0.0507812
0 0.407715 0.45166 0.0146484 0.0419922
0 0.658203 0.288086 0.0195312 0.0488281
0 0.529785 0.524414 0.0263672 0.0273438
0 0.556152 0.45166 0.0263672 0.0244141
0 0.664062 0.59668 0.0234375 0.0410156
0 0.583008 0.358887 0.0175781 0.0439453
0 0.553223 0.372559 0.0146484 0.0517578
0 0.427246 0.336914 0.0185547 0.0292969
0 0.505371 0.542969 0.0263672 0.0273438
0 0.383789 0.388184 0.0214844 0.0322266
0 0.532227 0.583984 0.0253906 0.0273438
0 0.40332 0.474609 0.0214844 0.0292969
0 0.65332 0.551758 0.0175781 0.0488281
0 0.493164 0.186035 0.0253906 0.0244141
0 0.470703 0.430664 0.03125 0.0253906
0 0.588867 0.298828 0.0214844 0.0273438
0 0.547852 0.62793 0.0273438 0.0253906
0 0.682617 0.356445 0.0214844 0.0371094
0 0.625 0.683594 0.0195312 0.0507812
0 0.495117 0.348145 0.0273438 0.0439453
0 0.48877 0.543457 0.0166016 0.0458984
0 0.599609 0.552734 0.0234375 0.0390625
0 0.456055 0.558594 0.0292969 0.0351562
0 0.614258 0.548828 0.0175781 0.046875
0 0.708496 0.541992 0.0244141 0.0488281
0 0.697266 0.355469 0.0195312 0.0429688
0 0.529297 0.404297 0.0273438 0.0332031
0 0.571289 0.371094 0.0136719 0.0488281
0 0.648438 0.233887 0.03125 0.0361328
0 0.488281 0.487305 0.0195312 0.0449219
0 0.714844 0.373047 0.0292969 0.0273438
0 0.480469 0.72168 0.0195312 0.0527344
0 0.45166 0.213867 0.0224609 0.0449219
0 0.539551 0.438477 0.0283203 0.0273438
0 0.613281 0.228516 0.0195312 0.0371094
0 0.588867 0.259277 0.0214844 0.0478516
0 0.666992 0.520508 0.0175781 0.0449219
0 0.386719 0.42627 0.0136719 0.0439453
0 0.488281 0.288574 0.0273438 0.0361328
