0 0.498047 0.533691 0.0585938 0.0205078
0 0.589355 0.487305 0.0615234 0.0195312
0 0.875 0.771973 0.0449219 0.0322266
1 0.277344 0.561523 0.0859375 0.0878906
0 0.79834 0.547363 0.0654297 0.0224609
0 0.595703 0.472168 0.03125 0.0400391
0 0.267578 0.499023 0.0410156 0.0429688
0 0.476562 0.494629 0.0292969 0.0400391
0 0.449707 0.5 0.0341797 0.0449219
0 0.564941 0.416992 0.0615234 0.0292969
0 0.311523 0.353027 0.0664062 0.0341797
0 0.586426 0.395996 0.0537109 0.0380859
0 0.641602 0.47168 0.0625 0.0253906
0 0.423828 0.455078 0.0625 0.0253906
0 0.451172 0.635254 0.0371094 0.0556641
0 0.591797 0.594727 0.0390625 0.0449219
0 0.370605 0.40332 0.0673828 0.0429688
0 0.452637 0.443359 0.0615234 0.0234375
0 0.560547 0.461914 0.0507812 0.046875
0 0.397461 0.466309 0.0585938 0.0419922
