0 0.473145 0.647461 0.0302734 0.0332031
0 0.539551 0.589844 0.0302734 0.0839844
0 0.266602 0.650391 0.0390625 0.0664062
0 0.399414 0.628418 0.0332031 0.0419922
0 0.606934 0.40332 0.0478516 0.0410156
0 0.513184 0.544434 0.0361328 0.0263672
0 0.505859 0.486816 0.0429688 0.0244141
0 0.421875 0.549805 0.0332031 0.0332031
0 0.342773 0.307129 0.0390625 0.0283203
0 0.513672 0.467285 0.0644531 0.0302734
0 0.305664 0.287598 0.0253906 0.0458984
0 0.491211 0.338379 0.0253906 0.0556641
0 0.586426 0.455078 0.0458984 0.0234375
0 0.317383 0.585938 0.0253906 0.0625
0 0.347656 0.487793 0.0273438 0.0615234
0 0.539551 0.334473 0.0322266 0.0478516
0 0.37793 0.415039 0.0371094 0.0273438
0 0.441406 0.589844 0.0429688 0.0332031
0 0.401367 0.651367 0.0253906 0.0273438
0 0.322266 0.63623 0.0429688 0.0263672
0 0.470703 0.616699 0.0390625 0.0341797
0 0.354492 0.334473 0.0332031 0.0400391
0 0.243652 0.401367 0.0419922 0.0332031
0 0.329102 0.45459 0.0292969 0.0673828
0 0.554688 0.44043 0.0546875 0.0332031
0 0.581055 0.426758 0.0332031 0.0527344
0 0.35791 0.553711 0.0283203 0.0527344
0 0.560547 0.619141 0.0253906 0.0761719
0 0.625977 0.463867 0.046875 0.0253906
0 0.30957 0.483398 0.03125 0.046875
0 0.308594 0.415039 0.0351562 0.0527344
0 0.523926 0.63916 0.0322266 0.0380859
0 0.456543 0.455078 0.0322266 0.0371094
0 0.453125 0.493164 0.0527344 0.0429688
0 0.446289 0.598633 0.0410156 0.0253906
0 0.489746 0.558594 0.0185547 0.046875
0 0.286621 0.439453 0.0205078 0.0546875
0 0.410645 0.714844 0.0302734 0.0527344
0 0.286133 0.359863 0.0292969 0.0361328
0 0.519531 0.34375 0.0273438 0.0644531
0 0.293457 0.288574 0.0205078 0.0556641
0 0.54541 0.495605 0.0185547 0.0478516
0 0.554688 0.321777 0.03125 0.0693359
0 0.383789 0.710938 0.0390625 0.0527344
0 0.440918 0.691406 0.0361328 0.0507812
0 0.51709 0.383301 0.0205078 0.0595703
0 0.241211 0.35498 0.0214844 0.0634766
0 0.476074 0.682617 0.0322266 0.03125
0 0.304199 0.348145 0.0263672 0.0537109
0 0.262207 0.359375 0.0361328 0.0449219
0 0.38623 0.324707 0.0458984 0.0400391
0 0.34082 0.395996 0.0410156 0.0458984
0 0.539551 0.403809 0.0341797 0.0478516
0 0.325684 0.334961 0.0341797 0.046875
0 0.615234 0.439941 0.046875 0.0302734
0 0.375488 0.536133 0.0263672 0.0546875
0 0.664062 0.443359 0.0332031 0.0390625
0 0.47168 0.352539 0.0292969 0.0585938
0 0.376953 0.478027 0.0371094 0.0498047
0 0.334473 0.675781 0.0400391 0.0585938
0 0.566406 0.378906 0.0253906 0.0566406
0 0.36084 0.680176 0.0419922 0.0400391
0 0.584961 0.350098 0.0273438 0.0712891
0 0.29834 0.327148 0.0341797 0.0449219
0 0.476562 0.663574 0.0332031 0.0341797
0 0.459473 0.54541 0.0458984 0.0380859
0 0.678223 0.456055 0.0439453 0.03125
0 0.286621 0.556641 0.0205078 0.0664062
0 0.26123 0.318359 0.0458984 0.03125
0 0.50293 0.619629 0.0253906 0.0537109
0 0.408203 0.498535 0.0410156 0.0458984
0 0.482422 0.512207 0.0449219 0.0361328
0 0.217773 0.360352 0.0351562 0.0664062
0 0.439453 0.422852 0.0292969 0.0664062
0 0.539062 0.376465 0.0273438 0.0537109
0 0.533691 0.533691 0.0439453 0.0341797
