0 0.0732422 0.346191 0.0507812 0.0439453
0 0.0581055 0.348145 0.0244141 0.0361328
0 0.455078 0.619141 0.0644531 0.046875
0 0.311035 0.428223 0.0361328 0.0224609
0 0.303223 0.240234 0.0517578 0.0195312
0 0.339355 0.438965 0.0302734 0.0185547
0 0.283691 0.239258 0.0361328 0.0214844
0 0.374023 0.670898 0.0507812 0.0292969
0 0.0234375 0.155273 0.0234375 0.0332031
0 0.161133 0.378906 0.0527344 0.0273438
0 0.706055 0.573242 0.0449219 0.0175781
0 0.23291 0.335449 0.0322266 0.0224609
0 0.388672 0.659668 0.0410156 0.0263672
0 0.655273 0.365723 0.0683594 0.0400391
0 0.449219 0.358398 0.0625 0.0175781
0 0.204102 0.32959 0.0527344 0.0244141
0 0.0507812 0.164062 0.0410156 0.015625
0 0.0551758 0.147461 0.0380859 0.0234375
0 0.0380859 0.196289 0.03125 0.0371094
0 0.0922852 0.26709 0.0263672 0.0380859
0 0.243164 0.221191 0.03125 0.0263672
0 0.350098 0.580078 0.0556641 0.0234375
0 0.228516 0.307129 0.03125 0.0302734
0 0.22998 0.458008 0.0380859 0.0332031
0 0.338867 0.421875 0.0332031 0.0214844
0 0.0839844 0.16748 0.0351562 0.0283203
