0 0.0209961 0.379395 0.0244141 0.0361328
0 0.5 0.513672 0.0273438 0.0546875
0 0.427734 0.604004 0.03125 0.0634766
0 0.513672 0.513672 0.0253906 0.0625
0 0.469238 0.408691 0.0244141 0.0517578
0 0.065918 0.604004 0.0380859 0.0576172
0 0.44043 0.404785 0.0429688 0.0361328
0 0.623535 0.529297 0.0458984 0.0410156
0 0.509277 0.328125 0.0478516 0.0371094
0 0.0766602 0.32373 0.0419922 0.0498047
0 0.367676 0.581055 0.0517578 0.0429688
0 0.55957 0.441406 0.0390625 0.0332031
0 0.275391 0.370605 0.0429688 0.0341797
0 0.45459 0.343262 0.0302734 0.0576172
0 0.138184 0.345703 0.0439453 0.0527344
0 0.170898 0.448242 0.0390625 0.046875
0 0.597656 0.447266 0.0410156 0.0410156
0 0.694336 0.602539 0.0390625 0.046875
0 0.208496 0.328613 0.0498047 0.0419922
0 0.306641 0.330078 0.0449219 0.0390625
0 0.370605 0.521484 0.0419922 0.0429688
0 0.608398 0.392578 0.0429688 0.0429688
0 0.249023 0.431152 0.0488281 0.0419922
0 0.546387 0.669434 0.0322266 0.0654297
0 0.201172 0.562988 0.0351562 0.0673828
0 0.590332 0.553223 0.0419922 0.0419922
0 0.261719 0.329102 0.0390625 0.0566406
0 0.272949 0.473633 0.0537109 0.046875
0 0.42041 0.353027 0.0361328 0.0478516
