0 0.59668 0.463379 0.0410156 0.0244141
0 0.374512 0.367188 0.0380859 0.03125
0 0.61084 0.558594 0.0302734 0.0234375
0 0.558594 0.275391 0.0371094 0.0273438
0 0.580566 0.572266 0.0322266 0.0273438
0 0.511719 0.536621 0.0332031 0.0263672
0 0.624023 0.589844 0.03125 0.03125
0 0.508301 0.649414 0.0380859 0.0253906
0 0.519531 0.399414 0.0390625 0.0234375
0 0.391113 0.533203 0.0419922 0.0195312
0 0.495605 0.539062 0.0478516 0.0273438
0 0.429199 0.517578 0.0419922 0.0214844
0 0.487305 0.393555 0.0175781 0.03125
0 0.593262 0.556152 0.0419922 0.0224609
0 0.529297 0.643555 0.0390625 0.0292969
0 0.532715 0.532227 0.0283203 0.0371094
0 0.586426 0.445312 0.0224609 0.0332031
0 0.54541 0.260254 0.0322266 0.0302734
0 0.572754 0.438477 0.0283203 0.03125
0 0.582031 0.29248 0.046875 0.0224609
0 0.631348 0.387695 0.0478516 0.0292969
0 0.610352 0.567383 0.03125 0.0253906
0 0.510254 0.614258 0.0498047 0.0214844
0 0.523438 0.483398 0.0273438 0.0292969
0 0.498047 0.469238 0.046875 0.0205078
0 0.479492 0.36084 0.0332031 0.0283203
0 0.697266 0.458984 0.03125 0.0273438
0 0.562988 0.464844 0.0439453 0.015625
0 0.447266 0.517578 0.0429688 0.0195312
0 0.352051 0.371094 0.0419922 0.0332031
0 0.499512 0.408203 0.0283203 0.0390625
0 0.520508 0.38916 0.0410156 0.0224609
0 0.326172 0.470703 0.0507812 0.015625
0 0.541016 0.408203 0.0273438 0.0273438
0 0.565918 0.285645 0.0341797 0.0244141
0 0.462402 0.44043 0.0341797 0.0332031
0 0.54541 0.499023 0.0478516 0.015625
0 0.384277 0.358887 0.0361328 0.0361328
0 0.592773 0.260742 0.0507812 0.0214844
0 0.543457 0.291992 0.0263672 0.0351562
0 0.675781 0.439453 0.0351562 0.0351562
0 0.364258 0.494629 0.0410156 0.0263672
0 0.400391 0.466309 0.046875 0.0322266
0 0.681152 0.243164 0.0498047 0.0214844
0 0.452148 0.350586 0.0292969 0.0371094
0 0.557129 0.309082 0.0419922 0.0205078
0 0.532715 0.354492 0.0283203 0.03125
0 0.572266 0.407227 0.0410156 0.0234375
0 0.345703 0.408203 0.0410156 0.0273438
0 0.657227 0.415039 0.03125 0.0332031
0 0.31543 0.36084 0.0410156 0.0322266
0 0.372559 0.432129 0.0244141 0.0361328
0 0.360352 0.291016 0.0527344 0.0214844
0 0.591797 0.525391 0.0488281 0.0195312
0 0.611328 0.447754 0.0488281 0.0244141
0 0.714844 0.352539 0.0507812 0.0234375
0 0.28125 0.334961 0.0390625 0.0332031
0 0.54248 0.464844 0.0341797 0.0292969
0 0.41748 0.543945 0.0439453 0.0234375
0 0.475586 0.395996 0.0273438 0.0322266
0 0.305176 0.39502 0.0361328 0.0341797
0 0.518066 0.364746 0.0224609 0.0302734
0 0.585938 0.607422 0.0507812 0.0195312
0 0.371582 0.274414 0.0498047 0.0253906
0 0.448242 0.326172 0.0332031 0.0273438
0 0.461426 0.569336 0.0322266 0.0371094
0 0.522949 0.442871 0.0263672 0.0283203
0 0.434082 0.294922 0.0458984 0.0195312
0 0.421387 0.276855 0.0517578 0.0205078
0 0.491699 0.371094 0.0380859 0.0175781
0 0.580078 0.774414 0.046875 0.0410156
0 0.124512 0.248047 0.0419922 0.0351562
0 0.288086 0.482422 0.0332031 0.0371094
0 0.316895 0.448242 0.0341797 0.0332031
0 0.479492 0.515625 0.0390625 0.03125
0 0.564453 0.35791 0.0351562 0.0302734
0 0.615234 0.594727 0.0351562 0.0332031
0 0.391113 0.513672 0.0419922 0.0273438
0 0.53418 0.333008 0.0449219 0.0214844
0 0.689453 0.384766 0.0507812 0.0214844
0 0.433105 0.560547 0.0341797 0.03125
0 0.26416 0.40918 0.0458984 0.0273438
0 0.306152 0.124512 0.0419922 0.0341797
0 0.606445 0.540039 0.0410156 0.0195312
0 0.532227 0.253418 0.0371094 0.0322266
0 0.491699 0.338379 0.0400391 0.0263672
0 0.542969 0.62793 0.0351562 0.0332031
0 0.611328 0.491699 0.0429688 0.0263672
0 0.474609 0.282227 0.046875 0.0273438
0 0.379883 0.550781 0.0410156 0.0292969
0 0.589844 0.686523 0.0390625 0.0273438
0 0.438477 0.474609 0.0332031 0.03125
0 0.537109 0.801758 0.046875 0.0253906
0 0.525391 0.56543 0.0429688 0.0292969
0 0.559082 0.711426 0.0400391 0.0283203
0 0.556641 0.578613 0.0371094 0.0302734
0 0.566406 0.685547 0.0351562 0.03125
0 0.575684 0.381348 0.0478516 0.0166016
0 0.518555 0.589844 0.0410156 0.0273438
0 0.699219 0.71875 0.0390625 0.0410156
0 0.442871 0.245605 0.0400391 0.0283203
