0 0.98584 0.768555 0.0283203 0.03125
0 0.927246 0.529785 0.0322266 0.0322266
0 0.677246 0.639648 0.0244141 0.0292969
0 0.137695 0.498535 0.03125 0.0380859
0 0.561523 0.291504 0.0332031 0.0341797
0 0.38916 0.580078 0.0517578 0.0175781
0 0.0947266 0.792969 0.0488281 0.0253906
0 0.395508 0.272949 0.0507812 0.0224609
0 0.708496 0.310059 0.0576172 0.0205078
0 0.546387 0.666504 0.0537109 0.0185547
0 0.852539 0.13623 0.0429688 0.0244141
0 0.398438 0.592285 0.0585938 0.0185547
0 0.231445 0.389648 0.0546875 0.0234375
0 0.254883 0.536621 0.0527344 0.0185547
0 0.59668 0.134277 0.0351562 0.0380859
0 0.460449 0.248047 0.0302734 0.0351562
0 0.352051 0.334473 0.0400391 0.0263672
0 0.564941 0.516602 0.0458984 0.0175781
0 0.895508 0.413086 0.0273438 0.03125
0 0.0893555 0.550293 0.0537109 0.0205078
0 0.535156 0.768066 0.0292969 0.0361328
0 0.568359 0.22998 0.0351562 0.0341797
0 0.131348 0.335938 0.0537109 0.0214844
0 0.369141 0.861816 0.0488281 0.0205078
0 0.791504 0.13916 0.0380859 0.0263672
0 0.51709 0.438477 0.0380859 0.0332031
0 0.326172 0.694824 0.0351562 0.0263672
0 0.555664 0.268555 0.0429688 0.0253906
0 0.525391 0.19873 0.0449219 0.0380859
0 0.307129 0.172852 0.0419922 0.03125
0 0.505859 0.396973 0.0449219 0.0322266
0 0.533691 0.467773 0.0419922 0.0273438
0 0.509766 0.508301 0.0410156 0.0263672
0 0.317383 0.368652 0.0410156 0.0302734
0 0.271484 0.568359 0.0429688 0.03125
0 0.367188 0.424316 0.0410156 0.0419922
0 0.35791 0.279785 0.0361328 0.0361328
