0 0.511719 0.536133 0.0410156 0.0136719
0 0.304688 0.42041 0.0566406 0.0107422
0 0.516602 0.486328 0.0234375 0.0175781
0 0.583008 0.555176 0.0214844 0.0244141
0 0.375488 0.487305 0.0400391 0.0117188
0 0.371094 0.496582 0.0429688 0.0126953
0 0.486328 0.557617 0.0449219 0.0117188
0 0.452148 0.657227 0.0449219 0.0117188
0 0.360352 0.591309 0.0253906 0.0205078
0 0.581543 0.537109 0.0205078 0.0332031
0 0.635254 0.461914 0.0517578 0.0136719
0 0.257324 0.546875 0.0302734 0.0175781
0 0.473145 0.615234 0.0400391 0.00976562
0 0.60498 0.611816 0.0322266 0.0205078
0 0.321777 0.524414 0.0302734 0.0214844
0 0.598633 0.395996 0.0507812 0.0166016
0 0.397949 0.477539 0.0478516 0.0117188
0 0.57666 0.575195 0.0400391 0.015625
0 0.525391 0.555176 0.0410156 0.0146484
0 0.436523 0.414551 0.0175781 0.0244141
0 0.285156 0.485352 0.0214844 0.0214844
0 0.255371 0.588867 0.0244141 0.0234375
0 0.659668 0.490723 0.0498047 0.0126953
0 0.428223 0.518555 0.0400391 0.0195312
0 0.552734 0.580078 0.0195312 0.0214844
0 0.506836 0.505371 0.046875 0.0126953
0 0.493164 0.591309 0.0410156 0.0166016
0 0.322266 0.500977 0.0429688 0.00976562
0 0.495117 0.622559 0.0214844 0.0205078
0 0.477539 0.629883 0.0371094 0.0078125
0 0.244141 0.591797 0.0195312 0.0195312
0 0.567871 0.472656 0.0283203 0.0234375
0 0.322754 0.516602 0.0322266 0.0195312
0 0.243652 0.65625 0.0322266 0.0078125
0 0.680664 0.458496 0.046875 0.0283203
0 0.309082 0.605469 0.0380859 0.0117188
0 0.456055 0.646973 0.0449219 0.0205078
0 0.481934 0.618164 0.0380859 0.015625
0 0.296875 0.490234 0.03125 0.0214844
0 0.591797 0.5 0.0332031 0.0253906
0 0.275391 0.560547 0.0332031 0.0175781
0 0.639648 0.424805 0.0429688 0.0117188
0 0.544922 0.533691 0.0429688 0.0126953
0 0.43457 0.43457 0.0292969 0.0234375
0 0.320801 0.438477 0.0458984 0.0117188
0 0.584473 0.587891 0.0302734 0.0253906
0 0.416016 0.457031 0.0332031 0.0234375
0 0.535645 0.460449 0.0244141 0.0263672
0 0.536133 0.480469 0.0195312 0.0253906
0 0.345215 0.586426 0.0419922 0.0166016
0 0.297852 0.459473 0.0292969 0.0224609
0 0.275879 0.577637 0.0322266 0.0166016
0 0.454102 0.410156 0.0253906 0.0214844
0 0.62793 0.603027 0.0351562 0.0224609
0 0.375977 0.584473 0.0253906 0.0263672
0 0.293457 0.358398 0.0380859 0.0195312
0 0.669434 0.500488 0.0400391 0.0166016
0 0.256836 0.537598 0.0292969 0.0205078
0 0.593262 0.522461 0.0185547 0.0273438
0 0.444824 0.384766 0.0361328 0.0253906
0 0.29248 0.44043 0.0341797 0.0195312
0 0.290039 0.345215 0.0195312 0.0224609
0 0.500977 0.584473 0.0449219 0.0146484
0 0.569336 0.441406 0.0371094 0.0253906
0 0.600586 0.605957 0.0273438 0.0185547
0 0.603027 0.594238 0.0341797 0.0185547
0 0.556641 0.59668 0.0410156 0.0117188
0 0.307129 0.645508 0.0400391 0.0136719
0 0.482422 0.599609 0.0410156 0.0175781
0 0.268066 0.586914 0.0263672 0.0234375
0 0.398926 0.614746 0.0439453 0.0166016
0 0.273438 0.344727 0.0292969 0.0234375
0 0.612305 0.616699 0.0390625 0.0126953
0 0.266602 0.449707 0.0195312 0.0244141
0 0.690918 0.482422 0.0361328 0.0195312
0 0.458984 0.673828 0.0390625 0.00976562
0 0.277344 0.461914 0.0195312 0.0234375
0 0.366699 0.384277 0.0419922 0.0126953
0 0.330078 0.460449 0.0390625 0.0146484
0 0.254883 0.453125 0.0292969 0.0234375
0 0.509277 0.624512 0.0205078 0.0244141
0 0.335938 0.490234 0.0351562 0.0136719
0 0.517578 0.469238 0.0253906 0.0283203
0 0.520996 0.609375 0.0224609 0.0214844
0 0.421875 0.393555 0.0234375 0.0234375
0 0.584961 0.628906 0.0175781 0.0253906
0 0.595215 0.344727 0.0458984 0.0136719
0 0.26416 0.481445 0.0244141 0.0234375
0 0.387695 0.606934 0.03125 0.0185547
0 0.595215 0.63623 0.0185547 0.0205078
0 0.230469 0.589844 0.015625 0.0234375
0 0.654785 0.411133 0.0302734 0.0253906
0 0.457031 0.602539 0.0449219 0.0117188
0 0.401367 0.404785 0.0234375 0.0283203
0 0.608887 0.554688 0.0400391 0.0214844
0 0.414551 0.429199 0.0400391 0.0185547
0 0.360352 0.606934 0.0351562 0.0126953
0 0.303223 0.560547 0.0263672 0.0234375
0 0.320801 0.535156 0.0458984 0.015625
0 0.367188 0.621582 0.0214844 0.0185547
0 0.564941 0.416992 0.0400391 0.0214844
0 0.29248 0.519043 0.0205078 0.0244141
0 0.640137 0.549805 0.0361328 0.0234375
0 0.330078 0.61377 0.0371094 0.0146484
0 0.228516 0.461426 0.03125 0.0146484
0 0.645996 0.44043 0.0322266 0.0234375
0 0.343262 0.624023 0.0380859 0.0136719
0 0.305664 0.518555 0.0253906 0.0234375
0 0.320801 0.40332 0.0283203 0.0234375
0 0.304688 0.585938 0.0351562 0.0234375
0 0.396484 0.382324 0.0351562 0.0224609
0 0.568848 0.657227 0.0205078 0.0234375
0 0.256836 0.663574 0.0292969 0.0166016
0 0.34375 0.380371 0.0273438 0.0224609
0 0.489746 0.65332 0.0322266 0.0195312
0 0.423828 0.624023 0.0292969 0.0234375
