0 0.546387 0.657715 0.0146484 0.0166016
0 0.578125 0.418945 0.0175781 0.0136719
0 0.519043 0.427734 0.0107422 0.0253906
0 0.570312 0.614746 0.0214844 0.0185547
0 0.505859 0.772949 0.015625 0.0341797
0 0.518555 0.553223 0.015625 0.0361328
0 0.600586 0.401855 0.0351562 0.0185547
0 0.624023 0.600586 0.0234375 0.015625
0 0.49707 0.768555 0.0136719 0.03125
0 0.588867 0.588379 0.0234375 0.0224609
0 0.671875 0.518066 0.0136719 0.0419922
0 0.512207 0.720703 0.0224609 0.0136719
0 0.619141 0.477539 0.0175781 0.03125
0 0.610352 0.454102 0.015625 0.0234375
0 0.446289 0.51416 0.0234375 0.0380859
0 0.680176 0.558594 0.0205078 0.0351562
0 0.489258 0.516602 0.015625 0.03125
0 0.52832 0.583984 0.0175781 0.0214844
0 0.61084 0.410645 0.0322266 0.0107422
0 0.712891 0.681152 0.0292969 0.0146484
0 0.496094 0.716309 0.0136719 0.0322266
0 0.521484 0.702148 0.0117188 0.0234375
0 0.458008 0.669922 0.0136719 0.0253906
0 0.522949 0.5 0.0224609 0.0175781
0 0.461914 0.723633 0.0175781 0.0195312
0 0.473633 0.473633 0.0195312 0.0273438
0 0.642578 0.473145 0.0136719 0.0322266
0 0.54541 0.598633 0.0185547 0.0371094
0 0.525391 0.635254 0.0136719 0.0283203
0 0.555176 0.799805 0.0244141 0.0195312
0 0.54248 0.694824 0.0126953 0.0263672
0 0.721191 0.551758 0.0244141 0.0273438
0 0.743652 0.579102 0.0185547 0.0332031
0 0.490723 0.622559 0.0166016 0.0244141
0 0.462891 0.712891 0.0214844 0.0253906
0 0.657227 0.472656 0.0234375 0.0351562
0 0.509277 0.572266 0.0224609 0.015625
0 0.501953 0.465332 0.0195312 0.0126953
0 0.550293 0.518066 0.0283203 0.0146484
0 0.625977 0.45459 0.0214844 0.0263672
0 0.435547 0.683105 0.0234375 0.0185547
0 0.445801 0.583008 0.0166016 0.0332031
0 0.727539 0.589844 0.015625 0.0292969
0 0.731445 0.572754 0.015625 0.0166016
0 0.438477 0.393555 0.0253906 0.0429688
0 0.597656 0.681152 0.0195312 0.0302734
0 0.549316 0.534668 0.0146484 0.0263672
0 0.558105 0.663574 0.0166016 0.0302734
0 0.584961 0.641602 0.0253906 0.0273438
0 0.510254 0.615723 0.0224609 0.0380859
0 0.571289 0.587891 0.0214844 0.0234375
0 0.513672 0.439453 0.0117188 0.0351562
0 0.595703 0.621094 0.0253906 0.0117188
0 0.68457 0.664062 0.0117188 0.0332031
0 0.661133 0.657227 0.00976562 0.0371094
0 0.537109 0.641602 0.0234375 0.0175781
0 0.546387 0.490723 0.0244141 0.0244141
0 0.625 0.435059 0.0195312 0.0361328
0 0.544922 0.73291 0.0214844 0.0302734
0 0.566895 0.555664 0.0283203 0.0234375
0 0.530273 0.701172 0.015625 0.0273438
0 0.595703 0.637207 0.0253906 0.0185547
0 0.697266 0.529297 0.0117188 0.0292969
0 0.705078 0.697266 0.0351562 0.0234375
0 0.603027 0.749512 0.0361328 0.0302734
0 0.644043 0.515625 0.0146484 0.0273438
0 0.704102 0.577148 0.015625 0.0332031
0 0.526855 0.811523 0.0283203 0.0195312
0 0.689453 0.515137 0.0214844 0.0361328
0 0.511719 0.521484 0.015625 0.0332031
0 0.580078 0.496582 0.015625 0.0283203
0 0.569824 0.740723 0.0244141 0.0146484
0 0.702637 0.609375 0.0185547 0.0332031
0 0.647949 0.404297 0.0361328 0.0136719
0 0.596191 0.418945 0.0263672 0.0214844
0 0.600098 0.550293 0.0146484 0.0380859
0 0.726562 0.756348 0.0332031 0.0244141
0 0.516602 0.65625 0.0253906 0.0117188
0 0.522461 0.677246 0.0273438 0.0185547
0 0.674805 0.669434 0.0117188 0.0419922
0 0.513184 0.741211 0.0244141 0.0195312
0 0.429199 0.489258 0.0302734 0.0292969
0 0.556152 0.499023 0.0166016 0.0292969
0 0.531738 0.430664 0.0224609 0.0273438
0 0.568359 0.65332 0.0234375 0.015625
0 0.608398 0.710938 0.0195312 0.0332031
0 0.618164 0.65332 0.015625 0.0273438
0 0.615234 0.675293 0.0214844 0.0107422
0 0.707031 0.671875 0.0214844 0.0273438
0 0.52002 0.592285 0.0185547 0.0244141
0 0.453125 0.705566 0.0136719 0.0341797
0 0.512695 0.472656 0.0273438 0.0273438
0 0.748047 0.529785 0.0136719 0.0419922
0 0.431641 0.379395 0.0273438 0.0224609
0 0.588867 0.771484 0.03125 0.0136719
0 0.58252 0.681641 0.0263672 0.0273438
0 0.557617 0.786133 0.0214844 0.0234375
0 0.643555 0.586914 0.0195312 0.0390625
0 0.710938 0.558105 0.0214844 0.0263672
0 0.664062 0.525879 0.015625 0.0302734
0 0.570312 0.441406 0.0195312 0.03125
0 0.66748 0.699219 0.0146484 0.0253906
0 0.609863 0.499512 0.0263672 0.0166016
0 0.499512 0.680664 0.0244141 0.0234375
0 0.62793 0.472168 0.0195312 0.0166016
0 0.54248 0.761719 0.0283203 0.0214844
0 0.564941 0.805176 0.0283203 0.0166016
0 0.558105 0.629883 0.0224609 0.0136719
0 0.487305 0.552734 0.0273438 0.0292969
0 0.606934 0.479004 0.0205078 0.0283203
0 0.608398 0.401367 0.03125 0.0117188
0 0.526855 0.796387 0.0283203 0.0126953
0 0.462891 0.569824 0.0175781 0.0244141
0 0.459473 0.601562 0.0126953 0.0273438
0 0.504395 0.820801 0.0146484 0.0380859
0 0.481445 0.41748 0.0253906 0.0224609
0 0.424316 0.518555 0.0166016 0.0351562
0 0.720215 0.499512 0.0126953 0.0400391
0 0.78125 0.540039 0.0253906 0.0273438
0 0.524414 0.777344 0.0136719 0.0195312
0 0.588867 0.506836 0.0234375 0.0351562
0 0.689453 0.617676 0.00976562 0.0361328
0 0.59668 0.350098 0.0214844 0.0439453
0 0.467773 0.546875 0.0292969 0.0195312
0 0.610352 0.663086 0.0273438 0.0136719
0 0.67041 0.477051 0.0126953 0.0361328
0 0.69043 0.678223 0.0117188 0.0361328
0 0.490723 0.574707 0.0263672 0.0185547
0 0.640625 0.67041 0.0292969 0.0166016
0 0.628418 0.702148 0.0283203 0.0273438
0 0.563965 0.761719 0.0185547 0.0253906
0 0.735352 0.525391 0.0195312 0.0390625
0 0.567383 0.402832 0.0292969 0.0185547
0 0.683594 0.458496 0.015625 0.0361328
0 0.529785 0.734863 0.0146484 0.0283203
0 0.506348 0.700684 0.0224609 0.0244141
0 0.584961 0.530762 0.0234375 0.0244141
0 0.643555 0.648438 0.0253906 0.0234375
0 0.549316 0.560059 0.0185547 0.0283203
0 0.617188 0.541504 0.0253906 0.0263672
0 0.541992 0.397949 0.0273438 0.0185547
0 0.633301 0.532715 0.0146484 0.0419922
0 0.454102 0.444824 0.0234375 0.0205078
0 0.709961 0.651367 0.0234375 0.0273438
0 0.759766 0.591797 0.0253906 0.0273438
0 0.568359 0.819824 0.03125 0.0224609
0 0.576172 0.716797 0.0292969 0.0253906
0 0.644043 0.628418 0.0166016 0.0244141
0 0.776855 0.57373 0.0166016 0.0283203
0 0.442871 0.42627 0.0322266 0.0224609
0 0.471191 0.79248 0.0283203 0.0205078
0 0.761719 0.533203 0.0175781 0.0410156
0 0.631836 0.615234 0.0253906 0.0273438
0 0.437988 0.600098 0.0244141 0.0263672
0 0.611816 0.630859 0.0224609 0.0273438
0 0.592773 0.450684 0.0214844 0.0322266
0 0.550781 0.774414 0.0234375 0.0273438
0 0.62793 0.579102 0.0175781 0.0351562
0 0.714355 0.522949 0.0244141 0.0263672
0 0.661621 0.729492 0.0185547 0.0351562
0 0.52832 0.519531 0.0234375 0.0273438
0 0.699219 0.639648 0.0175781 0.0351562
0 0.560547 0.576172 0.0292969 0.0195312
0 0.545898 0.473145 0.0234375 0.0263672
0 0.498047 0.64502 0.0234375 0.0263672
