0 0.642578 0.00634766 0.0273438 0.0126953
0 0.807617 0.0209961 0.0273438 0.0380859
0 0.791016 0.0332031 0.0410156 0.0371094
0 0.454102 0.365723 0.0625 0.0322266
0 0.366211 0.015625 0.0371094 0.03125
0 0.244629 0.0078125 0.0341797 0.015625
0 0.318359 0.604004 0.0527344 0.0654297
0 0.789551 0.00732422 0.0498047 0.0146484
0 0.600586 0.533691 0.0429688 0.0595703
0 0.235352 0.0356445 0.0683594 0.0361328
0 0.677246 0.0600586 0.0498047 0.0322266
0 0.489746 0.37793 0.0419922 0.0507812
0 0.582031 0.540039 0.0566406 0.0507812
0 0.345703 0.490723 0.0390625 0.0634766
0 0.713379 0.658203 0.0400391 0.0625
0 0.488281 0.435059 0.0371094 0.0595703
0 0.706055 0.695312 0.0625 0.0332031
0 0.691406 0.490234 0.0566406 0.0546875
0 0.66748 0.56543 0.0458984 0.0605469
0 0.660645 0.680664 0.0654297 0.0351562
0 0.686523 0.611816 0.0625 0.0361328
0 0.90625 0.537598 0.0410156 0.0732422
0 0.743164 0.525879 0.0664062 0.0361328
0 0.479492 0.600098 0.0566406 0.0595703
