0 0.55127 0.423828 0.0302734 0.0195312
0 0.558105 0.476562 0.0126953 0.0410156
0 0.539062 0.487305 0.0117188 0.0429688
0 0.543457 0.525879 0.0244141 0.0244141
0 0.532715 0.490234 0.0205078 0.0410156
0 0.513672 0.46582 0.0253906 0.0253906
0 0.553223 0.446777 0.0185547 0.0439453
0 0.643555 0.560059 0.0449219 0.0302734
0 0.51123 0.531738 0.0146484 0.0380859
0 0.547852 0.489258 0.00976562 0.0449219
0 0.588379 0.391602 0.0322266 0.0273438
0 0.529785 0.435059 0.0205078 0.0361328
0 0.661621 0.544434 0.0244141 0.0498047
0 0.560547 0.40918 0.0351562 0.0195312
0 0.689941 0.411133 0.0185547 0.046875
0 0.570801 0.430176 0.0322266 0.0205078
0 0.608887 0.380859 0.0244141 0.0449219
0 0.538086 0.541992 0.0390625 0.0273438
0 0.526367 0.357422 0.0332031 0.0292969
0 0.636719 0.522461 0.0292969 0.0410156
0 0.564941 0.376465 0.0263672 0.0458984
0 0.517578 0.511719 0.0332031 0.0214844
0 0.601562 0.417969 0.0273438 0.0410156
0 0.580078 0.368652 0.0332031 0.0302734
0 0.655273 0.455078 0.0507812 0.0195312
0 0.574219 0.526367 0.0292969 0.0429688
0 0.533203 0.455566 0.0214844 0.0458984
0 0.629883 0.579102 0.0351562 0.03125
0 0.556152 0.633789 0.0205078 0.046875
0 0.493164 0.459473 0.0332031 0.0283203
0 0.576172 0.478027 0.0273438 0.0400391
0 0.567383 0.651855 0.03125 0.0380859
0 0.704102 0.538086 0.0234375 0.0664062
0 0.676758 0.539551 0.0273438 0.0537109
