0 0.487305 0.687012 0.015625 0.0380859
0 0.32666 0.675781 0.0205078 0.0527344
0 0.345703 0.49707 0.0136719 0.0488281
0 0.382812 0.595215 0.0214844 0.0244141
0 0.473633 0.534668 0.0175781 0.0380859
0 0.355469 0.388672 0.0195312 0.0410156
0 0.477539 0.370117 0.0175781 0.03125
0 0.363281 0.515625 0.0292969 0.0507812
0 0.380371 0.449219 0.0185547 0.0390625
0 0.355469 0.340332 0.0195312 0.0634766
0 0.43457 0.578613 0.0195312 0.0322266
0 0.38623 0.682129 0.0302734 0.0263672
0 0.537598 0.428223 0.0283203 0.0205078
0 0.154785 0.478516 0.0244141 0.0585938
0 0.334961 0.412109 0.0292969 0.0625
0 0.378906 0.32959 0.015625 0.0380859
0 0.483398 0.38916 0.0214844 0.0185547
0 0.280273 0.506348 0.0253906 0.0576172
0 0.47998 0.44873 0.0224609 0.0244141
0 0.499023 0.388184 0.0195312 0.0556641
0 0.305176 0.680176 0.0263672 0.0439453
0 0.486816 0.658691 0.0185547 0.0380859
0 0.312012 0.615234 0.0302734 0.03125
0 0.292969 0.744141 0.0253906 0.0253906
0 0.504883 0.669434 0.0214844 0.0576172
0 0.506836 0.616699 0.0253906 0.0458984
0 0.495117 0.349121 0.0273438 0.0244141
0 0.317871 0.697754 0.0244141 0.0537109
0 0.250977 0.76123 0.0195312 0.0556641
0 0.334961 0.303711 0.0371094 0.0371094
0 0.308594 0.645996 0.03125 0.0400391
0 0.271973 0.269043 0.0322266 0.0302734
0 0.412598 0.702148 0.0205078 0.046875
0 0.419922 0.579102 0.015625 0.0585938
0 0.325195 0.556641 0.0292969 0.0351562
0 0.400391 0.602051 0.0195312 0.0498047
0 0.394531 0.709473 0.0273438 0.0302734
0 0.26416 0.55127 0.0146484 0.0478516
0 0.337402 0.680176 0.0205078 0.0537109
0 0.445801 0.584961 0.0146484 0.046875
0 0.326172 0.504883 0.0195312 0.0449219
0 0.443848 0.646973 0.0166016 0.0400391
0 0.283691 0.623535 0.0224609 0.0458984
0 0.346191 0.644531 0.0283203 0.0234375
0 0.555176 0.396484 0.0146484 0.0488281
0 0.225098 0.585938 0.0185547 0.0566406
0 0.309082 0.274902 0.0322266 0.0341797
0 0.360352 0.67334 0.0292969 0.0302734
0 0.367676 0.304199 0.0244141 0.0283203
0 0.460449 0.53418 0.0205078 0.0429688
0 0.422852 0.726562 0.0195312 0.0527344
0 0.317871 0.831543 0.0263672 0.0537109
0 0.287598 0.800293 0.0322266 0.0478516
