0 0.765137 0.67041 0.0751953 0.0322266
0 0.639648 0.57666 0.0859375 0.110352
0 0.619629 0.853027 0.0458984 0.0927734
0 0.64209 0.538086 0.0712891 0.0527344
0 0.610352 0.517578 0.0644531 0.0800781
0 0.581543 0.559082 0.0439453 0.0966797
0 0.550781 0.599609 0.0449219 0.0917969
0 0.616211 0.672363 0.0996094 0.0556641
0 0.475586 0.439453 0.0703125 0.0429688
0 0.544434 0.73584 0.0986328 0.0458984
0 0.588867 0.860352 0.0507812 0.09375
0 0.708984 0.918945 0.0410156 0.09375
0 0.549316 0.674805 0.102539 0.0546875
0 0.462402 0.737305 0.0869141 0.09375
0 0.439453 0.785645 0.0976562 0.0869141
0 0.583984 0.482422 0.0351562 0.119141
0 0.579102 0.716797 0.0800781 0.0410156
0 0.745117 0.874512 0.046875 0.102539
0 0.779297 0.701172 0.0820312 0.0742188
0 0.802734 0.976074 0.0410156 0.0478516
0 0.466309 0.508789 0.0712891 0.0859375
0 0.682129 0.761719 0.0361328 0.0976562
0 0.505859 0.43457 0.0507812 0.0976562
0 0.687988 0.669434 0.0712891 0.0966797
0 0.527832 0.550293 0.0810547 0.0439453
0 0.738281 0.745117 0.0410156 0.0976562
0 0.549805 0.479004 0.0390625 0.0947266
0 0.485352 0.597168 0.0585938 0.124023
0 0.702148 0.86084 0.0625 0.0966797
0 0.390625 0.492676 0.0488281 0.0517578
0 0.552734 0.376465 0.0957031 0.0634766
0 0.65918 0.858398 0.0351562 0.105469
0 0.443848 0.616699 0.0693359 0.139648
0 0.428711 0.480957 0.0410156 0.118164
0 0.733398 0.650879 0.0742188 0.0478516
0 0.791504 0.757812 0.0537109 0.105469
0 0.609863 0.418945 0.0322266 0.105469
0 0.648926 0.727051 0.0712891 0.0810547
0 0.420898 0.417969 0.078125 0.0820312
