0 0.352051 0.694336 0.0517578 0.0273438
0 0.313477 0.744629 0.046875 0.0283203
0 0.498047 0.536133 0.0195312 0.0527344
0 0.27832 0.624023 0.0507812 0.0292969
0 0.273438 0.599609 0.0605469 0.0546875
0 0.442383 0.570801 0.0273438 0.0595703
0 0.479004 0.60791 0.0478516 0.116211
0 0.707031 0.673828 0.0703125 0.078125
0 0.268066 0.558594 0.0673828 0.078125
0 0.335938 0.375977 0.0585938 0.111328
0 0.68457 0.757812 0.0429688 0.125
0 0.780273 0.344727 0.078125 0.0859375
0 0.86084 0.609375 0.0439453 0.115234
