0 0.378906 0.40918 0.0214844 0.0351562
0 0.507812 0.455078 0.0332031 0.0214844
0 0.493652 0.330078 0.0361328 0.015625
0 0.483398 0.345703 0.0273438 0.0136719
0 0.377441 0.366699 0.0322266 0.0224609
0 0.459473 0.397461 0.0224609 0.0195312
0 0.678223 0.344727 0.0283203 0.0253906
0 0.459961 0.442871 0.0390625 0.0146484
0 0.513184 0.367676 0.0146484 0.0419922
0 0.42334 0.594727 0.0263672 0.0195312
0 0.418457 0.381348 0.0302734 0.0107422
0 0.478027 0.419922 0.0439453 0.0195312
0 0.594727 0.553223 0.0253906 0.0361328
0 0.536621 0.453125 0.0185547 0.03125
0 0.360352 0.43457 0.0175781 0.0292969
0 0.425293 0.459473 0.0263672 0.0244141
0 0.498047 0.491699 0.0351562 0.0185547
0 0.401367 0.444824 0.0195312 0.0380859
0 0.559082 0.341797 0.0341797 0.0136719
0 0.453125 0.431641 0.0371094 0.0136719
0 0.462891 0.34375 0.03125 0.0195312
0 0.53418 0.505371 0.0117188 0.0224609
0 0.417969 0.438477 0.0175781 0.0214844
0 0.454102 0.521973 0.03125 0.0380859
0 0.557129 0.412109 0.0185547 0.0371094
0 0.358398 0.47168 0.0117188 0.0410156
0 0.669922 0.329102 0.0253906 0.0195312
0 0.40625 0.503906 0.0234375 0.0351562
0 0.364746 0.359375 0.0185547 0.0332031
0 0.658203 0.525391 0.0175781 0.0390625
0 0.383301 0.345215 0.0224609 0.0263672
0 0.59668 0.491211 0.0234375 0.0429688
0 0.362305 0.499023 0.0117188 0.0410156
0 0.566406 0.494629 0.0273438 0.0166016
0 0.509277 0.556641 0.0205078 0.03125
0 0.438477 0.355469 0.0234375 0.015625
0 0.435547 0.470215 0.0214844 0.0263672
0 0.550781 0.331543 0.0390625 0.0146484
0 0.525391 0.513184 0.0253906 0.0205078
0 0.422363 0.339355 0.0283203 0.0185547
0 0.427734 0.480957 0.0273438 0.0224609
0 0.597656 0.44873 0.0332031 0.0166016
0 0.600586 0.424316 0.0214844 0.0380859
0 0.461426 0.550781 0.0244141 0.0351562
0 0.588867 0.425293 0.0234375 0.0361328
0 0.59082 0.523926 0.0292969 0.0244141
0 0.429199 0.631348 0.0302734 0.0283203
0 0.520508 0.40918 0.0273438 0.03125
0 0.408691 0.370605 0.0322266 0.0166016
0 0.356445 0.398926 0.03125 0.0263672
0 0.611328 0.558594 0.0292969 0.0390625
0 0.564941 0.450684 0.0166016 0.0361328
0 0.382324 0.380859 0.0341797 0.0214844
0 0.441895 0.595703 0.0146484 0.0410156
0 0.564941 0.569336 0.0302734 0.03125
0 0.374023 0.464844 0.0253906 0.0273438
0 0.460938 0.368164 0.0175781 0.0351562
0 0.67334 0.445801 0.0146484 0.0439453
0 0.57959 0.51709 0.0126953 0.0361328
0 0.388672 0.504395 0.0253906 0.0263672
0 0.55127 0.383789 0.0341797 0.0175781
0 0.425781 0.418945 0.0371094 0.0214844
0 0.571777 0.501465 0.0263672 0.0283203
0 0.498047 0.438965 0.0371094 0.0205078
0 0.537598 0.471191 0.0185547 0.0263672
0 0.477051 0.399902 0.0263672 0.0205078
0 0.357422 0.415039 0.03125 0.015625
0 0.512695 0.47998 0.0292969 0.0244141
0 0.490234 0.549805 0.015625 0.0390625
0 0.38916 0.486816 0.0283203 0.0166016
0 0.481934 0.599609 0.0126953 0.0429688
0 0.394531 0.556152 0.0292969 0.0244141
0 0.611328 0.525879 0.0292969 0.0439453
0 0.687012 0.450195 0.0126953 0.0488281
0 0.420898 0.557129 0.0292969 0.0185547
0 0.416016 0.624512 0.0195312 0.0478516
0 0.628906 0.333008 0.0371094 0.0175781
0 0.595703 0.711426 0.0214844 0.0380859
0 0.439453 0.372559 0.03125 0.0185547
0 0.699219 0.454102 0.0117188 0.0429688
0 0.400879 0.580078 0.0185547 0.0332031
0 0.632324 0.489746 0.0263672 0.0302734
0 0.506836 0.515137 0.0175781 0.0341797
0 0.547363 0.367676 0.0283203 0.0146484
0 0.47168 0.59668 0.015625 0.0429688
0 0.568359 0.542969 0.0332031 0.015625
0 0.54541 0.421875 0.0244141 0.0273438
0 0.445312 0.546875 0.0253906 0.0292969
0 0.527344 0.350098 0.015625 0.0439453
0 0.601562 0.344238 0.0390625 0.0185547
0 0.44043 0.337402 0.015625 0.0341797
0 0.668945 0.567383 0.015625 0.0507812
0 0.618652 0.38916 0.0244141 0.0537109
0 0.398926 0.469727 0.0341797 0.0214844
0 0.655762 0.460449 0.0263672 0.0302734
0 0.4375 0.410156 0.0292969 0.0234375
0 0.481934 0.364258 0.0322266 0.0273438
0 0.372559 0.496094 0.0126953 0.0449219
0 0.631836 0.469727 0.0234375 0.0214844
0 0.365723 0.528809 0.0185547 0.0341797
0 0.541016 0.536133 0.0273438 0.03125
0 0.649902 0.433105 0.0107422 0.0439453
0 0.541016 0.563965 0.0234375 0.0341797
0 0.522949 0.570312 0.0146484 0.0449219
0 0.661621 0.345215 0.0263672 0.0185547
0 0.663086 0.361328 0.03125 0.0136719
0 0.641602 0.347656 0.0273438 0.0234375
0 0.585449 0.590332 0.0380859 0.0400391
0 0.410156 0.351562 0.03125 0.0253906
0 0.375 0.563477 0.0214844 0.0371094
0 0.104492 0.364258 0.0292969 0.0527344
0 0.582031 0.865234 0.0195312 0.0605469
0 0.567383 0.649414 0.0234375 0.0546875
0 0.688965 0.514648 0.0146484 0.0332031
0 0.649902 0.319336 0.0341797 0.0175781
0 0.691406 0.541504 0.0292969 0.0224609
0 0.48291 0.514648 0.0322266 0.0292969
0 0.585449 0.459473 0.0302734 0.0244141
0 0.452148 0.636719 0.03125 0.0214844
0 0.47168 0.632812 0.015625 0.0449219
0 0.624512 0.597168 0.0263672 0.0380859
0 0.669922 0.518066 0.0234375 0.0419922
0 0.685547 0.489258 0.03125 0.0214844
0 0.437988 0.566406 0.0263672 0.0253906
0 0.412598 0.531738 0.0361328 0.0185547
0 0.52832 0.382812 0.0195312 0.03125
0 0.382812 0.532227 0.0253906 0.0332031
0 0.558594 0.702637 0.03125 0.0244141
0 0.706055 0.494629 0.0195312 0.0380859
0 0.424805 0.495117 0.0273438 0.0273438
0 0.549805 0.489746 0.0253906 0.0380859
0 0.583008 0.35791 0.0410156 0.0185547
0 0.419922 0.307129 0.0292969 0.0341797
0 0.453125 0.483887 0.03125 0.0380859
0 0.413574 0.398926 0.0302734 0.0263672
0 0.285156 0.48291 0.0351562 0.0302734
0 0.379395 0.329102 0.0341797 0.0195312
0 0.493652 0.625977 0.0341797 0.0195312
0 0.34668 0.532715 0.03125 0.0224609
0 0.626953 0.561523 0.0273438 0.0429688
0 0.530273 0.599609 0.0253906 0.0429688
0 0.552246 0.597656 0.0244141 0.0429688
0 0.631348 0.720703 0.0322266 0.0332031
0 0.615234 0.466309 0.0195312 0.0498047
0 0.64209 0.727539 0.0302734 0.0351562
0 0.638184 0.507812 0.0244141 0.0410156
0 0.711914 0.532715 0.0195312 0.0400391
0 0.713867 0.704102 0.0390625 0.0195312
0 0.589355 0.614746 0.0322266 0.0380859
0 0.327148 0.600098 0.0371094 0.0302734
0 0.242676 0.650879 0.0283203 0.0634766
0 0.665039 0.680664 0.0351562 0.0234375
0 0.63916 0.597656 0.0263672 0.0351562
0 0.538574 0.70752 0.0166016 0.0537109
0 0.67627 0.661133 0.0361328 0.0234375
0 0.311523 0.640137 0.0351562 0.0302734
0 0.271973 0.575195 0.0224609 0.0390625
0 0.518066 0.675781 0.0224609 0.046875
