0 0.446777 0.769531 0.0166016 0.0625
0 0.33252 0.612305 0.0185547 0.0605469
0 0.427734 0.629883 0.0195312 0.0644531
0 0.302734 0.665039 0.03125 0.0332031
0 0.65918 0.542969 0.0390625 0.0449219
0 0.686035 0.443359 0.0263672 0.0625
0 0.367676 0.667969 0.0185547 0.0703125
0 0.399902 0.617188 0.0361328 0.0683594
0 0.482422 0.804688 0.015625 0.0546875
0 0.47168 0.603027 0.0273438 0.0458984
0 0.315918 0.731445 0.0224609 0.0566406
0 0.605469 0.593262 0.0273438 0.0595703
0 0.462891 0.802734 0.0234375 0.0566406
0 0.330566 0.658203 0.0185547 0.0351562
0 0.571289 0.760254 0.0332031 0.0302734
0 0.513672 0.418945 0.0214844 0.0527344
0 0.462402 0.507324 0.0283203 0.0537109
0 0.596191 0.754883 0.0693359 0.0371094
0 0.463379 0.722168 0.0361328 0.0517578
0 0.486328 0.630859 0.015625 0.0507812
0 0.368652 0.578613 0.0302734 0.0244141
0 0.417969 0.544922 0.0371094 0.0292969
0 0.479492 0.497559 0.0332031 0.0478516
0 0.37207 0.614746 0.0292969 0.0458984
0 0.368652 0.453125 0.0341797 0.0292969
0 0.389648 0.419434 0.0253906 0.0419922
0 0.29834 0.602539 0.0322266 0.0664062
0 0.310059 0.688477 0.0380859 0.0449219
0 0.573242 0.598633 0.0449219 0.0410156
0 0.398926 0.787109 0.0205078 0.0585938
0 0.349609 0.650879 0.0234375 0.0517578
0 0.580078 0.390625 0.046875 0.0371094
0 0.42627 0.43457 0.0185547 0.0507812
0 0.321777 0.786133 0.0341797 0.0449219
0 0.526855 0.478516 0.0185547 0.0625
0 0.368164 0.783203 0.0449219 0.0273438
0 0.5 0.462402 0.0390625 0.0400391
0 0.568359 0.368164 0.0507812 0.0175781
0 0.597168 0.514648 0.0185547 0.0527344
0 0.667969 0.674805 0.046875 0.0839844
0 0.512695 0.536133 0.0175781 0.0722656
0 0.319336 0.633789 0.0175781 0.0410156
0 0.552734 0.652344 0.046875 0.0390625
0 0.504883 0.362793 0.0292969 0.0771484
0 0.342285 0.711426 0.0244141 0.0576172
0 0.404785 0.419922 0.0205078 0.0507812
0 0.427246 0.768555 0.0244141 0.0839844
0 0.3125 0.541504 0.0234375 0.0654297
0 0.373047 0.543945 0.0195312 0.0585938
0 0.345215 0.572266 0.0224609 0.0507812
0 0.640625 0.496094 0.0234375 0.0664062
0 0.45166 0.384766 0.0419922 0.0351562
0 0.464355 0.664062 0.0244141 0.0722656
0 0.425781 0.837891 0.0605469 0.046875
0 0.377441 0.401367 0.0361328 0.0371094
0 0.630859 0.595703 0.0234375 0.0585938
0 0.632324 0.553711 0.0517578 0.0488281
0 0.578125 0.425293 0.0625 0.0400391
0 0.560547 0.395996 0.0351562 0.0419922
0 0.614258 0.504883 0.0195312 0.0546875
0 0.389648 0.746582 0.0566406 0.0361328
0 0.694336 0.578613 0.03125 0.0693359
0 0.601074 0.629883 0.0400391 0.0351562
0 0.388672 0.653809 0.0273438 0.0712891
0 0.507812 0.769531 0.0507812 0.0625
0 0.735352 0.592773 0.0449219 0.0722656
0 0.414062 0.696289 0.03125 0.0566406
0 0.5625 0.731445 0.0488281 0.0449219
0 0.476074 0.385254 0.0322266 0.0498047
0 0.472656 0.445312 0.0273438 0.0625
0 0.74707 0.507324 0.078125 0.0439453
0 0.332031 0.53418 0.0195312 0.0683594
0 0.554199 0.513184 0.0615234 0.0322266
0 0.532715 0.388672 0.0244141 0.0800781
0 0.395508 0.489258 0.0253906 0.0625
0 0.580566 0.450684 0.0595703 0.0283203
0 0.696289 0.498535 0.0488281 0.0341797
0 0.5625 0.477539 0.0527344 0.0371094
0 0.709473 0.30957 0.0400391 0.0761719
