0 0.339844 0.460449 0.0625 0.0244141
0 0.512695 0.683105 0.0292969 0.0283203
0 0.746094 0.241211 0.0390625 0.0332031
0 0.633789 0.290039 0.0664062 0.0214844
0 0.456543 0.29541 0.0537109 0.0361328
0 0.482422 0.723145 0.046875 0.0166016
0 0.700195 0.269531 0.0585938 0.0195312
0 0.646973 0.44043 0.0263672 0.0273438
0 0.101074 0.460449 0.0966797 0.0263672
0 0.404785 0.456543 0.0419922 0.0322266
0 0.525879 0.694336 0.0341797 0.0195312
0 0.0791016 0.442871 0.0644531 0.0341797
0 0.640137 0.455566 0.0380859 0.0302734
0 0.281738 0.452148 0.0556641 0.0214844
0 0.316895 0.448242 0.0576172 0.015625
0 0.392578 0.322266 0.0507812 0.03125
0 0.461426 0.687012 0.0341797 0.0302734
0 0.188477 0.331055 0.046875 0.0449219
0 0.355469 0.465332 0.0585938 0.0224609
0 0.527344 0.680176 0.0253906 0.0263672
0 0.435547 0.337402 0.0507812 0.0341797
0 0.465332 0.707031 0.0498047 0.0175781
0 0.49707 0.71582 0.0273438 0.0234375
0 0.474121 0.448242 0.0400391 0.0332031
0 0.489258 0.691406 0.0351562 0.0214844
0 0.516602 0.71875 0.0292969 0.0234375
0 0.281738 0.466309 0.0439453 0.0283203
0 0.499023 0.666992 0.0371094 0.0273438
0 0.549805 0.329102 0.0507812 0.0273438
0 0.368164 0.439941 0.0625 0.0185547
0 0.535156 0.663086 0.0390625 0.0273438
0 0.430176 0.461426 0.0361328 0.0244141
0 0.516113 0.646484 0.0419922 0.0253906
0 0.431152 0.693359 0.0478516 0.0292969
0 0.214355 0.456055 0.0654297 0.0253906
