0 0.415039 0.290527 0.0351562 0.0712891
0 0.486328 0.583984 0.0546875 0.0390625
0 0.490234 0.236816 0.0527344 0.0400391
0 0.362305 0.457031 0.0507812 0.0410156
0 0.702637 0.417969 0.0576172 0.0371094
0 0.387695 0.761719 0.0488281 0.0410156
0 0.364746 0.575195 0.0517578 0.0546875
0 0.319336 0.68457 0.0371094 0.0644531
0 0.376953 0.702148 0.03125 0.0664062
0 0.499023 0.526855 0.0507812 0.0341797
0 0.541992 0.302246 0.0410156 0.0595703
0 0.688477 0.320801 0.0546875 0.0380859
0 0.54834 0.428711 0.0498047 0.0410156
0 0.445312 0.421387 0.0507812 0.0478516
0 0.27832 0.528809 0.0371094 0.0576172
0 0.576172 0.396484 0.0410156 0.0546875
0 0.455566 0.482422 0.0322266 0.0664062
0 0.654785 0.43457 0.0341797 0.0644531
0 0.225586 0.775391 0.0488281 0.0527344
0 0.480957 0.685059 0.0419922 0.0576172
0 0.638184 0.29834 0.0419922 0.0537109
0 0.556641 0.536621 0.0507812 0.0458984
0 0.442871 0.671875 0.0419922 0.0507812
