0 0.682617 0.355957 0.0136719 0.0419922
0 0.587402 0.602539 0.0263672 0.0410156
0 0.634277 0.43457 0.0283203 0.0253906
0 0.694336 0.515625 0.0136719 0.0390625
0 0.540039 0.48584 0.0332031 0.0263672
0 0.536133 0.468262 0.0332031 0.0283203
0 0.450684 0.57959 0.0166016 0.0439453
0 0.593262 0.473145 0.0205078 0.0439453
0 0.439941 0.59668 0.0185547 0.0488281
0 0.723633 0.412109 0.0253906 0.0234375
0 0.453125 0.525391 0.0371094 0.0195312
0 0.462402 0.540039 0.0400391 0.0214844
0 0.55957 0.464844 0.0253906 0.03125
0 0.404785 0.449707 0.0322266 0.0361328
0 0.499512 0.347656 0.0224609 0.0488281
0 0.516602 0.51709 0.0253906 0.0439453
0 0.514648 0.440918 0.0175781 0.0380859
0 0.425781 0.451172 0.0234375 0.0351562
0 0.509766 0.547852 0.0390625 0.0253906
0 0.558594 0.510254 0.0214844 0.0458984
0 0.442383 0.464844 0.0253906 0.0371094
0 0.511719 0.594238 0.0273438 0.0458984
0 0.43457 0.557617 0.0175781 0.0488281
0 0.408691 0.480957 0.0322266 0.0302734
0 0.443359 0.400879 0.0253906 0.0498047
0 0.598633 0.535156 0.015625 0.0488281
0 0.555176 0.577637 0.0283203 0.0458984
0 0.584473 0.518066 0.0185547 0.0498047
0 0.58252 0.573242 0.0322266 0.0332031
0 0.42041 0.574707 0.0302734 0.0322266
0 0.518555 0.489258 0.0253906 0.0449219
0 0.378418 0.481445 0.0380859 0.0292969
