0 0.401367 0.554199 0.0625 0.0419922
0 0.296387 0.49707 0.0400391 0.0605469
0 0.501953 0.559082 0.0429688 0.0634766
0 0.468262 0.699219 0.0283203 0.0546875
0 0.546875 0.450195 0.0292969 0.0683594
0 0.493652 0.646484 0.0400391 0.0722656
0 0.328613 0.480957 0.0283203 0.0693359
0 0.526367 0.685059 0.0527344 0.0458984
0 0.364258 0.457031 0.0292969 0.0742188
0 0.316895 0.482422 0.0224609 0.0683594
0 0.565918 0.456543 0.0224609 0.0673828
0 0.369629 0.584473 0.0537109 0.0498047
0 0.506348 0.300781 0.0556641 0.0742188
0 0.288574 0.517578 0.0458984 0.0546875
0 0.604004 0.456055 0.0361328 0.0976562
0 0.57666 0.347656 0.0283203 0.0742188
0 0.462402 0.486328 0.0478516 0.078125
0 0.382812 0.389648 0.0292969 0.0761719
0 0.537598 0.460449 0.0341797 0.0732422
0 0.64502 0.675293 0.0537109 0.0654297
0 0.466797 0.342285 0.0625 0.0322266
0 0.307129 0.409668 0.0556641 0.0517578
