0 0.723633 0.989258 0.0195312 0.0214844
0 0.397461 0.608398 0.0136719 0.0292969
0 0.499023 0.506836 0.0253906 0.0390625
0 0.671875 0.710938 0.015625 0.0585938
0 0.583008 0.709961 0.0214844 0.0332031
0 0.405762 0.595703 0.0146484 0.0507812
0 0.697266 0.63623 0.0234375 0.0419922
0 0.661133 0.525391 0.0292969 0.0390625
0 0.553711 0.562988 0.015625 0.0302734
0 0.51416 0.504883 0.0302734 0.0292969
0 0.62793 0.748047 0.0214844 0.0625
0 0.611328 0.556641 0.0351562 0.0332031
0 0.522949 0.882812 0.0146484 0.0664062
0 0.40918 0.559082 0.0253906 0.0224609
0 0.657227 0.389648 0.0175781 0.0605469
0 0.645996 0.515625 0.0146484 0.046875
0 0.3125 0.722168 0.0195312 0.0380859
0 0.578125 0.723633 0.03125 0.0273438
0 0.348633 0.837402 0.03125 0.0263672
0 0.705566 0.916016 0.0302734 0.0351562
0 0.52002 0.5625 0.0166016 0.0507812
0 0.497559 0.476562 0.0283203 0.0273438
0 0.486816 0.511719 0.0205078 0.0429688
0 0.579102 0.534668 0.0253906 0.0400391
0 0.336426 0.736328 0.0283203 0.0195312
0 0.626953 0.866211 0.0195312 0.0488281
0 0.777344 0.592285 0.0195312 0.0537109
0 0.480469 0.449707 0.0292969 0.0185547
0 0.592773 0.695312 0.0273438 0.0292969
0 0.566406 0.509766 0.0273438 0.0273438
0 0.654785 0.244629 0.0166016 0.0498047
