0 0.549316 0.615234 0.0439453 0.0800781
0 0.625 0.419922 0.0761719 0.0488281
0 0.250977 0.69873 0.0800781 0.0693359
0 0.796387 0.525879 0.112305 0.0380859
0 0.69873 0.475586 0.124023 0.0332031
0 0.689941 0.76709 0.0791016 0.0478516
0 0.507812 0.868652 0.130859 0.0556641
0 0.388184 0.341309 0.0458984 0.0712891
0 0.340332 0.375 0.0712891 0.0449219
0 0.607422 0.464355 0.0507812 0.0732422
0 0.755859 0.384766 0.115234 0.0664062
0 0.25 0.359375 0.107422 0.0507812
0 0.238281 0.562988 0.0507812 0.0673828
0 0.379883 0.520508 0.0429688 0.0664062
0 0.452637 0.375488 0.0927734 0.0419922
