0 0.319336 0.341797 0.03125 0.0253906
0 0.421875 0.5 0.0273438 0.0488281
0 0.833496 0.550781 0.0341797 0.0371094
0 0.419922 0.521484 0.0253906 0.046875
0 0.381348 0.394043 0.0205078 0.0458984
0 0.563477 0.226562 0.0234375 0.0449219
0 0.186035 0.290527 0.0302734 0.0439453
0 0.210449 0.307617 0.0439453 0.0488281
0 0.363281 0.738281 0.0273438 0.0527344
0 0.759766 0.623047 0.0253906 0.0488281
0 0.53418 0.668945 0.0234375 0.0507812
0 0.882812 0.200195 0.0332031 0.0253906
0 0.507812 0.446289 0.0410156 0.0253906
0 0.308105 0.705566 0.0400391 0.0244141
0 0.695801 0.680664 0.0400391 0.0273438
0 0.661621 0.592773 0.0224609 0.0507812
0 0.447266 0.659668 0.0332031 0.0263672
0 0.772949 0.725586 0.0458984 0.0273438
0 0.227051 0.689453 0.0419922 0.0253906
0 0.606445 0.229492 0.03125 0.0566406
0 0.482422 0.17041 0.0253906 0.0634766
0 0.294434 0.127441 0.0341797 0.0556641
0 0.68457 0.495117 0.03125 0.0390625
0 0.0878906 0.486816 0.0253906 0.0517578
0 0.299805 0.742188 0.0351562 0.0371094
0 0.728516 0.398926 0.0371094 0.0361328
0 0.445801 0.425781 0.0302734 0.0429688
0 0.343262 0.757812 0.0400391 0.0371094
0 0.57666 0.918457 0.0283203 0.0458984
0 0.692383 0.716309 0.0234375 0.0537109
0 0.396973 0.287598 0.0361328 0.0537109
0 0.394043 0.375488 0.0380859 0.0400391
0 0.546875 0.160156 0.0371094 0.03125
0 0.474121 0.673828 0.0224609 0.0488281
0 0.362305 0.411133 0.0234375 0.0488281
0 0.192383 0.34668 0.0292969 0.0546875
0 0.618164 0.498535 0.0234375 0.0517578
0 0.0493164 0.600586 0.0322266 0.0449219
0 0.428711 0.636719 0.0332031 0.03125
0 0.748535 0.565918 0.0361328 0.0341797
0 0.0922852 0.418457 0.0400391 0.0517578
0 0.902344 0.505859 0.0351562 0.0410156
0 0.168457 0.379883 0.0302734 0.0507812
0 0.615234 0.464844 0.0292969 0.0527344
0 0.40332 0.307617 0.0371094 0.0429688
0 0.522461 0.488281 0.0371094 0.0371094
0 0.217773 0.715332 0.0410156 0.0419922
0 0.227539 0.379883 0.0292969 0.0507812
0 0.487305 0.661133 0.0292969 0.0507812
0 0.633301 0.709961 0.0322266 0.046875
0 0.210938 0.431152 0.0429688 0.0322266
0 0.525391 0.894531 0.0371094 0.046875
0 0.648438 0.523438 0.0273438 0.0371094
0 0.359375 0.807129 0.0390625 0.0419922
0 0.563477 0.755859 0.0371094 0.0371094
0 0.211426 0.558105 0.0419922 0.0498047
