0 0.481445 0.521484 0.046875 0.0390625
0 0.415527 0.577148 0.0283203 0.0722656
0 0.572754 0.483887 0.0322266 0.0244141
0 0.583984 0.522461 0.0195312 0.0546875
0 0.527344 0.476074 0.0234375 0.0537109
0 0.540527 0.507812 0.0400391 0.0351562
0 0.509766 0.54541 0.0175781 0.0556641
0 0.484375 0.589844 0.0371094 0.0351562
0 0.591309 0.411621 0.0400391 0.0283203
0 0.489258 0.553711 0.0273438 0.0351562
0 0.541504 0.474121 0.0205078 0.0537109
0 0.611328 0.355469 0.0429688 0.0175781
0 0.68457 0.46875 0.0429688 0.0195312
0 0.500977 0.492188 0.0390625 0.0371094
0 0.563477 0.414062 0.015625 0.0625
0 0.569824 0.519531 0.0224609 0.0546875
0 0.563965 0.464355 0.0341797 0.0419922
0 0.401367 0.495605 0.0410156 0.0615234
0 0.609863 0.393066 0.0146484 0.0595703
0 0.591309 0.431152 0.0361328 0.0341797
0 0.523926 0.568848 0.0400391 0.0361328
0 0.635742 0.403809 0.0175781 0.0517578
0 0.723145 0.49707 0.0341797 0.046875
0 0.673828 0.360352 0.0175781 0.0546875
0 0.427246 0.508789 0.0205078 0.0527344
0 0.654297 0.379395 0.0214844 0.0517578
0 0.717285 0.463867 0.0322266 0.0449219
0 0.410156 0.427734 0.0234375 0.0546875
0 0.642578 0.477539 0.03125 0.0507812
0 0.480957 0.699219 0.0322266 0.0527344
