0 0.400879 0.265137 0.0244141 0.0556641
0 0.310059 0.40918 0.0361328 0.0351562
0 0.416504 0.314941 0.0283203 0.0478516
0 0.413086 0.277832 0.0234375 0.0458984
0 0.384766 0.518555 0.0234375 0.0683594
0 0.468262 0.454102 0.0185547 0.0566406
0 0.381348 0.446777 0.0244141 0.0673828
0 0.53418 0.503906 0.0253906 0.0742188
0 0.41748 0.566895 0.0224609 0.0751953
0 0.446289 0.489258 0.0292969 0.0585938
0 0.443359 0.302734 0.0273438 0.0429688
0 0.389648 0.369141 0.0214844 0.0546875
0 0.40332 0.634277 0.0292969 0.0458984
0 0.370117 0.597656 0.0234375 0.0839844
0 0.325195 0.55957 0.0136719 0.0488281
0 0.400879 0.518555 0.0224609 0.0507812
0 0.443848 0.527832 0.0322266 0.0537109
0 0.432129 0.144531 0.0263672 0.0546875
0 0.337891 0.540039 0.0175781 0.0605469
0 0.47168 0.493164 0.0195312 0.0664062
0 0.529297 0.579102 0.0351562 0.0332031
0 0.503906 0.796875 0.0410156 0.03125
0 0.305664 0.458008 0.0292969 0.0683594
0 0.496582 0.404297 0.0302734 0.046875
0 0.279297 0.45166 0.03125 0.0576172
0 0.519531 0.844727 0.0351562 0.0585938
0 0.349121 0.572266 0.0283203 0.0566406
