0 0.0888672 0.904297 0.0371094 0.0371094
0 0.616699 0.67627 0.0400391 0.0400391
0 0.519043 0.571777 0.0615234 0.0283203
0 0.651367 0.455566 0.0390625 0.0517578
0 0.193848 0.484375 0.0380859 0.0371094
0 0.501953 0.320801 0.0585938 0.0380859
0 0.343262 0.430176 0.0654297 0.0400391
0 0.0766602 0.57959 0.0361328 0.0439453
0 0.401367 0.367188 0.0390625 0.0546875
0 0.268555 0.379395 0.0683594 0.0224609
0 0.486328 0.54248 0.0410156 0.0478516
0 0.695801 0.597656 0.0595703 0.0351562
0 0.141113 0.474609 0.0478516 0.0351562
0 0.645508 0.394531 0.0605469 0.03125
0 0.47168 0.483398 0.0429688 0.046875
0 0.651855 0.299316 0.0556641 0.0419922
