0 0.434082 0.466309 0.0224609 0.0419922
0 0.378418 0.490234 0.0126953 0.0390625
0 0.439941 0.459473 0.0205078 0.0380859
0 0.682617 0.482422 0.0371094 0.0507812
0 0.411621 0.52832 0.0283203 0.0292969
0 0.412598 0.472656 0.0146484 0.0507812
0 0.428223 0.483398 0.0224609 0.0410156
0 0.513672 0.462402 0.0195312 0.0498047
0 0.539551 0.450684 0.0244141 0.0380859
0 0.529297 0.431641 0.0234375 0.0390625
0 0.571289 0.4375 0.0195312 0.0703125
0 0.445312 0.443359 0.0273438 0.0371094
0 0.509277 0.497559 0.0126953 0.0478516
0 0.499023 0.44873 0.0214844 0.0537109
0 0.463379 0.479004 0.0283203 0.0283203
0 0.4375 0.413574 0.0449219 0.0224609
0 0.553711 0.452637 0.0214844 0.0458984
0 0.54834 0.395508 0.0263672 0.0507812
0 0.525391 0.410156 0.0253906 0.0351562
0 0.450195 0.552734 0.0253906 0.0625
0 0.401855 0.489746 0.0126953 0.0478516
0 0.708496 0.595703 0.0302734 0.046875
0 0.547363 0.503906 0.0283203 0.0332031
0 0.628906 0.55957 0.0234375 0.0292969
0 0.45166 0.510254 0.0185547 0.0458984
