0 0.693359 0.719727 0.0566406 0.0820312
0 0.180176 0.608887 0.139648 0.0732422
0 0.646973 0.716797 0.0458984 0.0800781
0 0.646484 0.590332 0.109375 0.0751953
0 0.414551 0.461426 0.145508 0.0439453
0 0.551758 0.691406 0.113281 0.0605469
0 0.50293 0.45752 0.0742188 0.100586
0 0.482422 0.530762 0.0878906 0.108398
0 0.331055 0.513184 0.0976562 0.0830078
0 0.570801 0.882812 0.12207 0.09375
0 0.615723 0.38623 0.118164 0.0615234
0 0.361816 0.484375 0.133789 0.0742188
0 0.531738 0.550293 0.0751953 0.0732422
0 0.277832 0.514648 0.0947266 0.0800781
0 0.59375 0.453613 0.125 0.0751953
0 0.446777 0.423828 0.102539 0.0625
0 0.772949 0.391113 0.110352 0.0908203
