0 0.525391 0.450684 0.0175781 0.0458984
0 0.777832 0.694824 0.0244141 0.0517578
0 0.600098 0.488281 0.0263672 0.03125
0 0.336914 0.679688 0.0214844 0.0253906
0 0.525391 0.511719 0.03125 0.0273438
0 0.413574 0.489746 0.0185547 0.0419922
0 0.526367 0.374512 0.0136719 0.0244141
0 0.555176 0.408203 0.0380859 0.0273438
0 0.719727 0.291992 0.0234375 0.0214844
0 0.691406 0.391113 0.0253906 0.0166016
0 0.744629 0.67627 0.0341797 0.0244141
0 0.557617 0.516602 0.0234375 0.0234375
0 0.805176 0.672363 0.0224609 0.0517578
0 0.772949 0.532227 0.0205078 0.0371094
0 0.782715 0.605469 0.0166016 0.0449219
0 0.702148 0.273926 0.03125 0.0244141
0 0.777832 0.620605 0.0166016 0.0361328
0 0.724121 0.536621 0.0283203 0.0361328
0 0.505371 0.382324 0.0302734 0.0224609
0 0.484375 0.397461 0.0351562 0.0175781
0 0.797363 0.584961 0.0380859 0.0234375
0 0.245117 0.563965 0.0253906 0.0205078
0 0.250977 0.540527 0.0253906 0.0224609
0 0.308105 0.249023 0.0302734 0.0605469
