0 0.583008 0.401367 0.0332031 0.0351562
0 0.587891 0.259766 0.0273438 0.0625
0 0.529297 0.397461 0.0234375 0.0683594
0 0.305176 0.552734 0.0263672 0.0429688
0 0.567871 0.341797 0.0205078 0.0605469
0 0.561523 0.692383 0.0214844 0.0527344
0 0.463867 0.277344 0.0253906 0.0546875
0 0.508789 0.680664 0.03125 0.0488281
0 0.326172 0.244629 0.03125 0.0595703
0 0.450684 0.518066 0.0302734 0.0361328
0 0.479004 0.299316 0.0341797 0.0380859
0 0.376465 0.246582 0.0302734 0.0615234
0 0.560547 0.744629 0.03125 0.0498047
0 0.386719 0.38623 0.0351562 0.0341797
0 0.354004 0.743164 0.0361328 0.0449219
0 0.367188 0.153809 0.0371094 0.0751953
0 0.464355 0.242676 0.0361328 0.0380859
0 0.535645 0.702148 0.0263672 0.0527344
0 0.47168 0.397461 0.0332031 0.0429688
0 0.458496 0.486816 0.0224609 0.0595703
0 0.572266 0.663086 0.0371094 0.0410156
0 0.48291 0.572266 0.0361328 0.0371094
0 0.428223 0.271973 0.0224609 0.0654297
0 0.451172 0.761719 0.0273438 0.0625
0 0.456055 0.31543 0.0214844 0.0527344
0 0.471191 0.430664 0.0302734 0.0507812
0 0.527344 0.682129 0.03125 0.0341797
0 0.47168 0.694336 0.0214844 0.0605469
0 0.476562 0.604004 0.0351562 0.0341797
0 0.555664 0.71875 0.0273438 0.0507812
0 0.447266 0.381348 0.0273438 0.0673828
0 0.448242 0.693359 0.0253906 0.0664062
0 0.42334 0.40332 0.0244141 0.0605469
0 0.358398 0.224121 0.0253906 0.0673828
0 0.429199 0.793945 0.0302734 0.0527344
0 0.399414 0.151855 0.0332031 0.0517578
0 0.53418 0.429688 0.0292969 0.0507812
0 0.550293 0.322266 0.0341797 0.03125
0 0.461914 0.558594 0.0214844 0.0625
0 0.467285 0.638672 0.0400391 0.0371094
0 0.501953 0.639648 0.03125 0.0488281
0 0.543945 0.371094 0.0253906 0.0429688
0 0.408203 0.51123 0.0332031 0.0400391
0 0.494629 0.490234 0.0341797 0.0546875
0 0.518555 0.334961 0.0351562 0.0410156
0 0.408691 0.40918 0.0224609 0.0664062
0 0.395508 0.194336 0.0214844 0.0644531
0 0.557617 0.406738 0.0410156 0.0380859
0 0.518066 0.583496 0.0341797 0.0322266
0 0.69873 0.614258 0.0439453 0.0507812
0 0.487305 0.202148 0.0371094 0.0390625
0 0.313965 0.214355 0.0244141 0.0791016
0 0.363281 0.336914 0.03125 0.0449219
0 0.547852 0.555176 0.0253906 0.0576172
0 0.558105 0.634766 0.0283203 0.0664062
0 0.471191 0.532227 0.0322266 0.0410156
0 0.355469 0.261719 0.0195312 0.0644531
0 0.48584 0.678711 0.0263672 0.0546875
0 0.523438 0.663086 0.03125 0.0332031
0 0.370117 0.0556641 0.0390625 0.0410156
0 0.208984 0.506836 0.0234375 0.0605469
0 0.554199 0.288086 0.0341797 0.0527344
0 0.442871 0.737305 0.0341797 0.0410156
0 0.626465 0.349121 0.0244141 0.0673828
0 0.625488 0.286621 0.0322266 0.0478516
0 0.412598 0.208008 0.0205078 0.0683594
0 0.571289 0.228516 0.0292969 0.0625
0 0.375488 0.580566 0.0302734 0.0458984
0 0.388184 0.348145 0.0361328 0.0419922
0 0.394043 0.635742 0.0224609 0.0644531
0 0.367676 0.291992 0.0341797 0.0664062
0 0.418945 0.25 0.0273438 0.0625
0 0.564453 0.456543 0.0390625 0.0478516
0 0.657227 0.314453 0.0253906 0.0625
0 0.564453 0.262695 0.0390625 0.0527344
0 0.445312 0.484375 0.0273438 0.0546875
0 0.526367 0.732422 0.0332031 0.0625
0 0.409668 0.673828 0.0224609 0.0683594
0 0.74707 0.300293 0.0253906 0.0869141
0 0.514648 0.612793 0.0175781 0.0576172
0 0.564453 0.495605 0.0351562 0.0556641
0 0.671875 0.273926 0.0253906 0.0771484
0 0.314941 0.464844 0.0263672 0.0722656
0 0.449219 0.802246 0.0390625 0.0400391
0 0.419922 0.48291 0.0273438 0.0693359
0 0.401367 0.319336 0.03125 0.0527344
0 0.357422 0.767578 0.0390625 0.0390625
0 0.308105 0.385742 0.0244141 0.0722656
0 0.362305 0.364258 0.0371094 0.0332031
0 0.503418 0.860352 0.0244141 0.0761719
0 0.512695 0.298828 0.0292969 0.0625
0 0.645996 0.291504 0.0205078 0.0673828
0 0.657227 0.36084 0.0332031 0.0556641
0 0.381836 0.719727 0.0273438 0.0605469
0 0.716797 0.648438 0.03125 0.0761719
0 0.399902 0.254883 0.0263672 0.0566406
0 0.402344 0.286621 0.0351562 0.0322266
0 0.519531 0.183105 0.0253906 0.0634766
0 0.431152 0.533203 0.0341797 0.0351562
0 0.30957 0.0458984 0.0429688 0.0488281
0 0.432129 0.654297 0.0322266 0.0429688
0 0.366211 0.403809 0.03125 0.0556641
0 0.412598 0.628418 0.0322266 0.0556641
0 0.589844 0.340332 0.0332031 0.0439453
0 0.624023 0.47168 0.0332031 0.0605469
0 0.529297 0.109863 0.0410156 0.0400391
0 0.27832 0.24707 0.0371094 0.0488281
0 0.373535 0.463379 0.0419922 0.0458984
0 0.361328 0.0805664 0.0410156 0.0517578
0 0.409668 0.823242 0.0322266 0.0625
0 0.512207 0.556152 0.0341797 0.0419922
0 0.477539 0.462402 0.0390625 0.0361328
0 0.666016 0.552734 0.0273438 0.0703125
0 0.310059 0.523438 0.0341797 0.046875
0 0.645508 0.457031 0.0214844 0.0664062
0 0.321289 0.743164 0.0390625 0.0410156
0 0.340332 0.535156 0.0322266 0.046875
0 0.680664 0.643555 0.0371094 0.0488281
0 0.574219 0.174805 0.0351562 0.0585938
0 0.418457 0.106445 0.0302734 0.0761719
0 0.488281 0.744141 0.0273438 0.0625
0 0.221191 0.47168 0.0380859 0.0351562
0 0.671875 0.425781 0.0273438 0.0585938
0 0.605469 0.317871 0.0351562 0.0380859
0 0.336426 0.499023 0.0283203 0.0546875
0 0.619141 0.210938 0.0390625 0.0585938
0 0.554688 0.182617 0.0292969 0.0683594
0 0.524414 0.875 0.0253906 0.0703125
0 0.200684 0.17627 0.0341797 0.0576172
0 0.605469 0.579102 0.03125 0.0664062
0 0.571289 0.808594 0.0410156 0.046875
0 0.476562 0.114258 0.0410156 0.0566406
0 0.321289 0.582031 0.0332031 0.0546875
0 0.509277 0.412109 0.0322266 0.0566406
0 0.334961 0.408691 0.0292969 0.0595703
0 0.533203 0.0742188 0.0390625 0.0488281
0 0.412109 0.735352 0.0390625 0.0449219
0 0.283691 0.211426 0.0341797 0.0673828
0 0.603516 0.430176 0.0351562 0.0517578
0 0.378906 0.673828 0.0332031 0.0546875
