0 0.430664 0.548828 0.0625 0.0527344
0 0.479004 0.752441 0.0615234 0.0439453
0 0.553711 0.578125 0.0371094 0.078125
0 0.37793 0.65625 0.0292969 0.0566406
0 0.587891 0.47998 0.0644531 0.0458984
0 0.58252 0.54541 0.0458984 0.0888672
0 0.410645 0.634766 0.0517578 0.0800781
0 0.463867 0.79248 0.0410156 0.0732422
0 0.52832 0.620117 0.0664062 0.0410156
0 0.569336 0.935059 0.0351562 0.0849609
0 0.40918 0.743652 0.0273438 0.0986328
0 0.586426 0.603027 0.0244141 0.0732422
0 0.470703 0.70459 0.0644531 0.0654297
0 0.452148 0.660156 0.0683594 0.0429688
0 0.646973 0.632324 0.0634766 0.0556641
0 0.541992 0.653809 0.0722656 0.0380859
0 0.523926 0.525879 0.0673828 0.0576172
0 0.487793 0.615723 0.0556641 0.0576172
0 0.606445 0.641113 0.0351562 0.0869141
0 0.453613 0.444336 0.0712891 0.0488281
0 0.336426 0.617188 0.0478516 0.0839844
0 0.70459 0.53125 0.0458984 0.0996094
0 0.675781 0.830078 0.0449219 0.0839844
