0 0.65918 0.0131836 0.0859375 0.0263672
0 0.355957 0.354004 0.0712891 0.0439453
0 0.714355 0.897461 0.0869141 0.0273438
0 0.540527 0.635254 0.0400391 0.0556641
0 0.652832 0.312012 0.0634766 0.0595703
0 0.626953 0.570801 0.107422 0.0283203
0 0.519043 0.606934 0.0888672 0.0283203
0 0.416992 0.338867 0.0859375 0.0507812
0 0.608398 0.607422 0.0664062 0.0507812
0 0.831543 0.871582 0.0654297 0.0556641
0 0.691895 0.697754 0.0732422 0.0302734
0 0.347168 0.480469 0.0537109 0.0664062
0 0.576172 0.526367 0.0761719 0.0214844
0 0.64502 0.380859 0.0791016 0.0488281
0 0.771973 0.746094 0.0478516 0.0566406
0 0.276855 0.182129 0.100586 0.0380859
0 0.621094 0.624512 0.0722656 0.0517578
0 0.191895 0.216309 0.0634766 0.0615234
0 0.186523 0.150391 0.0722656 0.0585938
0 0.0712891 0.412109 0.0488281 0.0703125
0 0.569336 0.704102 0.0683594 0.0585938
