0 0.516602 0.643066 0.0234375 0.0517578
0 0.465332 0.555664 0.0263672 0.046875
0 0.502441 0.550781 0.0166016 0.0507812
0 0.445312 0.549805 0.0175781 0.0761719
0 0.436035 0.672852 0.0400391 0.0546875
0 0.742676 0.441406 0.0283203 0.0605469
0 0.404297 0.283203 0.0234375 0.046875
0 0.393555 0.387695 0.0390625 0.0566406
0 0.491699 0.585938 0.0126953 0.0644531
0 0.457031 0.474609 0.0195312 0.0878906
0 0.388184 0.625977 0.0205078 0.0722656
0 0.611328 0.663086 0.0273438 0.0429688
0 0.589355 0.666504 0.0478516 0.0400391
0 0.552246 0.617188 0.0263672 0.0585938
0 0.453613 0.390625 0.0185547 0.0820312
0 0.589844 0.6875 0.0410156 0.0273438
0 0.42334 0.348145 0.0439453 0.0556641
0 0.427246 0.52832 0.0205078 0.0839844
0 0.360352 0.535156 0.046875 0.0546875
0 0.422852 0.414062 0.0175781 0.0527344
0 0.392578 0.482422 0.0214844 0.0722656
0 0.372559 0.462402 0.0322266 0.0673828
0 0.475098 0.445801 0.0224609 0.0595703
0 0.483887 0.60791 0.0263672 0.0693359
0 0.414551 0.455078 0.0322266 0.0351562
0 0.438477 0.331543 0.0195312 0.0673828
0 0.369141 0.413574 0.03125 0.0537109
0 0.472656 0.71582 0.0292969 0.0742188
0 0.517578 0.383301 0.0234375 0.0771484
0 0.58252 0.551758 0.0283203 0.0722656
0 0.470703 0.502441 0.0117188 0.0634766
0 0.44043 0.462891 0.0195312 0.0839844
0 0.523926 0.586914 0.0341797 0.0566406
0 0.492676 0.378906 0.0341797 0.0703125
0 0.391602 0.552734 0.0253906 0.078125
0 0.373535 0.633789 0.0302734 0.0683594
0 0.641113 0.62207 0.0458984 0.0644531
0 0.485352 0.526367 0.0195312 0.0683594
0 0.394043 0.335449 0.0166016 0.0615234
0 0.617188 0.445312 0.0292969 0.0839844
0 0.625488 0.549805 0.0380859 0.0800781
0 0.603027 0.582031 0.0322266 0.0742188
0 0.551758 0.567871 0.0292969 0.0556641
0 0.456055 0.63623 0.0332031 0.0654297
0 0.568848 0.60791 0.0205078 0.0771484
0 0.643555 0.530273 0.0449219 0.0566406
0 0.419922 0.595215 0.0390625 0.0517578
0 0.433105 0.621582 0.0498047 0.0576172
0 0.521484 0.475098 0.0253906 0.0751953
0 0.504883 0.502441 0.0214844 0.0634766
0 0.512695 0.334961 0.0566406 0.0390625
0 0.479004 0.678223 0.0400391 0.0615234
0 0.484863 0.411133 0.0458984 0.0546875
0 0.562012 0.518555 0.0380859 0.046875
0 0.444336 0.749023 0.0234375 0.0664062
0 0.414551 0.487793 0.0341797 0.0576172
0 0.425293 0.683594 0.0478516 0.0585938
0 0.46582 0.751465 0.0253906 0.0693359
0 0.546875 0.650879 0.0546875 0.0498047
0 0.417969 0.378418 0.0527344 0.0302734
0 0.464355 0.348145 0.0302734 0.0712891
0 0.493652 0.461914 0.0341797 0.0605469
0 0.612793 0.619141 0.0439453 0.0683594
0 0.531738 0.520508 0.0361328 0.0703125
0 0.413574 0.248047 0.0498047 0.0546875
0 0.632812 0.316406 0.0410156 0.0839844
0 0.498047 0.744141 0.0292969 0.0742188
0 0.549316 0.346191 0.0458984 0.0615234
0 0.552246 0.380371 0.0458984 0.0537109
0 0.545898 0.434082 0.0292969 0.0654297
0 0.60498 0.383789 0.0517578 0.0703125
