0 0.188477 0.421875 0.0175781 0.0351562
0 0.228516 0.669434 0.0371094 0.0498047
0 0.552734 0.447754 0.03125 0.0517578
0 0.774902 0.351562 0.0439453 0.015625
0 0.553711 0.857422 0.0195312 0.0625
0 0.105469 0.275391 0.0234375 0.078125
0 0.173828 0.282227 0.046875 0.0449219
0 0.262207 0.71875 0.0498047 0.0644531
0 0.52832 0.803223 0.0507812 0.0654297
0 0.233887 0.209473 0.0517578 0.0634766
0 0.32959 0.437988 0.0498047 0.0693359
0 0.853516 0.543945 0.0566406 0.0644531
0 0.541016 0.460938 0.0292969 0.0566406
0 0.547363 0.542969 0.0458984 0.0449219
1 0.144531 0.456055 0.107422 0.152344
0 0.558105 0.282715 0.0380859 0.0302734
0 0.380371 0.589844 0.0341797 0.0761719
0 0.539062 0.14209 0.0234375 0.0595703
0 0.623047 0.177734 0.0605469 0.0410156
0 0.268555 0.447754 0.0253906 0.0654297
0 0.787109 0.701172 0.0527344 0.0371094
0 0.872559 0.395508 0.0283203 0.0625
0 0.79541 0.5 0.0556641 0.0625
0 0.845215 0.338867 0.0380859 0.0625
