0 0.509766 0.809082 0.0488281 0.0732422
0 0.523438 0.825195 0.0722656 0.0507812
0 0.272461 0.615723 0.0332031 0.0634766
0 0.509766 0.529297 0.0410156 0.046875
0 0.384766 0.325684 0.0488281 0.0458984
0 0.73291 0.418457 0.0322266 0.0654297
0 0.668945 0.705078 0.0625 0.0410156
0 0.296387 0.195801 0.0322266 0.0498047
0 0.317871 0.692871 0.0380859 0.0439453
0 0.369141 0.204102 0.0507812 0.0332031
0 0.600586 0.157227 0.0488281 0.0449219
0 0.393555 0.453125 0.0507812 0.0371094
0 0.408203 0.290527 0.0410156 0.0498047
0 0.597656 0.382812 0.0390625 0.0566406
0 0.298828 0.645508 0.0390625 0.0644531
0 0.622559 0.626953 0.0419922 0.0527344
0 0.181152 0.453613 0.0419922 0.0654297
0 0.451172 0.617188 0.0351562 0.0507812
0 0.517578 0.344727 0.0253906 0.0664062
0 0.583008 0.599121 0.0507812 0.0458984
0 0.544922 0.323242 0.0351562 0.0625
0 0.444336 0.180664 0.0292969 0.0625
0 0.465332 0.0942383 0.0400391 0.0712891
0 0.47168 0.327637 0.0449219 0.0517578
