0 0.0756836 0.608887 0.0283203 0.0146484
0 0.67627 0.57959 0.0126953 0.0439453
0 0.643066 0.512207 0.0166016 0.0478516
0 0.658203 0.646484 0.0390625 0.0214844
0 0.64502 0.447266 0.0302734 0.0195312
0 0.71875 0.554199 0.0273438 0.0263672
0 0.600098 0.583984 0.0341797 0.0214844
0 0.700195 0.575684 0.0273438 0.0380859
0 0.615234 0.780273 0.0214844 0.0429688
0 0.700684 0.556641 0.0224609 0.0410156
0 0.529297 0.710938 0.0292969 0.046875
0 0.560547 0.521973 0.0195312 0.0419922
0 0.689941 0.490723 0.0185547 0.0537109
0 0.658203 0.665527 0.0332031 0.0361328
0 0.671387 0.441406 0.0341797 0.0390625
0 0.541016 0.705566 0.0253906 0.0537109
0 0.375977 0.0605469 0.0332031 0.0234375
0 0.720703 0.466309 0.0332031 0.0244141
0 0.691406 0.549316 0.0175781 0.0478516
0 0.483887 0.470703 0.0537109 0.0351562
0 0.0673828 0.636719 0.0332031 0.0234375
0 0.604492 0.436523 0.0273438 0.0253906
0 0.663086 0.609375 0.015625 0.046875
0 0.0756836 0.648438 0.0263672 0.0371094
0 0.587891 0.776367 0.015625 0.0429688
0 0.0996094 0.597168 0.03125 0.0126953
0 0.316895 0.216797 0.0341797 0.0195312
0 0.54541 0.319336 0.0244141 0.0449219
0 0.700684 0.464355 0.0166016 0.0498047
0 0.599609 0.763184 0.0136719 0.0419922
0 0.627441 0.756348 0.0380859 0.0302734
0 0.674316 0.540527 0.0205078 0.0419922
0 0.600586 0.67041 0.0351562 0.0205078
0 0.654785 0.51123 0.0185547 0.0478516
0 0.492188 0.49707 0.0410156 0.0253906
0 0.657715 0.549316 0.0166016 0.0458984
0 0.588379 0.699707 0.0166016 0.0439453
0 0.603516 0.454102 0.0253906 0.0273438
0 0.579102 0.711914 0.0175781 0.0507812
0 0.598633 0.56543 0.0351562 0.0195312
0 0.671387 0.496582 0.0126953 0.0439453
0 0.377441 0.61084 0.0341797 0.0205078
0 0.62207 0.59082 0.03125 0.0371094
0 0.558594 0.564941 0.0351562 0.0224609
0 0.558594 0.701172 0.03125 0.0488281
0 0.260254 0.603516 0.0283203 0.0390625
0 0.570312 0.789062 0.0136719 0.0449219
0 0.512695 0.447266 0.0351562 0.0273438
0 0.633789 0.608398 0.0390625 0.0214844
0 0.688965 0.61084 0.0361328 0.0263672
0 0.0932617 0.652832 0.0302734 0.0361328
0 0.703125 0.652832 0.0214844 0.0458984
0 0.582031 0.749512 0.0273438 0.0458984
0 0.29248 0.234375 0.0322266 0.015625
0 0.310059 0.620117 0.0361328 0.0214844
0 0.669922 0.464355 0.0351562 0.0361328
0 0.507812 0.560059 0.0292969 0.0322266
0 0.4375 0.622559 0.0351562 0.0224609
0 0.136719 0.626953 0.0410156 0.0214844
0 0.748535 0.501953 0.0322266 0.0234375
0 0.541016 0.434082 0.0234375 0.0439453
0 0.595703 0.609375 0.0351562 0.03125
0 0.424805 0.51123 0.03125 0.0263672
0 0.453125 0.603516 0.0292969 0.0527344
0 0.615234 0.816406 0.0449219 0.0332031
0 0.648926 0.78418 0.0400391 0.0234375
0 0.518555 0.584473 0.03125 0.0419922
0 0.557617 0.312012 0.0351562 0.0498047
0 0.451172 0.431152 0.0292969 0.0400391
0 0.115723 0.484375 0.0322266 0.0292969
0 0.115723 0.702148 0.0146484 0.0507812
0 0.57666 0.16748 0.0205078 0.0419922
0 0.253906 0.509766 0.0351562 0.0390625
0 0.504395 0.345703 0.0341797 0.03125
0 0.152344 0.735352 0.0273438 0.0429688
0 0.157227 0.340332 0.0253906 0.0302734
0 0.568848 0.410645 0.0302734 0.0322266
0 0.182617 0.199219 0.0234375 0.0390625
0 0.519043 0.753418 0.0263672 0.0361328
