0 0.319824 0.628906 0.0419922 0.0546875
0 0.344727 0.556641 0.0253906 0.0332031
0 0.434082 0.485352 0.0224609 0.0273438
0 0.383789 0.326172 0.0195312 0.0351562
0 0.358398 0.427246 0.0117188 0.0419922
0 0.449707 0.453613 0.0322266 0.0400391
0 0.550781 0.471191 0.0136719 0.0419922
0 0.345703 0.540527 0.0195312 0.0517578
0 0.425781 0.618164 0.0195312 0.03125
0 0.368652 0.482422 0.0166016 0.0410156
0 0.282715 0.403809 0.0322266 0.0263672
0 0.374512 0.460449 0.0244141 0.0478516
0 0.434082 0.501465 0.0244141 0.0478516
0 0.457031 0.673828 0.0214844 0.0527344
0 0.348145 0.448242 0.0263672 0.0410156
0 0.327637 0.408203 0.0224609 0.0351562
0 0.304199 0.383789 0.0302734 0.0214844
0 0.480957 0.580566 0.0283203 0.0244141
0 0.437012 0.569824 0.0263672 0.0263672
0 0.518555 0.48877 0.0273438 0.0478516
