0 0.353027 0.317383 0.0986328 0.0683594
0 0.304199 0.621582 0.0244141 0.0478516
0 0.212891 0.72168 0.0273438 0.0625
0 0.227051 0.638672 0.0439453 0.0390625
0 0.322754 0.533203 0.0576172 0.0390625
0 0.163574 0.505859 0.0380859 0.0625
0 0.500488 0.32666 0.0498047 0.0439453
0 0.322754 0.474609 0.0302734 0.0625
0 0.645508 0.773438 0.0292969 0.0742188
0 0.327148 0.800781 0.0292969 0.0742188
0 0.38916 0.395508 0.0302734 0.0683594
0 0.581543 0.888672 0.0556641 0.0527344
0 0.470703 0.51709 0.0507812 0.0361328
0 0.673828 0.877441 0.0625 0.0576172
0 0.305664 0.486328 0.0292969 0.0546875
0 0.147949 0.317383 0.0419922 0.0527344
0 0.152832 0.363281 0.0400391 0.0546875
0 0.313965 0.754883 0.0361328 0.0410156
0 0.526367 0.499512 0.0332031 0.0615234
0 0.200684 0.727051 0.0341797 0.0576172
0 0.814941 0.444336 0.0380859 0.0683594
0 0.0932617 0.459961 0.0322266 0.0703125
0 0.252441 0.599609 0.0322266 0.0664062
0 0.0351562 0.45752 0.0429688 0.0595703
0 0.376465 0.833008 0.0439453 0.0605469
0 0.640137 0.415527 0.0498047 0.0654297
0 0.613281 0.545898 0.0351562 0.0546875
0 0.475586 0.870117 0.0332031 0.0761719
0 0.69043 0.525391 0.0292969 0.0742188
0 0.26123 0.362305 0.0400391 0.0683594
0 0.662109 0.527344 0.03125 0.0644531
0 0.10791 0.666504 0.0498047 0.0458984
0 0.367188 0.634766 0.0351562 0.0527344
0 0.165039 0.658203 0.0371094 0.0625
0 0.521484 0.389648 0.0449219 0.0488281
0 0.611328 0.583008 0.046875 0.0488281
0 0.558594 0.59082 0.046875 0.046875
