0 0.30957 0.493164 0.0175781 0.00976562
0 0.486816 0.507812 0.0146484 0.0078125
0 0.415039 0.569824 0.0175781 0.00683594
0 0.690918 0.491211 0.0146484 0.0078125
0 0.341797 0.544922 0.015625 0.0078125
0 0.500977 0.528809 0.0253906 0.00683594
0 0.607422 0.489746 0.0117188 0.0126953
0 0.308105 0.500488 0.0205078 0.00683594
0 0.526855 0.499023 0.0263672 0.00585938
0 0.541016 0.490723 0.0214844 0.00683594
0 0.473145 0.483887 0.0146484 0.0107422
0 0.397949 0.542969 0.0244141 0.0078125
0 0.598633 0.495605 0.0175781 0.00878906
0 0.337402 0.495117 0.0263672 0.00585938
0 0.351562 0.484375 0.0117188 0.00976562
0 0.450684 0.544922 0.0107422 0.0136719
0 0.348145 0.539551 0.0166016 0.00878906
0 0.616699 0.499512 0.0185547 0.00878906
0 0.555664 0.492676 0.015625 0.00878906
0 0.416504 0.492676 0.0166016 0.0107422
0 0.550293 0.473633 0.0166016 0.00976562
0 0.521973 0.467773 0.0224609 0.0117188
0 0.533203 0.54834 0.0253906 0.00683594
0 0.333984 0.561035 0.0195312 0.0107422
0 0.413574 0.517578 0.0126953 0.0117188
0 0.501953 0.48877 0.0195312 0.00878906
0 0.440918 0.521973 0.0185547 0.00878906
