1 0.520508 0.638184 0.123047 0.0419922
1 0.352539 0.572754 0.128906 0.0810547
1 0.708496 0.585938 0.125977 0.0664062
1 0.554199 0.580078 0.143555 0.0507812
1 0.795898 0.645996 0.144531 0.0712891
1 0.0292969 0.575684 0.0585938 0.0869141
1 0.64209 0.458496 0.196289 0.0810547
1 0.240234 0.560547 0.152344 0.0839844
1 0.737793 0.54834 0.172852 0.0751953
1 0.472656 0.588867 0.150391 0.0644531
1 0.263672 0.444824 0.15625 0.0654297
1 0.279785 0.69043 0.147461 0.078125
1 0.322266 0.50293 0.130859 0.0839844
1 0.394531 0.638184 0.167969 0.0693359
1 0.394043 0.443848 0.139648 0.0791016
1 0.555664 0.525879 0.175781 0.0791016
1 0.650879 0.59375 0.0927734 0.0761719
