0 0.333008 0.280273 0.03125 0.0410156
0 0.405762 0.330566 0.0283203 0.0458984
0 0.310059 0.580078 0.0361328 0.0273438
0 0.20459 0.462891 0.0439453 0.0253906
0 0.51416 0.607422 0.0205078 0.0488281
0 0.516113 0.571289 0.0302734 0.0625
0 0.294922 0.618652 0.0429688 0.0263672
0 0.51123 0.475098 0.0283203 0.0263672
0 0.496094 0.646973 0.0195312 0.0361328
0 0.310547 0.855469 0.0214844 0.0292969
0 0.474121 0.515137 0.0146484 0.0361328
0 0.497559 0.401367 0.0283203 0.0449219
0 0.303711 0.670898 0.0292969 0.0292969
0 0.542969 0.437012 0.0351562 0.0322266
0 0.60791 0.480469 0.0224609 0.0488281
0 0.29248 0.599609 0.0419922 0.0292969
0 0.317871 0.749512 0.0205078 0.0537109
0 0.328613 0.666504 0.0361328 0.0263672
0 0.186035 0.506836 0.0185547 0.0429688
0 0.5 0.549316 0.015625 0.0576172
0 0.315918 0.700195 0.0166016 0.0546875
0 0.325195 0.598633 0.0253906 0.0527344
0 0.537598 0.564941 0.0205078 0.0732422
0 0.168945 0.554199 0.0332031 0.0595703
0 0.361328 0.547852 0.0371094 0.0449219
0 0.503418 0.433594 0.0263672 0.0507812
0 0.163086 0.32666 0.015625 0.0595703
0 0.308105 0.645508 0.0341797 0.03125
0 0.330078 0.542969 0.0273438 0.0527344
0 0.483887 0.493652 0.0185547 0.0458984
0 0.331055 0.708496 0.0214844 0.0537109
0 0.302246 0.773438 0.0322266 0.0410156
0 0.617188 0.355469 0.0332031 0.0527344
0 0.304688 0.431641 0.0410156 0.0273438
0 0.618652 0.309082 0.0205078 0.0595703
0 0.226562 0.427734 0.0410156 0.0195312
0 0.516602 0.433594 0.0214844 0.0488281
0 0.505859 0.637207 0.0195312 0.0556641
0 0.242188 0.119141 0.0351562 0.046875
0 0.48877 0.581543 0.0244141 0.0498047
0 0.243652 0.335938 0.0302734 0.046875
0 0.360352 0.527832 0.0273438 0.0361328
0 0.298828 0.751953 0.03125 0.0371094
0 0.305176 0.292969 0.0263672 0.0703125
0 0.375488 0.443359 0.0302734 0.03125
0 0.386719 0.458008 0.0332031 0.0351562
0 0.288086 0.291016 0.0253906 0.0585938
0 0.301758 0.710938 0.015625 0.0585938
0 0.190918 0.562012 0.0244141 0.0498047
0 0.199219 0.519043 0.0273438 0.0458984
0 0.374512 0.56543 0.0185547 0.0488281
0 0.38916 0.375 0.0283203 0.0488281
0 0.483398 0.441895 0.0292969 0.0478516
0 0.338867 0.635254 0.0175781 0.0556641
0 0.233887 0.368164 0.0400391 0.0253906
0 0.192871 0.376953 0.0419922 0.0488281
0 0.552246 0.497559 0.0224609 0.0576172
0 0.271973 0.254883 0.0185547 0.0839844
0 0.221191 0.515625 0.0341797 0.0273438
0 0.500488 0.299805 0.0458984 0.0332031
0 0.36084 0.488281 0.0341797 0.0449219
0 0.47168 0.574707 0.0273438 0.0400391
0 0.288086 0.664551 0.0332031 0.0419922
0 0.522949 0.391602 0.0419922 0.03125
0 0.25 0.393555 0.0273438 0.0546875
0 0.209473 0.555176 0.0263672 0.0537109
0 0.5 0.684082 0.0488281 0.0341797
0 0.551758 0.274414 0.0449219 0.0644531
0 0.213867 0.412109 0.0371094 0.03125
0 0.317871 0.536133 0.0283203 0.0488281
0 0.368164 0.412109 0.0371094 0.0390625
0 0.447266 0.549316 0.046875 0.0205078
0 0.227539 0.445801 0.0429688 0.0244141
0 0.455566 0.509277 0.0341797 0.0478516
0 0.537598 0.627441 0.0419922 0.0283203
0 0.166992 0.627441 0.0488281 0.0224609
0 0.467773 0.34668 0.0429688 0.0371094
0 0.224121 0.649414 0.0263672 0.0488281
0 0.224121 0.578125 0.0244141 0.0585938
0 0.059082 0.395508 0.0341797 0.0566406
0 0.272461 0.455566 0.0351562 0.0244141
0 0.0527344 0.454102 0.0273438 0.0507812
0 0.411133 0.396973 0.0234375 0.0537109
0 0.350586 0.448242 0.0253906 0.0488281
0 0.618652 0.431641 0.0498047 0.0429688
0 0.275391 0.42334 0.03125 0.0458984
0 0.614258 0.388672 0.0390625 0.0332031
0 0.204102 0.64209 0.0410156 0.0419922
