0 0.384766 0.699219 0.015625 0.0273438
0 0.390137 0.716309 0.0166016 0.0322266
0 0.340332 0.718262 0.0185547 0.0283203
0 0.462891 0.54248 0.015625 0.0361328
0 0.343262 0.412598 0.0205078 0.0166016
0 0.433105 0.716797 0.0126953 0.0371094
0 0.458984 0.374023 0.0136719 0.0371094
0 0.441895 0.540039 0.0263672 0.0253906
0 0.391602 0.529785 0.0195312 0.0224609
0 0.537598 0.556152 0.0244141 0.0244141
0 0.347168 0.535645 0.0224609 0.0244141
0 0.273926 0.670898 0.0205078 0.0195312
0 0.330566 0.419922 0.0166016 0.03125
0 0.226562 0.59668 0.0234375 0.0234375
0 0.366699 0.532227 0.0166016 0.0273438
0 0.384277 0.647949 0.0263672 0.0283203
0 0.333984 0.362793 0.0214844 0.0185547
0 0.432129 0.433105 0.0166016 0.0322266
0 0.32959 0.668945 0.0224609 0.0273438
0 0.336426 0.542969 0.0146484 0.0410156
0 0.416992 0.503418 0.0234375 0.0205078
0 0.381348 0.542969 0.0126953 0.0371094
0 0.404785 0.349609 0.0107422 0.0332031
0 0.41748 0.443848 0.0126953 0.0400391
0 0.288086 0.57959 0.0175781 0.0380859
0 0.397461 0.796387 0.0253906 0.0224609
0 0.520996 0.64209 0.0263672 0.0283203
0 0.26123 0.546387 0.0244141 0.0263672
0 0.402344 0.385254 0.0214844 0.0185547
0 0.469238 0.670898 0.0224609 0.0253906
0 0.282715 0.655273 0.0126953 0.0351562
0 0.44873 0.37793 0.0107422 0.0390625
0 0.327148 0.761719 0.0234375 0.03125
0 0.290039 0.612793 0.0136719 0.0419922
0 0.492188 0.443359 0.0214844 0.0292969
0 0.421875 0.707031 0.0175781 0.0371094
0 0.45166 0.652344 0.0205078 0.0332031
0 0.446777 0.447266 0.0126953 0.0390625
