0 0.719238 0.374512 0.0244141 0.0224609
0 0.683594 0.51416 0.0234375 0.0244141
0 0.726074 0.391602 0.0361328 0.0214844
0 0.52832 0.256348 0.0292969 0.0283203
0 0.776367 0.388184 0.0351562 0.0283203
0 0.65625 0.30127 0.0332031 0.0419922
0 0.685547 0.573242 0.0234375 0.0488281
0 0.631836 0.451172 0.0253906 0.0507812
0 0.518555 0.625 0.0371094 0.0429688
0 0.761719 0.391602 0.03125 0.0371094
0 0.699219 0.393555 0.0390625 0.0253906
0 0.635742 0.59375 0.0253906 0.0507812
0 0.697754 0.371582 0.0341797 0.0341797
0 0.680664 0.439941 0.0371094 0.0322266
0 0.608398 0.433594 0.0371094 0.0429688
0 0.621094 0.308594 0.0371094 0.0332031
