0 0.599121 0.414062 0.0107422 0.0371094
0 0.473633 0.602539 0.0175781 0.0292969
0 0.515625 0.575684 0.015625 0.0224609
0 0.550781 0.468262 0.0253906 0.0185547
0 0.590332 0.435547 0.0166016 0.0449219
0 0.395508 0.421875 0.0390625 0.0195312
0 0.543945 0.349609 0.0332031 0.0351562
0 0.410645 0.564453 0.0283203 0.0214844
0 0.461914 0.276855 0.0195312 0.0380859
0 0.430176 0.30127 0.0205078 0.0439453
0 0.428711 0.660156 0.0351562 0.0253906
0 0.498535 0.33252 0.0224609 0.0361328
0 0.468262 0.684082 0.0205078 0.0439453
0 0.535156 0.587402 0.0273438 0.0224609
0 0.394531 0.601562 0.0195312 0.0351562
0 0.494629 0.496582 0.0244141 0.0244141
0 0.566895 0.344238 0.0283203 0.0439453
0 0.59082 0.567383 0.0234375 0.0234375
0 0.38916 0.561035 0.0244141 0.0380859
0 0.402832 0.521484 0.0166016 0.0371094
0 0.505371 0.304199 0.0341797 0.0244141
