0 0.309082 0.45166 0.0224609 0.0615234
0 0.424805 0.385742 0.0390625 0.0742188
0 0.416504 0.37207 0.0283203 0.0527344
0 0.553223 0.587402 0.0302734 0.0517578
0 0.419922 0.51123 0.0195312 0.0615234
0 0.359375 0.411133 0.0253906 0.0488281
0 0.319336 0.492188 0.0234375 0.0488281
0 0.475098 0.370117 0.0302734 0.0527344
0 0.382324 0.505859 0.0283203 0.0566406
0 0.47998 0.536133 0.0302734 0.0410156
0 0.456055 0.543457 0.0273438 0.0458984
0 0.487305 0.379883 0.0253906 0.0625
0 0.643555 0.531738 0.03125 0.0556641
0 0.44043 0.388184 0.0214844 0.0673828
0 0.417969 0.624512 0.0136719 0.0556641
0 0.298828 0.349609 0.0390625 0.0429688
0 0.34668 0.41748 0.0332031 0.0380859
0 0.233398 0.666016 0.0273438 0.0410156
0 0.555176 0.568359 0.0322266 0.0488281
0 0.438477 0.539551 0.0234375 0.0654297
0 0.698242 0.52002 0.0351562 0.0517578
0 0.339844 0.550293 0.0332031 0.0712891
0 0.404297 0.638672 0.0253906 0.0898438
0 0.292969 0.455566 0.0332031 0.0458984
0 0.380859 0.53418 0.0449219 0.0566406
0 0.356445 0.616211 0.0195312 0.0625
0 0.367676 0.599609 0.0185547 0.0546875
0 0.445312 0.504883 0.03125 0.0546875
0 0.286621 0.587402 0.0185547 0.0458984
0 0.444336 0.613281 0.0292969 0.0566406
0 0.537598 0.637207 0.0263672 0.0576172
0 0.290039 0.330566 0.0371094 0.0400391
0 0.327637 0.440918 0.0263672 0.0537109
0 0.361328 0.369141 0.0214844 0.0566406
0 0.476562 0.669922 0.0214844 0.0605469
0 0.311523 0.664551 0.0273438 0.0556641
0 0.522949 0.527344 0.0341797 0.0488281
0 0.425293 0.826172 0.0185547 0.0644531
0 0.286133 0.500977 0.0234375 0.046875
0 0.605957 0.581543 0.0400391 0.0478516
0 0.558594 0.293457 0.0273438 0.0673828
0 0.483887 0.57373 0.0224609 0.0576172
0 0.561523 0.493164 0.0234375 0.0644531
0 0.546387 0.656738 0.0322266 0.0634766
0 0.306152 0.565918 0.0283203 0.0537109
0 0.340332 0.506348 0.0244141 0.0595703
0 0.382324 0.330566 0.0283203 0.0673828
0 0.220215 0.284668 0.0283203 0.0615234
0 0.366211 0.505371 0.0253906 0.0693359
0 0.573242 0.535645 0.0351562 0.0478516
0 0.273926 0.239258 0.0302734 0.0585938
0 0.695312 0.333008 0.03125 0.0566406
0 0.532227 0.61084 0.0234375 0.0654297
0 0.451172 0.380371 0.0214844 0.0615234
0 0.651367 0.517578 0.0273438 0.0644531
0 0.340332 0.765625 0.0205078 0.0644531
0 0.257812 0.221191 0.0410156 0.0478516
0 0.458008 0.672363 0.0273438 0.0595703
0 0.408691 0.525391 0.0205078 0.0664062
0 0.516602 0.594238 0.0273438 0.0634766
0 0.422363 0.584473 0.0322266 0.0419922
0 0.366699 0.118164 0.0322266 0.0410156
0 0.408691 0.839844 0.0263672 0.0566406
0 0.518555 0.680176 0.0273438 0.0595703
0 0.432129 0.63623 0.0224609 0.0615234
0 0.413086 0.474609 0.0332031 0.03125
0 0.57666 0.575195 0.0263672 0.0664062
0 0.388184 0.42627 0.0244141 0.0654297
0 0.434082 0.346191 0.0361328 0.0380859
0 0.34082 0.379883 0.03125 0.0410156
0 0.413086 0.269043 0.03125 0.0419922
0 0.59668 0.482422 0.0351562 0.0644531
0 0.308594 0.384277 0.0273438 0.0576172
0 0.319824 0.725098 0.0205078 0.0537109
0 0.492188 0.325684 0.0214844 0.0654297
0 0.366211 0.456055 0.0292969 0.0546875
0 0.333984 0.669922 0.0234375 0.0625
0 0.316406 0.580566 0.0292969 0.0537109
0 0.263184 0.463379 0.0244141 0.0693359
0 0.424805 0.917969 0.0234375 0.0605469
0 0.380859 0.824707 0.0253906 0.0634766
0 0.412109 0.243164 0.0273438 0.0488281
0 0.508301 0.296875 0.0361328 0.0488281
0 0.504883 0.774902 0.0429688 0.0439453
0 0.371094 0.297852 0.0253906 0.0625
0 0.46582 0.455566 0.0273438 0.0654297
0 0.403809 0.74707 0.0341797 0.046875
0 0.368652 0.757324 0.0322266 0.0537109
0 0.49707 0.434082 0.0390625 0.0478516
0 0.266602 0.412109 0.0351562 0.0429688
0 0.454102 0.856445 0.0371094 0.0390625
0 0.450684 0.908691 0.0263672 0.0673828
0 0.361328 0.664062 0.0292969 0.0429688
0 0.484863 0.622559 0.0341797 0.0537109
0 0.441895 0.807617 0.0283203 0.0546875
0 0.365723 0.704102 0.0341797 0.0507812
