0 0.466309 0.251465 0.0185547 0.0341797
0 0.614746 0.480469 0.0205078 0.0371094
0 0.615234 0.352539 0.0175781 0.0429688
0 0.551758 0.634277 0.0234375 0.0361328
0 0.608398 0.619629 0.0332031 0.0283203
0 0.602051 0.333984 0.0244141 0.03125
0 0.378906 0.451172 0.0136719 0.0449219
0 0.605469 0.631348 0.0292969 0.0302734
0 0.379883 0.493164 0.0175781 0.0507812
0 0.61377 0.665527 0.0263672 0.0302734
0 0.483398 0.55127 0.015625 0.0517578
0 0.615723 0.722656 0.0263672 0.0253906
0 0.578613 0.38916 0.0146484 0.0439453
0 0.475098 0.520996 0.0166016 0.0556641
0 0.550781 0.654297 0.0234375 0.0410156
0 0.59668 0.658203 0.0273438 0.0410156
0 0.368164 0.436035 0.0195312 0.0478516
0 0.492676 0.341797 0.0166016 0.046875
0 0.400879 0.469727 0.0302734 0.0253906
0 0.613281 0.742188 0.03125 0.0292969
0 0.428223 0.362305 0.0224609 0.0390625
0 0.410645 0.505859 0.0205078 0.0351562
0 0.480469 0.349609 0.0136719 0.0449219
0 0.402344 0.493652 0.0214844 0.0361328
0 0.393555 0.42041 0.0292969 0.0302734
0 0.617188 0.378418 0.015625 0.0458984
0 0.457031 0.334961 0.015625 0.046875
0 0.537598 0.618652 0.0263672 0.0263672
0 0.580078 0.360352 0.0273438 0.0371094
0 0.686035 0.334473 0.0302734 0.0322266
0 0.442383 0.365723 0.0136719 0.0419922
0 0.472656 0.278809 0.0195312 0.0498047
0 0.530273 0.641602 0.0273438 0.0292969
0 0.427734 0.456055 0.015625 0.0449219
0 0.511719 0.500488 0.0214844 0.0458984
0 0.470703 0.70459 0.0175781 0.0517578
0 0.530273 0.569824 0.0195312 0.0419922
0 0.55957 0.349121 0.0273438 0.0283203
0 0.458984 0.720703 0.015625 0.0527344
0 0.492676 0.263672 0.0263672 0.0214844
0 0.472168 0.566895 0.0166016 0.0537109
0 0.418457 0.410156 0.0166016 0.0449219
0 0.541992 0.37207 0.0175781 0.0488281
0 0.508789 0.347168 0.0175781 0.0517578
0 0.574707 0.780273 0.0185547 0.046875
0 0.447754 0.413574 0.0146484 0.0498047
0 0.635254 0.742188 0.0146484 0.0507812
0 0.510742 0.456055 0.0234375 0.0390625
0 0.601562 0.367676 0.0175781 0.0458984
0 0.352539 0.442871 0.0175781 0.0478516
0 0.409668 0.444824 0.0263672 0.0380859
0 0.591309 0.483398 0.0283203 0.0292969
0 0.586914 0.789551 0.015625 0.0517578
0 0.418457 0.336426 0.0244141 0.0322266
0 0.470703 0.647461 0.0253906 0.0332031
0 0.598633 0.755371 0.0273438 0.0458984
0 0.493164 0.717773 0.015625 0.0507812
0 0.510254 0.680176 0.0224609 0.0478516
0 0.535645 0.554688 0.0205078 0.0351562
0 0.42041 0.490234 0.0244141 0.0332031
0 0.482422 0.306641 0.0273438 0.0292969
0 0.480469 0.424805 0.015625 0.0449219
0 0.545898 0.481445 0.0292969 0.0292969
0 0.642578 0.429199 0.015625 0.0478516
0 0.377441 0.540039 0.0185547 0.0488281
0 0.598145 0.57373 0.0244141 0.0361328
0 0.534668 0.710938 0.0224609 0.0449219
0 0.546387 0.455078 0.0322266 0.0253906
0 0.529785 0.433594 0.0263672 0.03125
0 0.602539 0.714844 0.0253906 0.0410156
0 0.701172 0.45752 0.0234375 0.0498047
0 0.558105 0.727051 0.0224609 0.0361328
0 0.485352 0.453613 0.0292969 0.0283203
0 0.503418 0.28418 0.0224609 0.0410156
0 0.466797 0.353027 0.0175781 0.0478516
0 0.591309 0.399414 0.0185547 0.046875
0 0.597168 0.293457 0.0302734 0.0322266
0 0.352539 0.523438 0.0214844 0.046875
0 0.628906 0.617188 0.0234375 0.0371094
0 0.48877 0.640625 0.0244141 0.0429688
0 0.566895 0.313965 0.0263672 0.0341797
0 0.485352 0.488281 0.0273438 0.0390625
0 0.575195 0.716309 0.0195312 0.0478516
0 0.59082 0.448242 0.0214844 0.0410156
0 0.654297 0.355957 0.0253906 0.0419922
0 0.496094 0.410156 0.0214844 0.0449219
0 0.512695 0.306641 0.0253906 0.0332031
