0 0.314453 0.453613 0.0214844 0.0498047
0 0.458008 0.564941 0.0253906 0.0595703
0 0.52002 0.678223 0.0224609 0.0498047
0 0.34082 0.489258 0.0214844 0.0664062
0 0.477051 0.771973 0.0263672 0.0537109
0 0.319824 0.476562 0.0263672 0.0527344
0 0.508789 0.411621 0.0234375 0.0634766
0 0.410156 0.529785 0.0292969 0.0341797
0 0.34082 0.687012 0.0292969 0.0380859
0 0.331543 0.643555 0.0302734 0.0429688
0 0.410156 0.811523 0.03125 0.0429688
0 0.51709 0.711914 0.0322266 0.03125
0 0.439941 0.859863 0.0302734 0.0419922
0 0.490234 0.608887 0.0253906 0.0478516
0 0.286621 0.745117 0.0263672 0.0390625
0 0.345703 0.603027 0.0253906 0.0537109
0 0.527344 0.624023 0.0332031 0.0429688
0 0.475586 0.45166 0.0253906 0.0537109
0 0.366699 0.683105 0.0263672 0.0341797
