0 0.59082 0.953613 0.0175781 0.0478516
0 0.414551 0.614258 0.0380859 0.0273438
0 0.456055 0.205078 0.0234375 0.0292969
0 0.571777 0.271973 0.0263672 0.0517578
0 0.427734 0.571777 0.0214844 0.0439453
0 0.5625 0.616699 0.0292969 0.0517578
0 0.350586 0.742676 0.0351562 0.0283203
0 0.268555 0.363281 0.0292969 0.0410156
0 0.37793 0.459961 0.0195312 0.0449219
0 0.38916 0.75 0.0224609 0.0527344
0 0.586914 0.633789 0.0214844 0.0527344
0 0.485352 0.688965 0.0390625 0.0341797
0 0.13916 0.605957 0.0400391 0.0400391
0 0.49707 0.46582 0.03125 0.0507812
0 0.812012 0.736328 0.0400391 0.0292969
0 0.673828 0.554199 0.0214844 0.0498047
0 0.600098 0.434082 0.0361328 0.0380859
0 0.36084 0.379883 0.0400391 0.0292969
0 0.418945 0.237305 0.0253906 0.0488281
0 0.710938 0.755371 0.0429688 0.0400391
0 0.162109 0.356445 0.0371094 0.0449219
0 0.536133 0.378418 0.03125 0.0400391
0 0.630859 0.567383 0.0390625 0.0390625
0 0.415039 0.683105 0.0332031 0.0517578
0 0.563965 0.826172 0.0283203 0.0507812
0 0.349609 0.30957 0.03125 0.0488281
0 0.421875 0.371094 0.0332031 0.0410156
0 0.859863 0.789062 0.0302734 0.0507812
0 0.598633 0.799805 0.0429688 0.0390625
