0 0.595703 0.441406 0.0273438 0.0507812
0 0.613281 0.551758 0.0273438 0.0214844
0 0.584961 0.440918 0.0175781 0.0419922
0 0.569824 0.498535 0.0380859 0.0263672
0 0.319336 0.537109 0.0371094 0.0332031
0 0.291992 0.419434 0.0214844 0.0283203
0 0.38916 0.479492 0.0224609 0.0566406
0 0.303223 0.433105 0.0380859 0.0205078
0 0.283691 0.461914 0.0283203 0.0214844
0 0.584961 0.317383 0.0136719 0.0449219
0 0.34668 0.509277 0.0371094 0.0283203
0 0.605469 0.37207 0.0117188 0.0371094
0 0.380371 0.451172 0.0224609 0.0585938
0 0.584473 0.387695 0.0146484 0.046875
0 0.430176 0.363281 0.0166016 0.0488281
0 0.320312 0.50293 0.0136719 0.0410156
0 0.35791 0.444336 0.0283203 0.0195312
0 0.55957 0.498535 0.0214844 0.0380859
0 0.611328 0.48877 0.015625 0.0302734
0 0.52832 0.556152 0.0292969 0.0380859
0 0.595703 0.471191 0.0195312 0.0498047
0 0.285156 0.473633 0.0253906 0.0273438
0 0.365723 0.47998 0.0166016 0.0341797
0 0.290527 0.429688 0.0322266 0.0292969
0 0.45752 0.347656 0.0185547 0.0292969
0 0.522949 0.543945 0.0224609 0.0332031
0 0.365723 0.381836 0.0341797 0.03125
0 0.571777 0.558105 0.0224609 0.0615234
0 0.575195 0.499023 0.0253906 0.0175781
0 0.370605 0.404785 0.0380859 0.0380859
0 0.315918 0.419434 0.0224609 0.0283203
0 0.50293 0.556152 0.0292969 0.0419922
0 0.598633 0.542969 0.03125 0.0390625
0 0.353027 0.474121 0.0263672 0.0458984
0 0.411133 0.397461 0.0234375 0.0410156
0 0.591309 0.516602 0.0400391 0.0292969
0 0.623047 0.419434 0.0234375 0.0361328
0 0.318848 0.558594 0.0361328 0.03125
0 0.311523 0.452148 0.0253906 0.0332031
0 0.425781 0.408203 0.0214844 0.0507812
0 0.370605 0.513672 0.0224609 0.0390625
0 0.606934 0.333496 0.0302734 0.0322266
0 0.441895 0.348633 0.0166016 0.0566406
0 0.614746 0.46582 0.0244141 0.0234375
0 0.279297 0.773438 0.0234375 0.0351562
0 0.564453 0.442383 0.03125 0.0292969
0 0.243652 0.398438 0.0244141 0.0566406
0 0.515625 0.438477 0.0175781 0.046875
0 0.337891 0.473145 0.0292969 0.0400391
0 0.299805 0.375 0.0136719 0.0429688
0 0.306641 0.494629 0.0175781 0.0517578
0 0.543945 0.494141 0.0253906 0.0292969
0 0.272949 0.375977 0.0244141 0.0546875
0 0.287598 0.379883 0.0185547 0.0488281
0 0.494141 0.423828 0.0390625 0.0234375
0 0.540039 0.459473 0.0253906 0.0458984
0 0.183594 0.69043 0.0371094 0.0175781
0 0.633789 0.48877 0.0175781 0.0498047
0 0.235352 0.665039 0.0234375 0.0566406
0 0.631836 0.549805 0.0214844 0.0527344
0 0.556641 0.419922 0.0273438 0.0371094
0 0.558594 0.464844 0.0351562 0.0292969
0 0.279297 0.580566 0.0410156 0.0224609
0 0.474609 0.347656 0.03125 0.046875
0 0.408203 0.758789 0.0351562 0.0566406
0 0.620117 0.511719 0.0136719 0.0507812
0 0.310059 0.595703 0.0439453 0.0234375
0 0.0825195 0.468262 0.0458984 0.0615234
0 0.335449 0.576172 0.0166016 0.046875
0 0.532715 0.608887 0.0166016 0.0517578
0 0.416016 0.45752 0.0273438 0.0400391
0 0.538086 0.657227 0.015625 0.0507812
0 0.510254 0.526855 0.0419922 0.0302734
0 0.214355 0.6875 0.0361328 0.03125
0 0.516602 0.603027 0.0175781 0.0537109
0 0.456055 0.387207 0.0253906 0.0478516
0 0.486816 0.308594 0.0361328 0.0371094
0 0.333496 0.420898 0.0224609 0.0488281
0 0.542969 0.566895 0.0351562 0.0322266
0 0.358887 0.552734 0.0205078 0.0429688
0 0.479004 0.547852 0.0361328 0.0292969
0 0.408203 0.371582 0.03125 0.0322266
0 0.214355 0.70752 0.0361328 0.0302734
0 0.275391 0.443359 0.0371094 0.0195312
0 0.291016 0.505859 0.0351562 0.0351562
0 0.220215 0.392578 0.0341797 0.0429688
0 0.462891 0.670898 0.03125 0.0488281
0 0.277832 0.532715 0.0361328 0.0400391
0 0.650391 0.658203 0.0390625 0.0195312
0 0.602539 0.584961 0.0292969 0.0371094
0 0.312012 0.894531 0.0361328 0.0507812
0 0.25293 0.639648 0.0351562 0.0332031
0 0.424805 0.991211 0.0390625 0.0175781
0 0.550781 0.588867 0.0234375 0.0449219
0 0.280273 0.659668 0.0273438 0.0478516
0 0.247559 0.745117 0.0439453 0.0292969
0 0.32373 0.373047 0.0380859 0.0351562
0 0.631348 0.62207 0.0322266 0.046875
0 0.604492 0.631836 0.0332031 0.0332031
0 0.552734 0.643555 0.0273438 0.0449219
