0 0.508789 0.366699 0.0332031 0.0537109
0 0.503418 0.314941 0.0400391 0.0380859
0 0.463867 0.269531 0.0175781 0.0507812
0 0.524414 0.791504 0.0332031 0.0400391
0 0.584961 0.714355 0.0214844 0.0576172
0 0.436035 0.334473 0.0244141 0.0595703
0 0.551758 0.549316 0.0234375 0.0439453
0 0.484863 0.669922 0.0244141 0.0371094
0 0.551758 0.710938 0.0214844 0.0429688
0 0.629883 0.561523 0.0253906 0.0527344
0 0.492188 0.55957 0.0332031 0.0410156
0 0.549805 0.456055 0.03125 0.0449219
0 0.493164 0.788574 0.0292969 0.0322266
0 0.553223 0.382812 0.0380859 0.0253906
0 0.535156 0.506348 0.0273438 0.0478516
0 0.504395 0.685547 0.0244141 0.046875
0 0.501953 0.417969 0.046875 0.0234375
0 0.459473 0.414062 0.0302734 0.0585938
0 0.490723 0.536133 0.0263672 0.0390625
0 0.529297 0.722168 0.0351562 0.0283203
0 0.61377 0.714844 0.0322266 0.0546875
0 0.504883 0.618652 0.0292969 0.0517578
0 0.575195 0.498047 0.0195312 0.046875
0 0.492188 0.38916 0.0371094 0.0361328
0 0.538086 0.663086 0.0195312 0.0527344
0 0.574219 0.541504 0.03125 0.0615234
0 0.472168 0.256836 0.0205078 0.0449219
0 0.521484 0.746582 0.0351562 0.0224609
0 0.496094 0.651855 0.0410156 0.0283203
0 0.674805 0.780273 0.0410156 0.0625
0 0.502441 0.245117 0.0224609 0.0566406
0 0.499512 0.588867 0.0439453 0.0273438
0 0.576172 0.42334 0.0175781 0.0498047
0 0.467773 0.526367 0.0449219 0.0371094
0 0.573242 0.610352 0.0488281 0.0273438
0 0.621094 0.559082 0.0234375 0.0517578
0 0.538086 0.337402 0.0292969 0.0712891
0 0.372559 0.499023 0.0537109 0.0332031
0 0.509766 0.51416 0.0273438 0.0498047
0 0.48877 0.464355 0.0302734 0.0439453
0 0.413086 0.533203 0.0351562 0.0351562
0 0.563477 0.443359 0.0371094 0.0292969
0 0.500977 0.449219 0.0292969 0.046875
0 0.577148 0.637695 0.0292969 0.0449219
0 0.441895 0.561035 0.0283203 0.0556641
0 0.415527 0.584473 0.0302734 0.0615234
0 0.472656 0.714844 0.0390625 0.0488281
0 0.437012 0.428223 0.0322266 0.0341797
0 0.693848 0.623047 0.0224609 0.0527344
0 0.535645 0.299805 0.0322266 0.0449219
0 0.59375 0.456543 0.0292969 0.0595703
0 0.634766 0.490234 0.03125 0.0390625
0 0.762695 0.682617 0.0371094 0.0488281
0 0.424805 0.504883 0.0410156 0.0371094
