0 0.4375 0.82373 0.0234375 0.0458984
0 0.40332 0.753906 0.0390625 0.0546875
0 0.624023 0.591797 0.0214844 0.046875
0 0.607422 0.583008 0.0214844 0.0390625
0 0.680664 0.558105 0.0195312 0.0498047
0 0.460938 0.485352 0.0273438 0.0253906
0 0.671387 0.182129 0.0419922 0.0244141
0 0.44043 0.388672 0.0136719 0.0507812
0 0.361816 0.335938 0.0185547 0.046875
0 0.433105 0.725098 0.0341797 0.0341797
0 0.681641 0.653809 0.0214844 0.0361328
0 0.8125 0.367676 0.015625 0.0673828
0 0.671387 0.574219 0.0322266 0.0292969
0 0.42627 0.608887 0.0244141 0.0263672
0 0.45166 0.624512 0.0341797 0.0361328
0 0.374023 0.470703 0.0214844 0.0410156
0 0.560059 0.214355 0.0302734 0.0439453
0 0.368164 0.371582 0.0253906 0.0361328
0 0.352051 0.629395 0.0166016 0.0478516
