0 0.459961 0.596191 0.0351562 0.0517578
0 0.298828 0.246094 0.0273438 0.0546875
0 0.276367 0.418945 0.0292969 0.046875
0 0.450684 0.178223 0.0244141 0.0537109
0 0.550293 0.122559 0.0400391 0.0380859
0 0.396484 0.564453 0.0273438 0.0585938
0 0.296387 0.452637 0.0283203 0.0673828
0 0.394531 0.0112305 0.0332031 0.0224609
0 0.525391 0.0776367 0.0332031 0.0478516
0 0.373535 0.589844 0.0361328 0.0546875
0 0.431641 0.140625 0.0390625 0.0390625
0 0.485352 0.592285 0.0253906 0.0654297
0 0.370117 0.621582 0.03125 0.0439453
0 0.306641 0.233887 0.0390625 0.0732422
0 0.429199 0.529785 0.0244141 0.0634766
0 0.415527 0.162109 0.0361328 0.0546875
0 0.469238 0.20166 0.0205078 0.0654297
0 0.29248 0.427246 0.0322266 0.0576172
0 0.412598 0.334961 0.0302734 0.0449219
0 0.423828 0.0893555 0.0273438 0.0537109
0 0.304199 0.513184 0.0322266 0.0654297
0 0.584473 0.122559 0.0283203 0.0791016
0 0.421875 0.659668 0.0351562 0.0615234
0 0.219727 0.508301 0.0253906 0.0732422
0 0.440918 0.186035 0.0322266 0.0556641
0 0.321289 0.246582 0.0234375 0.0654297
0 0.492188 0.210938 0.0332031 0.0410156
0 0.278809 0.504395 0.0361328 0.0400391
0 0.574219 0.571777 0.0390625 0.0419922
0 0.552246 0.213867 0.0322266 0.0878906
0 0.449707 0.00878906 0.0380859 0.0175781
0 0.32373 0.460938 0.0244141 0.0683594
0 0.230957 0.491211 0.0263672 0.0683594
0 0.52832 0.151367 0.0351562 0.0488281
0 0.383789 0.545898 0.0351562 0.0585938
0 0.533691 0.63916 0.0439453 0.0517578
0 0.40918 0.124512 0.0351562 0.0380859
0 0.471191 0.0532227 0.0341797 0.0595703
0 0.313477 0.0839844 0.0292969 0.0722656
0 0.294434 0.0546875 0.0322266 0.0527344
0 0.331055 0.302734 0.0332031 0.0546875
0 0.264648 0.323242 0.0332031 0.0527344
0 0.411621 0.604492 0.0263672 0.0546875
0 0.28418 0.346191 0.0234375 0.0693359
0 0.455566 0.518066 0.0302734 0.0498047
0 0.492676 0.17334 0.0224609 0.0615234
0 0.800293 0.499512 0.0419922 0.0458984
0 0.398438 0.499023 0.0371094 0.046875
0 0.380371 0.297363 0.0263672 0.0595703
0 0.376465 0.362305 0.0380859 0.03125
0 0.317871 0.339844 0.0283203 0.0527344
0 0.48877 0.117676 0.0244141 0.0634766
0 0.399902 0.102051 0.0361328 0.0556641
0 0.480469 0.416504 0.03125 0.0595703
0 0.403809 0.361816 0.0244141 0.0712891
0 0.307129 0.321777 0.0205078 0.0615234
0 0.425293 0.398438 0.0302734 0.0546875
0 0.15625 0.542969 0.0390625 0.0585938
0 0.26709 0.401367 0.0341797 0.0585938
0 0.47998 0.0688477 0.0263672 0.0556641
0 0.39209 0.0458984 0.0283203 0.0703125
0 0.553223 0.49707 0.0322266 0.0585938
0 0.441895 0.646973 0.0400391 0.0361328
0 0.440918 0.604492 0.0302734 0.0605469
0 0.460938 0.695801 0.0429688 0.0439453
0 0.390625 0.279785 0.0253906 0.0595703
0 0.481445 0.236328 0.0234375 0.0625
0 0.32666 0.409668 0.0400391 0.0498047
0 0.42334 0.313477 0.0400391 0.0390625
0 0.348145 0.0629883 0.0283203 0.0751953
0 0.424316 0.0356445 0.0400391 0.0400391
0 0.379395 0.101562 0.0361328 0.0488281
0 0.444336 0.344727 0.0371094 0.0410156
0 0.515625 0.185547 0.0332031 0.0546875
0 0.296875 0.193359 0.0351562 0.0390625
0 0.378418 0.337891 0.0361328 0.0449219
0 0.314453 0.691895 0.03125 0.0615234
0 0.511719 0.556641 0.0273438 0.0644531
0 0.369629 0.479492 0.0361328 0.0488281
0 0.26123 0.469238 0.0302734 0.0634766
0 0.284668 0.140137 0.0400391 0.0458984
0 0.28125 0.065918 0.0390625 0.0673828
0 0.238281 0.24707 0.03125 0.0644531
0 0.223633 0.354004 0.0390625 0.0458984
0 0.496094 0.633789 0.0273438 0.0742188
0 0.516602 0.131836 0.0332031 0.0527344
0 0.348633 0.465332 0.0273438 0.0732422
0 0.319824 0.371582 0.0361328 0.0517578
0 0.653809 0.560059 0.0341797 0.0537109
0 0.826172 0.302246 0.0390625 0.0654297
0 0.356445 0.242676 0.0253906 0.0634766
0 0.554199 0.0771484 0.0322266 0.0683594
0 0.575684 0.482422 0.0302734 0.0742188
0 0.390137 0.157715 0.0400391 0.0458984
0 0.361328 0.03125 0.0253906 0.0625
0 0.429688 0.480957 0.0410156 0.0498047
0 0.617188 0.285645 0.0351562 0.0654297
0 0.211914 0.307129 0.0429688 0.0419922
0 0.568359 0.274902 0.03125 0.0751953
0 0.376953 0.400879 0.0273438 0.0595703
0 0.192383 0.250977 0.0371094 0.0605469
0 0.503418 0.28418 0.0283203 0.0605469
0 0.379395 0.216797 0.0322266 0.0605469
0 0.527344 0.246094 0.0253906 0.0703125
0 0.537109 0.691895 0.0253906 0.0712891
