0 0.249023 0.786133 0.0195312 0.0136719
0 0.466309 0.359863 0.0263672 0.0400391
0 0.236328 0.634766 0.00976562 0.0273438
0 0.457031 0.379883 0.0214844 0.0644531
0 0.245605 0.492676 0.0166016 0.0576172
0 0.525391 0.311523 0.0273438 0.0585938
0 0.256836 0.519531 0.0117188 0.0585938
0 0.492676 0.466797 0.0185547 0.0546875
0 0.550781 0.316406 0.0351562 0.0234375
0 0.518555 0.291016 0.0214844 0.0429688
0 0.392578 0.365723 0.0351562 0.0244141
0 0.570312 0.513672 0.0351562 0.0703125
0 0.613281 0.493652 0.0390625 0.0244141
0 0.469727 0.426758 0.0175781 0.0839844
0 0.401367 0.345703 0.0351562 0.03125
0 0.275391 0.336914 0.0253906 0.0761719
0 0.276367 0.644531 0.015625 0.0625
0 0.647461 0.611816 0.0175781 0.0693359
0 0.458008 0.494141 0.0234375 0.0585938
0 0.548828 0.711914 0.0175781 0.0683594
0 0.316406 0.575195 0.0273438 0.0644531
0 0.504395 0.322266 0.0185547 0.0585938
0 0.550781 0.345703 0.03125 0.0449219
0 0.592773 0.478027 0.0332031 0.0302734
0 0.367188 0.371582 0.0234375 0.0556641
0 0.359375 0.490234 0.0273438 0.0546875
