0 0.26709 0.209961 0.0380859 0.0332031
0 0.444824 0.320312 0.0146484 0.0292969
0 0.695801 0.344727 0.0458984 0.0273438
0 0.043457 0.208496 0.0556641 0.0263672
0 0.19043 0.309082 0.046875 0.0517578
0 0.268066 0.119141 0.0185547 0.0390625
0 0.0966797 0.259766 0.0195312 0.03125
0 0.327148 0.132812 0.0761719 0.0195312
0 0.259277 0.25 0.0673828 0.0292969
0 0.314453 0.180176 0.0625 0.0361328
0 0.540527 0.198242 0.0439453 0.0332031
0 0.0966797 0.362305 0.0566406 0.0429688
0 0.0117188 0.331055 0.0234375 0.0410156
0 0.53125 0.282227 0.0410156 0.0664062
0 0.174805 0.120117 0.0332031 0.0429688
0 0.339355 0.0854492 0.0458984 0.0517578
0 0.376465 0.320801 0.0478516 0.0556641
0 0.430176 0.187988 0.0615234 0.0283203
0 0.529785 0.42627 0.0498047 0.0595703
0 0.242188 0.0424805 0.0507812 0.0380859
0 0.273926 0.0229492 0.0615234 0.0322266
0 0.541016 0.0668945 0.0585938 0.0478516
0 0.108887 0.123047 0.0361328 0.0449219
0 0.132812 0.0634766 0.0371094 0.0371094
0 0.468262 0.327148 0.0419922 0.0546875
0 0.635254 0.34668 0.0419922 0.0507812
0 0.605469 0.27832 0.0410156 0.0527344
