0 0.637207 0.654297 0.0341797 0.03125
0 0.530273 0.628418 0.0273438 0.0458984
0 0.423828 0.523438 0.0195312 0.046875
0 0.473145 0.708008 0.0283203 0.03125
0 0.270996 0.320312 0.0205078 0.0585938
0 0.55957 0.357422 0.0253906 0.0703125
0 0.589355 0.585938 0.0341797 0.0292969
0 0.602539 0.35791 0.0214844 0.0478516
0 0.606445 0.643066 0.0175781 0.0517578
0 0.462402 0.411133 0.0341797 0.0351562
0 0.620605 0.654785 0.0283203 0.0322266
0 0.624512 0.332031 0.0322266 0.0429688
0 0.594238 0.671387 0.0205078 0.0517578
0 0.446777 0.30957 0.0302734 0.0292969
0 0.544434 0.296875 0.0322266 0.0410156
0 0.517578 0.338379 0.0214844 0.0517578
0 0.543457 0.349609 0.0224609 0.0625
0 0.577637 0.311035 0.0322266 0.0400391
0 0.616699 0.623047 0.0263672 0.0371094
0 0.493164 0.366211 0.0351562 0.0410156
0 0.568359 0.650879 0.0234375 0.0439453
0 0.599609 0.694824 0.0253906 0.0439453
0 0.484375 0.445801 0.0234375 0.0498047
0 0.532227 0.480469 0.0214844 0.0585938
0 0.708984 0.424316 0.0214844 0.0576172
0 0.454102 0.6875 0.03125 0.0351562
0 0.668457 0.494629 0.0244141 0.0634766
0 0.484863 0.404297 0.0263672 0.0703125
0 0.45459 0.339355 0.0322266 0.0439453
0 0.332031 0.387207 0.0273438 0.0576172
0 0.446777 0.433594 0.0185547 0.0546875
0 0.527832 0.403809 0.0283203 0.0517578
0 0.638672 0.623535 0.0214844 0.0537109
0 0.302734 0.552734 0.0351562 0.0566406
0 0.47998 0.311523 0.0341797 0.0410156
0 0.587402 0.569824 0.0283203 0.0361328
0 0.535156 0.442383 0.0253906 0.0410156
0 0.634277 0.508789 0.0205078 0.0722656
0 0.561523 0.844727 0.0351562 0.0429688
0 0.431641 0.652832 0.03125 0.0517578
0 0.434082 0.669434 0.0224609 0.0615234
0 0.394531 0.52002 0.0234375 0.0654297
0 0.505859 0.469727 0.0214844 0.0644531
0 0.47168 0.728516 0.0332031 0.0546875
0 0.571289 0.69043 0.0214844 0.0546875
0 0.598145 0.544922 0.0322266 0.0351562
0 0.584961 0.356445 0.0292969 0.046875
0 0.640625 0.314941 0.0253906 0.0498047
0 0.609375 0.564941 0.0214844 0.0478516
0 0.579102 0.281738 0.0371094 0.0419922
0 0.722656 0.415039 0.0195312 0.0585938
0 0.562012 0.731445 0.0224609 0.0664062
0 0.543945 0.269531 0.0351562 0.0390625
0 0.524414 0.286133 0.0214844 0.0527344
0 0.467773 0.503906 0.0195312 0.0625
0 0.714355 0.354492 0.0302734 0.0410156
0 0.547852 0.407227 0.0214844 0.0566406
0 0.406738 0.774902 0.0380859 0.0400391
0 0.543457 0.705566 0.0185547 0.0634766
0 0.522461 0.686035 0.0273438 0.0537109
0 0.40918 0.375488 0.0371094 0.0400391
0 0.389648 0.354004 0.0292969 0.0517578
0 0.544922 0.617188 0.0332031 0.0390625
0 0.526855 0.318359 0.0341797 0.0332031
0 0.481445 0.48877 0.0234375 0.0556641
0 0.648926 0.353027 0.0380859 0.0419922
0 0.452637 0.714844 0.0224609 0.0566406
0 0.585449 0.460449 0.0341797 0.0439453
0 0.599609 0.318848 0.0292969 0.0498047
0 0.390625 0.624512 0.03125 0.0380859
0 0.506836 0.524414 0.0234375 0.0566406
0 0.591309 0.202148 0.0263672 0.0664062
0 0.600586 0.474121 0.0292969 0.0380859
0 0.495117 0.681641 0.0214844 0.0664062
0 0.423828 0.336426 0.0292969 0.0458984
0 0.349121 0.394531 0.0263672 0.0625
0 0.431152 0.57959 0.0263672 0.0576172
0 0.435059 0.398926 0.0263672 0.0615234
0 0.580566 0.626953 0.0322266 0.0332031
0 0.415527 0.456055 0.0322266 0.0527344
0 0.506348 0.571777 0.0244141 0.0556641
0 0.445312 0.475586 0.0273438 0.0351562
0 0.62207 0.216797 0.0351562 0.0546875
0 0.474609 0.680176 0.03125 0.0400391
0 0.409668 0.416016 0.0302734 0.0449219
0 0.632324 0.466309 0.0283203 0.0458984
0 0.358887 0.544434 0.0263672 0.0615234
0 0.506348 0.616699 0.0244141 0.0576172
