0 0.463379 0.778809 0.0263672 0.0263672
0 0.32666 0.418457 0.0302734 0.0302734
0 0.366699 0.703613 0.0224609 0.0400391
0 0.503418 0.45166 0.0126953 0.0458984
0 0.341797 0.411133 0.0273438 0.03125
0 0.454102 0.388184 0.0195312 0.0341797
0 0.467285 0.460449 0.0205078 0.0205078
0 0.617188 0.673828 0.0195312 0.046875
0 0.450195 0.620605 0.0253906 0.0244141
0 0.473145 0.60791 0.0263672 0.0244141
0 0.573242 0.555176 0.0273438 0.0283203
0 0.420898 0.433105 0.0136719 0.0380859
0 0.373535 0.67334 0.0146484 0.0498047
0 0.404297 0.42041 0.015625 0.0498047
0 0.448242 0.378418 0.015625 0.0380859
0 0.459961 0.789062 0.0234375 0.0449219
0 0.41748 0.410156 0.0244141 0.0332031
0 0.626953 0.71875 0.0273438 0.0253906
0 0.414551 0.429199 0.0126953 0.0400391
0 0.536621 0.257812 0.0126953 0.0546875
0 0.46582 0.443848 0.0195312 0.0400391
0 0.60791 0.65625 0.0224609 0.0390625
0 0.556641 0.600098 0.015625 0.0478516
0 0.330566 0.459473 0.0224609 0.0263672
0 0.428711 0.571289 0.0175781 0.0429688
0 0.451172 0.791992 0.0214844 0.0507812
0 0.418945 0.38623 0.015625 0.0400391
0 0.460449 0.472656 0.0205078 0.0429688
0 0.487793 0.499512 0.0244141 0.0224609
0 0.572266 0.384277 0.0234375 0.0244141
0 0.45459 0.402832 0.0224609 0.0244141
0 0.401367 0.437988 0.0175781 0.0419922
0 0.45166 0.469727 0.0146484 0.046875
0 0.367188 0.58252 0.015625 0.0498047
0 0.491211 0.79541 0.0136719 0.0400391
0 0.438477 0.631836 0.0195312 0.0410156
0 0.394043 0.808105 0.0244141 0.0419922
0 0.349121 0.663574 0.0185547 0.0458984
0 0.467285 0.601562 0.0224609 0.0234375
0 0.618652 0.711426 0.0283203 0.0283203
0 0.424805 0.466797 0.0136719 0.0449219
0 0.511719 0.431641 0.0136719 0.0449219
0 0.425781 0.688965 0.0273438 0.0205078
0 0.306152 0.48877 0.0224609 0.0380859
0 0.566895 0.579102 0.0224609 0.0351562
0 0.676758 0.624023 0.0214844 0.0429688
0 0.481934 0.367676 0.0263672 0.0322266
0 0.466797 0.382812 0.0136719 0.0488281
0 0.624023 0.604004 0.0214844 0.0361328
0 0.584961 0.554688 0.0253906 0.0273438
0 0.635742 0.516602 0.03125 0.0273438
0 0.365234 0.446777 0.0195312 0.0478516
0 0.386719 0.689453 0.0195312 0.046875
0 0.33252 0.705566 0.0302734 0.0283203
0 0.362305 0.486816 0.0273438 0.0244141
0 0.508789 0.466797 0.0175781 0.0507812
0 0.351562 0.416016 0.0234375 0.0351562
0 0.463379 0.631348 0.0283203 0.0322266
0 0.651367 0.657715 0.0273438 0.0341797
0 0.442383 0.420898 0.0214844 0.03125
0 0.326172 0.405762 0.0273438 0.0283203
0 0.427734 0.591309 0.0273438 0.0302734
0 0.671875 0.592285 0.0175781 0.0498047
0 0.346191 0.454102 0.0166016 0.046875
0 0.402832 0.461914 0.0244141 0.0195312
0 0.507324 0.649902 0.0205078 0.0283203
0 0.481445 0.34668 0.0253906 0.0234375
0 0.34082 0.654297 0.0136719 0.0449219
0 0.37207 0.71582 0.0214844 0.0390625
0 0.442383 0.820801 0.0195312 0.0302734
0 0.418457 0.731934 0.0185547 0.0458984
0 0.358887 0.696777 0.0185547 0.0498047
0 0.501465 0.678711 0.0322266 0.0253906
0 0.352539 0.512207 0.015625 0.0537109
0 0.507812 0.391602 0.015625 0.046875
0 0.420898 0.75293 0.015625 0.0429688
0 0.444336 0.440918 0.0234375 0.0224609
0 0.379395 0.436035 0.0146484 0.0458984
0 0.453125 0.837891 0.0175781 0.046875
0 0.416992 0.579102 0.0253906 0.0292969
0 0.314453 0.593262 0.0214844 0.0478516
0 0.594727 0.446289 0.015625 0.0488281
0 0.545898 0.264648 0.0175781 0.0449219
0 0.60498 0.681641 0.0185547 0.0488281
0 0.330078 0.442383 0.0273438 0.03125
0 0.395508 0.720215 0.0292969 0.0244141
0 0.388184 0.552734 0.0146484 0.0507812
0 0.39502 0.376465 0.0263672 0.0244141
0 0.421875 0.637207 0.0253906 0.0380859
0 0.51123 0.580566 0.0224609 0.0224609
0 0.468262 0.413086 0.0205078 0.0332031
0 0.493164 0.456543 0.015625 0.0517578
0 0.484863 0.59375 0.0263672 0.0273438
0 0.397949 0.548828 0.0146484 0.0488281
0 0.434082 0.452148 0.0205078 0.0449219
0 0.480469 0.508301 0.0253906 0.0322266
0 0.644043 0.554688 0.0263672 0.0234375
0 0.483398 0.445312 0.0117188 0.0410156
0 0.373047 0.501953 0.0273438 0.0195312
0 0.64209 0.632324 0.0185547 0.0537109
0 0.46582 0.277344 0.03125 0.0273438
0 0.40918 0.541504 0.0175781 0.0478516
0 0.495117 0.642578 0.0175781 0.046875
0 0.45752 0.250977 0.0244141 0.0371094
0 0.448242 0.599121 0.0273438 0.0224609
0 0.530273 0.516602 0.0175781 0.0390625
0 0.367676 0.473633 0.0302734 0.0273438
0 0.433594 0.51416 0.015625 0.0458984
0 0.542969 0.68457 0.0234375 0.0273438
0 0.529785 0.687012 0.0146484 0.0458984
0 0.622559 0.632812 0.0126953 0.0410156
0 0.439453 0.317383 0.0195312 0.0351562
0 0.524414 0.646484 0.0195312 0.0488281
0 0.391113 0.638184 0.0244141 0.0283203
0 0.560547 0.37793 0.0175781 0.0507812
0 0.433105 0.39209 0.0263672 0.0244141
0 0.659668 0.638184 0.0205078 0.0400391
0 0.391602 0.422852 0.0175781 0.0429688
0 0.382324 0.736328 0.0166016 0.0488281
0 0.486816 0.759766 0.0263672 0.0527344
0 0.453613 0.33252 0.0244141 0.0380859
0 0.562012 0.631836 0.0283203 0.03125
0 0.546387 0.654785 0.0302734 0.0322266
0 0.54248 0.443848 0.0185547 0.0537109
0 0.450195 0.355957 0.0214844 0.0400391
0 0.517578 0.691895 0.0175781 0.0517578
0 0.351562 0.685059 0.0175781 0.0458984
0 0.424316 0.620605 0.0302734 0.0224609
0 0.535156 0.583496 0.0253906 0.0341797
0 0.583984 0.402344 0.0273438 0.0234375
0 0.578613 0.419434 0.0263672 0.0224609
0 0.498535 0.550781 0.0166016 0.046875
0 0.611328 0.60498 0.0214844 0.0458984
0 0.511719 0.623047 0.0253906 0.0273438
0 0.507812 0.23584 0.0214844 0.0341797
0 0.613281 0.770996 0.0234375 0.0341797
0 0.631836 0.538086 0.0253906 0.0253906
0 0.440918 0.491211 0.0244141 0.03125
0 0.440918 0.291504 0.0322266 0.0283203
0 0.524414 0.603516 0.0195312 0.0410156
0 0.411621 0.472656 0.0244141 0.03125
0 0.649414 0.572266 0.0253906 0.03125
0 0.314453 0.38916 0.03125 0.0263672
0 0.591797 0.819824 0.0175781 0.0478516
0 0.698242 0.483398 0.0234375 0.0449219
0 0.312988 0.496094 0.0263672 0.0429688
0 0.702148 0.50293 0.0273438 0.0371094
0 0.342773 0.733398 0.03125 0.03125
0 0.570312 0.444824 0.0175781 0.0458984
0 0.392578 0.782715 0.0234375 0.0419922
0 0.414062 0.671875 0.0273438 0.0253906
0 0.476562 0.674316 0.015625 0.0517578
0 0.359863 0.598633 0.0263672 0.0410156
0 0.562988 0.518555 0.0244141 0.0449219
0 0.504883 0.359863 0.0292969 0.0263672
0 0.539062 0.404785 0.0273438 0.0283203
0 0.495117 0.333496 0.0332031 0.0263672
0 0.431152 0.54541 0.0322266 0.0263672
0 0.369629 0.392578 0.0263672 0.0292969
0 0.379883 0.404297 0.0234375 0.0273438
0 0.367188 0.515625 0.0253906 0.03125
0 0.429688 0.703613 0.0292969 0.0263672
0 0.523438 0.430176 0.0175781 0.0478516
0 0.407715 0.507324 0.0302734 0.0302734
0 0.451172 0.21582 0.0292969 0.0332031
0 0.54248 0.558105 0.0283203 0.0302734
0 0.620117 0.560059 0.0214844 0.0458984
0 0.484375 0.40332 0.0234375 0.0351562
0 0.453125 0.576172 0.0195312 0.0390625
0 0.513672 0.542969 0.0175781 0.0488281
0 0.504883 0.758789 0.0214844 0.0429688
0 0.609375 0.738281 0.0253906 0.0371094
0 0.476074 0.483887 0.0244141 0.0322266
0 0.44043 0.664551 0.0234375 0.0400391
0 0.336914 0.293457 0.0292969 0.0361328
0 0.592285 0.699707 0.0263672 0.0380859
0 0.576172 0.589844 0.0195312 0.0429688
0 0.540039 0.617676 0.0214844 0.0478516
0 0.483887 0.572266 0.0302734 0.03125
0 0.515137 0.310547 0.0263672 0.0410156
0 0.522949 0.229004 0.0244141 0.0341797
0 0.402344 0.647461 0.0234375 0.0410156
0 0.515137 0.285156 0.0302734 0.03125
0 0.530762 0.755859 0.0244141 0.0449219
0 0.661621 0.540527 0.0263672 0.0380859
0 0.39209 0.299805 0.0263672 0.0449219
0 0.359375 0.296387 0.0292969 0.0361328
0 0.515625 0.806641 0.0214844 0.0449219
0 0.574707 0.662109 0.0263672 0.0371094
