0 0.508301 0.365723 0.0283203 0.0556641
0 0.504883 0.452637 0.0390625 0.0263672
0 0.518555 0.407227 0.046875 0.03125
0 0.459473 0.275391 0.0537109 0.0351562
0 0.537109 0.57959 0.0214844 0.0498047
0 0.550781 0.474609 0.0214844 0.0625
0 0.477051 0.38623 0.0166016 0.0654297
0 0.496582 0.298828 0.0361328 0.0351562
0 0.54248 0.494141 0.0244141 0.0410156
0 0.53418 0.477539 0.015625 0.0507812
0 0.556152 0.349609 0.0263672 0.0625
0 0.515137 0.430664 0.0537109 0.03125
0 0.568359 0.324707 0.0273438 0.0751953
0 0.460449 0.384766 0.0244141 0.0820312
0 0.706055 0.577148 0.0234375 0.0644531
0 0.479004 0.44043 0.0185547 0.0507812
0 0.461914 0.449707 0.0253906 0.0712891
0 0.474609 0.56543 0.0351562 0.0546875
0 0.470215 0.525879 0.0419922 0.0419922
0 0.444824 0.427246 0.0185547 0.0576172
0 0.694336 0.559082 0.015625 0.0458984
0 0.424316 0.46582 0.0283203 0.0683594
0 0.549805 0.297852 0.0507812 0.0292969
0 0.517578 0.548828 0.0292969 0.0605469
0 0.517578 0.51416 0.0273438 0.0556641
0 0.441895 0.491211 0.0166016 0.0703125
0 0.523438 0.620117 0.0332031 0.0371094
0 0.49707 0.585938 0.0136719 0.0507812
0 0.496582 0.371094 0.0302734 0.0605469
0 0.543457 0.403809 0.0419922 0.0439453
0 0.56543 0.478027 0.0234375 0.0732422
0 0.504883 0.562012 0.0273438 0.0498047
0 0.362793 0.36377 0.0537109 0.0263672
0 0.503906 0.326172 0.0390625 0.0546875
0 0.602539 0.31543 0.0429688 0.0410156
0 0.549316 0.549805 0.0439453 0.03125
0 0.527344 0.271484 0.0625 0.0273438
0 0.486328 0.663086 0.015625 0.0546875
0 0.493164 0.508789 0.0332031 0.0722656
0 0.533203 0.348633 0.0273438 0.0722656
0 0.555176 0.433594 0.0439453 0.0234375
0 0.521484 0.46582 0.0234375 0.046875
0 0.703613 0.655762 0.0205078 0.0673828
0 0.342773 0.40625 0.0449219 0.0605469
0 0.65332 0.489746 0.03125 0.0556641
0 0.639648 0.540527 0.0273438 0.0576172
0 0.416992 0.535645 0.0273438 0.0693359
0 0.615723 0.623535 0.0498047 0.0439453
0 0.469238 0.311523 0.0341797 0.0585938
0 0.474609 0.483887 0.0410156 0.0478516
0 0.664551 0.515625 0.0400391 0.0449219
0 0.720703 0.547852 0.0410156 0.0488281
0 0.512695 0.677734 0.0410156 0.0507812
0 0.360352 0.524902 0.0332031 0.0595703
0 0.582031 0.579102 0.03125 0.0527344
0 0.407715 0.369629 0.0595703 0.0478516
0 0.418945 0.410645 0.046875 0.0576172
