0 0.403809 0.250488 0.0595703 0.0302734
0 0.297852 0.298828 0.0605469 0.0292969
0 0.373047 0.275879 0.0917969 0.0283203
0 0.356934 0.52002 0.0615234 0.0302734
0 0.537109 0.261719 0.0625 0.0390625
0 0.29248 0.447754 0.0576172 0.0205078
0 0.404785 0.165039 0.0595703 0.0488281
0 0.347656 0.322754 0.0859375 0.0556641
0 0.644531 0.224609 0.0644531 0.0371094
0 0.591309 0.246094 0.0478516 0.0429688
0 0.443359 0.22168 0.046875 0.0527344
0 0.31543 0.388184 0.0488281 0.0517578
0 0.672363 0.40918 0.0244141 0.0410156
0 0.297852 0.324707 0.0585938 0.0615234
0 0.58252 0.32959 0.0478516 0.0498047
0 0.25293 0.447754 0.0664062 0.0654297
0 0.61377 0.508301 0.0595703 0.0517578
0 0.385742 0.336426 0.0683594 0.0224609
0 0.299805 0.519531 0.0664062 0.046875
0 0.272461 0.411133 0.0683594 0.0546875
0 0.562988 0.496582 0.0693359 0.0244141
0 0.64502 0.307617 0.0400391 0.0527344
0 0.307129 0.48584 0.0498047 0.0517578
0 0.33252 0.456055 0.0361328 0.0546875
0 0.621582 0.330566 0.0498047 0.0537109
0 0.414062 0.446777 0.0429688 0.0439453
0 0.682617 0.325684 0.0429688 0.0576172
0 0.513184 0.369629 0.0244141 0.0439453
0 0.476074 0.339844 0.0556641 0.0507812
0 0.555664 0.377441 0.0683594 0.0439453
0 0.616211 0.397461 0.0371094 0.0585938
0 0.507324 0.505859 0.0556641 0.046875
0 0.670898 0.465332 0.0625 0.0478516
0 0.564941 0.520508 0.0673828 0.0429688
0 0.507324 0.29834 0.0654297 0.0498047
0 0.23291 0.52832 0.0595703 0.0507812
0 0.507812 0.637207 0.0390625 0.0595703
