0 0.428711 0.484863 0.0214844 0.0439453
0 0.662598 0.362793 0.0244141 0.0322266
0 0.38916 0.595215 0.0224609 0.0439453
0 0.564453 0.685547 0.0195312 0.0429688
0 0.379395 0.639648 0.0107422 0.0292969
0 0.763184 0.44873 0.0126953 0.0322266
0 0.62207 0.716309 0.0292969 0.0517578
0 0.502441 0.339844 0.0302734 0.046875
0 0.528809 0.400391 0.0263672 0.0449219
0 0.385742 0.803711 0.0117188 0.0390625
0 0.689453 0.362305 0.0292969 0.03125
0 0.497559 0.604492 0.0263672 0.03125
0 0.563965 0.538574 0.0146484 0.0576172
0 0.378418 0.373047 0.0400391 0.0292969
0 0.472656 0.814941 0.0234375 0.0302734
0 0.640137 0.456055 0.0185547 0.0390625
0 0.695801 0.243652 0.0126953 0.0400391
0 0.418945 0.662109 0.0351562 0.0234375
0 0.60498 0.900879 0.0361328 0.0302734
0 0.416504 0.478516 0.0166016 0.0429688
0 0.604004 0.347656 0.0146484 0.0546875
0 0.569336 0.756836 0.0351562 0.0195312
0 0.665039 0.688965 0.0136719 0.0498047
0 0.387207 0.663086 0.0224609 0.0273438
0 0.435059 0.725586 0.0283203 0.0234375
0 0.342773 0.483887 0.0234375 0.0166016
0 0.403809 0.327148 0.0166016 0.0410156
0 0.388672 0.887207 0.0175781 0.0556641
0 0.445312 0.300781 0.0273438 0.0292969
0 0.556641 0.374512 0.0273438 0.0458984
0 0.586426 0.43457 0.0322266 0.0175781
0 0.598145 0.818848 0.0283203 0.0322266
0 0.423828 0.687012 0.0234375 0.0361328
0 0.659668 0.287598 0.0341797 0.0185547
0 0.619141 0.41748 0.03125 0.0458984
0 0.756348 0.386719 0.0244141 0.0429688
0 0.623535 0.679688 0.0361328 0.0332031
0 0.563477 0.924805 0.0332031 0.0351562
0 0.453125 0.891602 0.0234375 0.046875
0 0.336426 0.700195 0.0146484 0.0390625
0 0.479004 0.783691 0.0244141 0.0185547
0 0.688965 0.141113 0.0166016 0.0478516
0 0.374023 0.618652 0.015625 0.0322266
0 0.48291 0.50293 0.0244141 0.0390625
0 0.443359 0.568848 0.0117188 0.0478516
0 0.59375 0.777344 0.0371094 0.0351562
0 0.579102 0.316406 0.0234375 0.0234375
0 0.587891 0.287109 0.0214844 0.0390625
0 0.530762 0.623535 0.0244141 0.0146484
0 0.709961 0.403809 0.0273438 0.0439453
0 0.61084 0.585449 0.0185547 0.0380859
0 0.45166 0.320312 0.0205078 0.0449219
0 0.5625 0.271973 0.0175781 0.0615234
0 0.547852 0.826172 0.0234375 0.0488281
0 0.623535 0.806152 0.0380859 0.0361328
0 0.332031 0.652832 0.03125 0.0361328
0 0.476562 0.265625 0.0332031 0.0292969
0 0.359375 0.543945 0.0332031 0.0234375
0 0.467773 0.760742 0.0253906 0.03125
0 0.725586 0.507324 0.0195312 0.0439453
0 0.418457 0.855469 0.0380859 0.0214844
0 0.612305 0.845215 0.0214844 0.0400391
0 0.519531 0.989746 0.0175781 0.0205078
0 0.514648 0.524414 0.0351562 0.0195312
0 0.45459 0.913574 0.0205078 0.0322266
0 0.430176 0.571777 0.0166016 0.0419922
0 0.638184 0.220703 0.0205078 0.046875
0 0.492188 0.830078 0.0195312 0.0332031
0 0.331543 0.726562 0.0263672 0.0371094
0 0.561035 0.910156 0.0302734 0.03125
0 0.764648 0.354492 0.0234375 0.0507812
0 0.659668 0.60791 0.0146484 0.0517578
0 0.635254 0.25 0.0224609 0.046875
0 0.664551 0.796875 0.0400391 0.0292969
0 0.416504 0.564453 0.0263672 0.0429688
0 0.658691 0.493164 0.0146484 0.0429688
0 0.366699 0.439941 0.0146484 0.0576172
0 0.47998 0.75293 0.0146484 0.0351562
0 0.489746 0.739258 0.0244141 0.0273438
0 0.535156 0.95752 0.0371094 0.0302734
0 0.708984 0.340332 0.015625 0.0419922
0 0.467285 0.675293 0.0400391 0.0224609
0 0.305664 0.597656 0.0195312 0.03125
0 0.350586 0.706055 0.015625 0.0507812
0 0.491211 0.285156 0.0273438 0.0429688
0 0.359863 0.805176 0.0302734 0.0341797
0 0.605469 0.672363 0.03125 0.0244141
0 0.361328 0.652832 0.0136719 0.0419922
0 0.652344 0.753418 0.0410156 0.0478516
0 0.382812 0.446289 0.03125 0.0429688
0 0.538086 0.244629 0.0351562 0.0185547
0 0.439453 0.82666 0.0253906 0.0263672
0 0.457031 0.591797 0.0175781 0.0390625
0 0.351562 0.901855 0.0332031 0.0361328
0 0.653809 0.82373 0.0283203 0.0302734
0 0.395508 0.817383 0.0214844 0.0390625
0 0.67334 0.418457 0.0263672 0.0205078
0 0.466797 0.633789 0.0351562 0.0195312
0 0.621582 0.277832 0.0244141 0.0400391
0 0.396484 0.741699 0.0175781 0.0498047
0 0.736816 0.464844 0.0263672 0.046875
0 0.500977 0.836426 0.0292969 0.0205078
0 0.416016 0.63623 0.015625 0.0400391
0 0.51123 0.851074 0.0419922 0.0283203
0 0.51416 0.480469 0.0185547 0.0410156
0 0.540039 0.221191 0.0332031 0.0283203
0 0.634766 0.504883 0.0214844 0.0527344
0 0.431641 0.76123 0.0390625 0.0205078
0 0.549805 0.15625 0.0234375 0.0351562
0 0.605957 0.225586 0.0185547 0.0410156
0 0.587402 0.348633 0.0166016 0.0507812
0 0.460449 0.705078 0.0283203 0.0429688
0 0.335449 0.752441 0.0283203 0.0361328
0 0.57959 0.796875 0.0205078 0.0410156
0 0.516113 0.70166 0.0244141 0.0419922
0 0.490723 0.38916 0.0126953 0.0458984
0 0.379395 0.782715 0.0283203 0.0185547
0 0.328613 0.437012 0.0380859 0.0283203
0 0.375488 0.771973 0.0302734 0.0166016
0 0.554688 0.711914 0.0371094 0.03125
0 0.352051 0.499023 0.0263672 0.0234375
0 0.766602 0.243164 0.0429688 0.0214844
0 0.340332 0.645508 0.0263672 0.0351562
0 0.415039 0.826172 0.0273438 0.0253906
0 0.589355 0.396484 0.0185547 0.0371094
0 0.745605 0.215332 0.0205078 0.0361328
0 0.339355 0.98291 0.0302734 0.0341797
0 0.541016 0.321777 0.015625 0.0419922
0 0.711426 0.225098 0.0419922 0.0283203
0 0.560059 0.325195 0.0244141 0.015625
0 0.416504 0.787109 0.0244141 0.0351562
0 0.412598 0.587402 0.0224609 0.0224609
0 0.487305 0.932129 0.0332031 0.0302734
0 0.431152 0.411621 0.0205078 0.0361328
0 0.75293 0.0512695 0.0234375 0.0498047
0 0.753418 0.479004 0.0166016 0.0458984
0 0.783203 0.708984 0.0410156 0.0605469
0 0.529297 0.921387 0.03125 0.0185547
0 0.568848 0.496094 0.0322266 0.0273438
0 0.739746 0.251465 0.0263672 0.0419922
0 0.508301 0.797363 0.0439453 0.0205078
0 0.587402 0.597168 0.0146484 0.0458984
0 0.684082 0.48584 0.0146484 0.0498047
0 0.459473 0.73291 0.0283203 0.0380859
0 0.423828 0.888672 0.0371094 0.0253906
0 0.479004 0.321777 0.0380859 0.0205078
0 0.284668 0.568359 0.0322266 0.0429688
0 0.462402 0.490234 0.0185547 0.0507812
0 0.290527 0.720703 0.0400391 0.0351562
0 0.722656 0.199219 0.0214844 0.0546875
0 0.407715 0.908203 0.0224609 0.0488281
0 0.606934 0.546875 0.0302734 0.0390625
0 0.45752 0.856934 0.0341797 0.0400391
0 0.598145 0.752441 0.0361328 0.0205078
0 0.341309 0.793457 0.0205078 0.0419922
0 0.314453 0.621094 0.0214844 0.0390625
0 0.67627 0.560059 0.0126953 0.0517578
0 0.379883 0.825684 0.0175781 0.0517578
0 0.537109 0.0727539 0.0351562 0.0478516
0 0.459473 0.779785 0.0224609 0.0244141
0 0.770996 0.112305 0.0185547 0.0566406
0 0.396973 0.465332 0.0302734 0.0439453
0 0.691406 0.298828 0.0234375 0.0390625
0 0.53418 0.64502 0.0214844 0.0419922
0 0.520996 0.268555 0.0263672 0.0429688
0 0.371094 0.741211 0.0351562 0.0273438
0 0.732422 0.285645 0.0214844 0.0400391
0 0.425293 0.712891 0.0361328 0.0175781
0 0.545898 0.769043 0.015625 0.0439453
0 0.446777 0.42334 0.0166016 0.0517578
0 0.34082 0.460449 0.0292969 0.0361328
0 0.749023 0.106445 0.03125 0.0410156
0 0.446777 0.625977 0.0341797 0.0292969
0 0.495605 0.677246 0.0400391 0.0322266
0 0.315918 0.73877 0.0166016 0.0439453
0 0.649902 0.555664 0.0361328 0.0234375
0 0.37207 0.394043 0.0390625 0.0205078
0 0.662109 0.468262 0.0253906 0.0458984
0 0.518555 0.181641 0.0371094 0.0390625
0 0.585938 0.544922 0.0175781 0.0507812
0 0.768066 0.785156 0.0458984 0.0214844
0 0.631348 0.320312 0.0166016 0.0371094
0 0.699219 0.520508 0.0332031 0.0488281
0 0.716797 0.452148 0.0253906 0.0371094
0 0.513672 0.220215 0.0273438 0.0458984
0 0.286621 0.59668 0.0302734 0.0429688
0 0.77002 0.514648 0.0205078 0.046875
0 0.643555 0.376465 0.0195312 0.0400391
0 0.410156 0.524902 0.0273438 0.0400391
0 0.73584 0.0209961 0.0185547 0.0419922
0 0.402344 0.230957 0.0371094 0.0634766
0 0.544922 0.199707 0.0371094 0.0283203
0 0.343262 0.870117 0.0400391 0.03125
0 0.664551 0.174316 0.0361328 0.0322266
0 0.711914 0.0991211 0.03125 0.0361328
0 0.390137 0.408203 0.0244141 0.046875
0 0.273438 0.645996 0.03125 0.0439453
0 0.345215 0.574219 0.0185547 0.0449219
0 0.547852 0.888184 0.0253906 0.0419922
0 0.335938 0.529297 0.0253906 0.03125
0 0.345215 0.408203 0.0283203 0.046875
