0 0.282227 0.393555 0.0488281 0.0410156
0 0.420898 0.71875 0.0429688 0.0527344
0 0.553711 0.36377 0.0449219 0.0361328
0 0.182129 0.529785 0.0458984 0.0654297
0 0.529297 0.383301 0.0351562 0.0302734
1 0.29541 0.708008 0.0751953 0.119141
0 0.431641 0.508789 0.0253906 0.0253906
0 0.224121 0.384766 0.0166016 0.0390625
0 0.169434 0.408203 0.0458984 0.03125
0 0.413086 0.484375 0.0410156 0.03125
0 0.387695 0.413574 0.0175781 0.0380859
0 0.391602 0.469727 0.03125 0.0449219
0 0.469238 0.385254 0.0146484 0.0439453
0 0.172363 0.668945 0.0283203 0.0449219
0 0.451172 0.56543 0.015625 0.0410156
