0 0.570801 0.100586 0.0458984 0.0839844
0 0.541504 0.327148 0.0498047 0.0253906
0 0.569336 0.229004 0.0195312 0.0712891
0 0.223145 0.455566 0.0244141 0.0771484
0 0.57959 0.194336 0.0185547 0.0878906
0 0.592285 0.0444336 0.0322266 0.0869141
0 0.344238 0.687988 0.0224609 0.0693359
0 0.52002 0.581055 0.0224609 0.0820312
0 0.313965 0.248047 0.0439453 0.03125
0 0.571289 0.125977 0.046875 0.0292969
0 0.562012 0.296387 0.0517578 0.0458984
0 0.505371 0.692871 0.0263672 0.0751953
0 0.561523 0.179199 0.0351562 0.0810547
0 0.395996 0.369629 0.0458984 0.0361328
0 0.394043 0.304688 0.0439453 0.0800781
0 0.521484 0.696777 0.0332031 0.0771484
0 0.317871 0.289062 0.0556641 0.0585938
0 0.538086 0.629883 0.0429688 0.0449219
0 0.504883 0.646973 0.046875 0.0400391
0 0.408691 0.625488 0.0458984 0.0654297
0 0.380371 0.880859 0.0576172 0.0605469
0 0.506836 0.761719 0.0390625 0.0703125
