0 0.493652 0.687012 0.0576172 0.0302734
0 0.678711 0.6875 0.0605469 0.0371094
0 0.655762 0.634277 0.0595703 0.0712891
0 0.597656 0.434082 0.0625 0.0478516
0 0.715332 0.572266 0.0693359 0.0410156
0 0.52832 0.428711 0.0507812 0.0253906
0 0.564453 0.411133 0.0214844 0.0683594
0 0.656738 0.584473 0.0322266 0.0771484
0 0.54834 0.486816 0.0673828 0.0576172
0 0.506348 0.499512 0.0537109 0.0615234
0 0.782715 0.763672 0.0693359 0.0546875
0 0.552734 0.567871 0.0351562 0.0849609
0 0.478027 0.557617 0.0517578 0.0507812
