0 0.405273 0.475586 0.0410156 0.015625
0 0.507324 0.473145 0.0166016 0.0205078
0 0.292969 0.467285 0.0175781 0.0185547
0 0.643555 0.305176 0.0234375 0.0341797
0 0.551758 0.466797 0.0214844 0.0351562
0 0.636719 0.491699 0.0234375 0.0322266
0 0.370117 0.480957 0.0214844 0.0302734
0 0.35498 0.478516 0.0263672 0.0253906
0 0.475586 0.508301 0.0292969 0.0185547
0 0.542969 0.42627 0.0253906 0.0283203
0 0.487305 0.505371 0.0371094 0.0224609
0 0.297363 0.428711 0.0400391 0.0136719
0 0.427734 0.486816 0.0332031 0.0146484
0 0.473145 0.441406 0.0380859 0.0214844
0 0.424316 0.511719 0.0263672 0.0273438
0 0.407227 0.463379 0.0410156 0.0146484
0 0.399902 0.404785 0.0341797 0.0361328
0 0.415039 0.502441 0.0371094 0.0166016
0 0.373535 0.511719 0.0302734 0.0253906
0 0.459961 0.506348 0.0195312 0.0224609
0 0.485352 0.589844 0.0292969 0.03125
0 0.449219 0.521973 0.0234375 0.0263672
0 0.289551 0.445312 0.0224609 0.0253906
0 0.457031 0.57959 0.0390625 0.0185547
0 0.564453 0.583008 0.0292969 0.0273438
0 0.574707 0.410645 0.0341797 0.0205078
0 0.524414 0.425293 0.0214844 0.0244141
0 0.287598 0.412598 0.0302734 0.0263672
0 0.541016 0.556152 0.0292969 0.0224609
0 0.528809 0.401367 0.0302734 0.0234375
0 0.454102 0.486816 0.0234375 0.0263672
0 0.353027 0.376953 0.0380859 0.0195312
0 0.429199 0.602051 0.0361328 0.0205078
