0 0.345703 0.282715 0.0605469 0.0458984
0 0.293457 0.575195 0.106445 0.0292969
0 0.523438 0.748047 0.0429688 0.0742188
0 0.499512 0.451172 0.0498047 0.0625
0 0.396973 0.818359 0.0830078 0.0253906
0 0.285156 0.693848 0.0625 0.0595703
0 0.519043 0.266602 0.0732422 0.03125
0 0.694824 0.571777 0.0400391 0.0634766
0 0.371582 0.355469 0.0830078 0.0449219
0 0.657715 0.731934 0.0771484 0.0341797
0 0.547852 0.29834 0.0390625 0.0654297
0 0.510742 0.306152 0.0429688 0.0595703
0 0.813965 0.433105 0.0927734 0.0361328
0 0.23584 0.474609 0.0283203 0.0664062
0 0.26416 0.455566 0.0361328 0.0654297
0 0.305176 0.708984 0.0400391 0.0585938
0 0.549805 0.508789 0.0585938 0.0546875
0 0.210938 0.397461 0.0351562 0.046875
0 0.255371 0.510254 0.0712891 0.0537109
0 0.628906 0.479492 0.0488281 0.0410156
0 0.192383 0.52832 0.046875 0.0664062
0 0.653809 0.444824 0.0732422 0.0244141
0 0.246582 0.306641 0.0322266 0.0859375
0 0.296387 0.520996 0.0576172 0.0556641
0 0.326172 0.441406 0.0625 0.0566406
0 0.679688 0.401855 0.0683594 0.0634766
0 0.45459 0.36084 0.0400391 0.0595703
0 0.669434 0.495605 0.0419922 0.0517578
