0 0.790039 0.540039 0.0410156 0.0410156
0 0.460938 0.749512 0.0585938 0.0380859
0 0.345703 0.727539 0.0429688 0.0351562
0 0.548828 0.652832 0.0449219 0.0654297
0 0.561523 0.608887 0.0371094 0.0595703
0 0.53125 0.702148 0.0507812 0.0449219
0 0.44043 0.671387 0.0546875 0.0556641
0 0.23291 0.655273 0.0673828 0.0488281
0 0.580078 0.259766 0.0507812 0.0742188
0 0.530273 0.450195 0.0566406 0.0644531
0 0.496582 0.665039 0.0673828 0.0488281
0 0.71875 0.571777 0.0820312 0.0322266
0 0.591309 0.704102 0.0673828 0.0449219
0 0.19043 0.560547 0.0722656 0.0429688
0 0.238281 0.519531 0.078125 0.03125
0 0.635742 0.609375 0.0488281 0.0625
0 0.681641 0.517578 0.0585938 0.0644531
0 0.458008 0.620605 0.0664062 0.0361328
0 0.258789 0.729492 0.0703125 0.0410156
0 0.310547 0.623047 0.0585938 0.0546875
0 0.641602 0.525391 0.0644531 0.0585938
0 0.288574 0.556641 0.0400391 0.0605469
0 0.505859 0.594727 0.0742188 0.0546875
0 0.853516 0.758301 0.0507812 0.0712891
0 0.400391 0.681152 0.046875 0.0517578
0 0.605957 0.475586 0.0458984 0.0585938
0 0.499512 0.538086 0.0478516 0.0605469
0 0.447754 0.570312 0.0771484 0.0351562
0 0.587402 0.767578 0.0615234 0.0449219
0 0.318359 0.491211 0.0664062 0.0410156
0 0.602539 0.603516 0.0410156 0.0625
