0 0.683105 0.379883 0.0478516 0.0488281
0 0.432617 0.618164 0.0332031 0.0371094
0 0.506348 0.635742 0.0341797 0.0390625
0 0.141602 0.444336 0.0742188 0.03125
0 0.209961 0.565918 0.0585938 0.0322266
0 0.575195 0.546387 0.046875 0.0419922
0 0.700195 0.240723 0.0625 0.0361328
0 0.817383 0.574219 0.046875 0.0488281
0 0.184082 0.305176 0.0888672 0.0380859
0 0.321777 0.352539 0.0361328 0.0429688
0 0.29541 0.185547 0.0615234 0.0449219
0 0.496582 0.29248 0.0537109 0.0244141
0 0.493652 0.611816 0.0537109 0.0302734
0 0.331543 0.398438 0.0537109 0.046875
0 0.30957 0.672852 0.0566406 0.03125
0 0.522461 0.357422 0.046875 0.0410156
0 0.606445 0.613281 0.0546875 0.0390625
0 0.226074 0.444824 0.0419922 0.0576172
0 0.349609 0.475098 0.0351562 0.0380859
0 0.553711 0.364746 0.0488281 0.0400391
0 0.557129 0.216797 0.0517578 0.0332031
0 0.303223 0.356934 0.0361328 0.0498047
0 0.211426 0.461426 0.0498047 0.0439453
0 0.652832 0.763184 0.0712891 0.0322266
0 0.530273 0.227051 0.046875 0.0517578
0 0.458496 0.610352 0.0302734 0.0351562
0 0.388672 0.202148 0.0703125 0.0332031
0 0.387695 0.667969 0.0703125 0.0253906
0 0.587402 0.518555 0.0673828 0.0273438
0 0.583008 0.469727 0.0410156 0.0351562
0 0.356934 0.268555 0.0537109 0.0390625
0 0.316895 0.32666 0.0498047 0.0361328
0 0.22168 0.533203 0.0585938 0.03125
0 0.630859 0.692383 0.0644531 0.03125
0 0.539062 0.307617 0.0683594 0.0273438
0 0.616699 0.363281 0.0595703 0.0390625
0 0.519043 0.267578 0.0302734 0.0507812
0 0.210449 0.611816 0.0673828 0.0263672
0 0.691406 0.449219 0.0703125 0.0273438
0 0.649902 0.521973 0.0693359 0.0283203
0 0.493164 0.574219 0.0410156 0.03125
0 0.740723 0.391113 0.0576172 0.0537109
0 0.568359 0.49707 0.0683594 0.0273438
0 0.559082 0.25293 0.0419922 0.046875
0 0.330566 0.574707 0.0361328 0.0478516
0 0.630371 0.704102 0.0556641 0.0351562
0 0.381836 0.713867 0.0351562 0.046875
0 0.586426 0.759277 0.0751953 0.0302734
0 0.408203 0.269531 0.0410156 0.046875
0 0.655273 0.421875 0.0625 0.0292969
0 0.456055 0.415527 0.0507812 0.0361328
0 0.137695 0.430664 0.0664062 0.0449219
0 0.178223 0.582031 0.0595703 0.0273438
0 0.595703 0.459473 0.0449219 0.0361328
0 0.828613 0.469727 0.0615234 0.0429688
0 0.704102 0.258789 0.0664062 0.0292969
0 0.713867 0.506348 0.0625 0.0283203
0 0.470215 0.290039 0.0361328 0.0507812
0 0.180176 0.465332 0.0478516 0.0400391
0 0.570312 0.402344 0.0507812 0.0332031
0 0.410645 0.589844 0.0537109 0.0332031
0 0.48877 0.601074 0.0556641 0.0283203
0 0.535156 0.599609 0.0546875 0.0371094
0 0.760742 0.407715 0.0507812 0.0595703
0 0.391602 0.22168 0.0761719 0.0292969
0 0.259277 0.441406 0.0439453 0.046875
0 0.684082 0.358398 0.0478516 0.0410156
0 0.498047 0.407715 0.0546875 0.0341797
0 0.461914 0.629883 0.0527344 0.0292969
0 0.158691 0.535156 0.0458984 0.0410156
0 0.46875 0.497559 0.0585938 0.0361328
0 0.686523 0.321777 0.0390625 0.0537109
0 0.359863 0.669922 0.0595703 0.0253906
0 0.631348 0.31543 0.0615234 0.0273438
0 0.467285 0.565918 0.0361328 0.0341797
0 0.449219 0.59375 0.0566406 0.0351562
0 0.436523 0.535156 0.03125 0.0488281
0 0.524414 0.439941 0.0625 0.0478516
0 0.226074 0.339355 0.0732422 0.0400391
0 0.628418 0.565918 0.0791016 0.0263672
0 0.449707 0.489258 0.0517578 0.0371094
0 0.618652 0.793457 0.0498047 0.0400391
0 0.697754 0.723633 0.0419922 0.0664062
0 0.453125 0.387695 0.0605469 0.0292969
0 0.48291 0.641602 0.0341797 0.0390625
0 0.533691 0.728027 0.0400391 0.0458984
0 0.382324 0.473633 0.0302734 0.0488281
0 0.49707 0.753418 0.0566406 0.0517578
0 0.533203 0.685547 0.0351562 0.0527344
0 0.59082 0.588379 0.0371094 0.0537109
0 0.441406 0.266113 0.0351562 0.0419922
0 0.495605 0.243652 0.0361328 0.0439453
0 0.495605 0.432129 0.0615234 0.0283203
0 0.474121 0.554199 0.0517578 0.0283203
0 0.567383 0.654785 0.0664062 0.0283203
0 0.524414 0.580078 0.0566406 0.0292969
0 0.448242 0.714844 0.0546875 0.0292969
0 0.112793 0.486328 0.0908203 0.0488281
0 0.658691 0.336914 0.0595703 0.0234375
0 0.514648 0.731934 0.0429688 0.0498047
0 0.345215 0.69873 0.0576172 0.0458984
0 0.554199 0.275391 0.0654297 0.0292969
0 0.643066 0.640137 0.0458984 0.0419922
0 0.429199 0.668457 0.0439453 0.0595703
0 0.536621 0.394531 0.0478516 0.0371094
0 0.762207 0.48877 0.0576172 0.0380859
0 0.283203 0.572266 0.0644531 0.0332031
0 0.558105 0.736328 0.0400391 0.0332031
0 0.178711 0.797852 0.0507812 0.0273438
0 0.420898 0.450684 0.0527344 0.0302734
0 0.721191 0.375488 0.0595703 0.0498047
0 0.752441 0.561523 0.0498047 0.0371094
0 0.243652 0.558594 0.0419922 0.0410156
0 0.503906 0.383301 0.0488281 0.0361328
0 0.895508 0.481934 0.0546875 0.0498047
0 0.639648 0.473145 0.0488281 0.0341797
0 0.734375 0.319824 0.0449219 0.0419922
0 0.588379 0.38916 0.0595703 0.0224609
0 0.242188 0.583984 0.0703125 0.0273438
0 0.790527 0.557129 0.0537109 0.0458984
0 0.446777 0.133789 0.0439453 0.0507812
0 0.35791 0.459961 0.0498047 0.0449219
0 0.539062 0.628906 0.0605469 0.0234375
0 0.408203 0.726562 0.0371094 0.0351562
0 0.785156 0.32959 0.0625 0.0517578
0 0.381836 0.501953 0.0585938 0.0292969
0 0.420898 0.480957 0.0566406 0.0400391
0 0.426758 0.203613 0.0507812 0.0498047
0 0.279785 0.508789 0.0595703 0.0332031
0 0.399414 0.610352 0.0507812 0.0449219
0 0.141113 0.466797 0.0673828 0.0371094
0 0.706543 0.421875 0.0537109 0.0488281
0 0.649414 0.436035 0.0449219 0.0419922
0 0.608887 0.30127 0.0361328 0.0517578
0 0.396973 0.245117 0.0810547 0.0410156
0 0.399902 0.165039 0.0712891 0.0429688
0 0.641602 0.615723 0.0722656 0.0439453
0 0.306641 0.611816 0.0722656 0.0341797
0 0.442383 0.311035 0.0507812 0.0361328
0 0.35791 0.583984 0.0537109 0.0351562
0 0.642578 0.782715 0.0527344 0.0380859
0 0.867188 0.486816 0.0351562 0.0576172
0 0.288086 0.400879 0.0566406 0.0419922
0 0.357422 0.238281 0.0742188 0.03125
0 0.565918 0.609863 0.0419922 0.0517578
0 0.128906 0.513672 0.0488281 0.0527344
0 0.632812 0.25293 0.0410156 0.046875
0 0.546875 0.760254 0.0605469 0.0302734
0 0.800293 0.575684 0.0537109 0.0537109
0 0.681152 0.496582 0.0341797 0.0458984
0 0.165039 0.49707 0.0566406 0.0390625
0 0.310059 0.26416 0.0732422 0.0263672
0 0.369629 0.399902 0.0517578 0.0478516
0 0.347656 0.304199 0.0742188 0.0244141
0 0.794434 0.480469 0.0615234 0.046875
0 0.504883 0.542969 0.0429688 0.0507812
0 0.737305 0.345703 0.078125 0.0253906
0 0.22998 0.512695 0.0615234 0.0351562
0 0.655273 0.807129 0.0625 0.0322266
0 0.291016 0.247559 0.0683594 0.0341797
0 0.571289 0.437012 0.0644531 0.0380859
0 0.651367 0.739258 0.03125 0.0507812
0 0.779297 0.518555 0.0527344 0.046875
0 0.743164 0.532715 0.0546875 0.0439453
0 0.206055 0.631348 0.0507812 0.0419922
0 0.458984 0.527832 0.0410156 0.0419922
0 0.294434 0.558594 0.0712891 0.0253906
0 0.855469 0.330566 0.0878906 0.0478516
0 0.460449 0.217773 0.0517578 0.0527344
0 0.188477 0.418945 0.0898438 0.0546875
0 0.607422 0.44043 0.0566406 0.046875
0 0.245117 0.373535 0.0605469 0.0537109
0 0.753906 0.445801 0.0703125 0.0380859
0 0.540527 0.328125 0.0673828 0.0273438
0 0.590332 0.350098 0.0517578 0.0439453
0 0.649414 0.670898 0.0664062 0.03125
0 0.147461 0.580078 0.046875 0.0527344
0 0.481445 0.723633 0.0507812 0.0390625
0 0.820312 0.408203 0.0761719 0.0449219
0 0.585449 0.307129 0.0439453 0.0517578
0 0.403809 0.419434 0.0595703 0.0361328
0 0.266113 0.535156 0.0673828 0.0390625
0 0.347168 0.537598 0.0478516 0.0478516
0 0.411133 0.333984 0.0507812 0.046875
0 0.523926 0.472656 0.0693359 0.0292969
0 0.562012 0.789062 0.0830078 0.0351562
0 0.167969 0.616699 0.0390625 0.0498047
0 0.82666 0.504395 0.0654297 0.0341797
0 0.455566 0.370117 0.0634766 0.0234375
0 0.40918 0.517578 0.0546875 0.0410156
0 0.672852 0.548828 0.0429688 0.0507812
0 0.441406 0.570312 0.0449219 0.0449219
0 0.431152 0.730957 0.0400391 0.0400391
0 0.263672 0.642578 0.0664062 0.0371094
0 0.317871 0.476074 0.0654297 0.0498047
0 0.393066 0.545898 0.0517578 0.0371094
0 0.457031 0.745117 0.0371094 0.046875
0 0.716309 0.293457 0.0634766 0.0458984
0 0.11084 0.32373 0.0751953 0.0419922
0 0.65918 0.397461 0.0546875 0.0429688
0 0.652832 0.274414 0.0458984 0.0527344
0 0.288086 0.328613 0.0488281 0.0556641
0 0.594238 0.73291 0.0634766 0.0341797
0 0.47998 0.673828 0.0517578 0.0527344
0 0.816406 0.433105 0.0664062 0.0458984
0 0.267578 0.688965 0.0878906 0.0400391
0 0.504883 0.50293 0.0390625 0.0507812
0 0.755371 0.246094 0.0693359 0.0429688
0 0.535645 0.51709 0.0478516 0.0361328
0 0.318848 0.629883 0.0517578 0.0527344
0 0.868652 0.597656 0.0830078 0.0371094
0 0.400391 0.702148 0.0664062 0.0351562
0 0.34668 0.724121 0.0625 0.0478516
0 0.460449 0.464844 0.0673828 0.0292969
0 0.618164 0.497559 0.046875 0.0517578
0 0.638672 0.584961 0.0625 0.0351562
0 0.170898 0.253906 0.0859375 0.0351562
0 0.865723 0.566895 0.0634766 0.0322266
0 0.655273 0.210449 0.0507812 0.0537109
0 0.380371 0.641602 0.0634766 0.0429688
0 0.852051 0.525879 0.0595703 0.0478516
0 0.59668 0.816406 0.0742188 0.0371094
0 0.621582 0.277344 0.0419922 0.0585938
0 0.898438 0.399414 0.0722656 0.0703125
0 0.934082 0.49707 0.0537109 0.0488281
0 0.907715 0.263184 0.0810547 0.0595703
