0 0.618652 0.375977 0.0322266 0.0507812
0 0.650391 0.602539 0.0234375 0.0292969
0 0.634277 0.647949 0.0302734 0.0341797
0 0.284668 0.624512 0.0400391 0.0400391
0 0.568359 0.628906 0.0507812 0.0195312
0 0.463867 0.473145 0.0253906 0.0244141
0 0.579102 0.441895 0.0214844 0.0478516
0 0.612305 0.574219 0.0429688 0.0429688
0 0.459961 0.172852 0.0996094 0.0507812
0 0.68457 0.605469 0.0566406 0.0273438
0 0.587891 0.37207 0.0234375 0.0683594
0 0.599609 0.541992 0.0488281 0.0332031
0 0.463379 0.458984 0.0302734 0.0351562
0 0.603516 0.634766 0.0371094 0.0351562
0 0.260742 0.632812 0.0449219 0.03125
0 0.299316 0.6875 0.0380859 0.0625
0 0.246582 0.509277 0.0244141 0.0751953
0 0.524902 0.591797 0.0615234 0.0292969
0 0.158203 0.667969 0.046875 0.0546875
0 0.690918 0.617188 0.0634766 0.0429688
0 0.494141 0.169922 0.046875 0.0546875
0 0.622559 0.612305 0.0361328 0.0351562
0 0.633789 0.367188 0.0449219 0.0390625
0 0.493652 0.225586 0.0302734 0.0722656
0 0.560547 0.42041 0.0273438 0.0576172
0 0.467773 0.221191 0.0371094 0.0537109
0 0.558105 0.384766 0.0283203 0.046875
0 0.601074 0.44043 0.0380859 0.0703125
0 0.564941 0.529785 0.0244141 0.0732422
0 0.53418 0.511719 0.0253906 0.0664062
0 0.645508 0.575195 0.0371094 0.046875
0 0.583984 0.582031 0.0507812 0.0195312
0 0.484375 0.470703 0.03125 0.0625
0 0.537109 0.413574 0.0234375 0.0634766
0 0.439453 0.441406 0.0273438 0.0761719
0 0.612305 0.283691 0.0214844 0.0712891
0 0.658203 0.348145 0.0546875 0.0458984
0 0.620117 0.516113 0.0488281 0.0517578
0 0.416016 0.12207 0.0683594 0.0429688
