0 0.59082 0.992676 0.0214844 0.0146484
0 0.371094 0.27002 0.0429688 0.0283203
0 0.368652 0.241699 0.0478516 0.0302734
0 0.380859 0.33252 0.0351562 0.0185547
0 0.638672 0.295898 0.0332031 0.0546875
0 0.610352 0.393555 0.0332031 0.0449219
0 0.486328 0.683594 0.0234375 0.0390625
0 0.354004 0.639648 0.0322266 0.0410156
0 0.527344 0.53418 0.0351562 0.0253906
0 0.380859 0.234863 0.0449219 0.0302734
0 0.432617 0.183594 0.0410156 0.0253906
0 0.475586 0.70166 0.0253906 0.0439453
0 0.59668 0.42041 0.0214844 0.0537109
0 0.610352 0.275391 0.0332031 0.0566406
0 0.506348 0.546875 0.0419922 0.0253906
0 0.406738 0.718262 0.0205078 0.0595703
0 0.39209 0.317383 0.0380859 0.0332031
0 0.750977 0.324219 0.046875 0.0234375
0 0.644043 0.262207 0.0224609 0.0556641
0 0.689453 0.286621 0.0390625 0.0419922
0 0.471191 0.748047 0.0419922 0.0234375
0 0.431641 0.753418 0.0429688 0.0224609
0 0.713867 0.260742 0.0253906 0.0527344
0 0.629395 0.393555 0.0380859 0.0449219
0 0.430176 0.68457 0.0302734 0.0527344
0 0.333008 0.578125 0.0410156 0.0273438
0 0.697266 0.258789 0.0195312 0.0449219
0 0.45166 0.708008 0.0166016 0.0605469
0 0.537598 0.422363 0.0283203 0.0400391
0 0.550781 0.432129 0.0351562 0.0322266
0 0.695312 0.383301 0.0273438 0.0400391
0 0.476562 0.299316 0.0214844 0.0517578
0 0.417969 0.777344 0.0351562 0.0410156
0 0.360352 0.610352 0.0351562 0.0175781
0 0.450684 0.392578 0.0185547 0.0625
0 0.447266 0.469727 0.03125 0.0390625
0 0.373047 0.396484 0.0429688 0.0292969
0 0.601562 0.225586 0.03125 0.046875
0 0.55957 0.290039 0.0292969 0.0449219
0 0.339355 0.499023 0.0458984 0.0332031
0 0.367188 0.313477 0.0351562 0.0488281
0 0.462402 0.0610352 0.0419922 0.0419922
0 0.616211 0.5625 0.0214844 0.046875
0 0.306152 0.273438 0.0244141 0.0585938
0 0.614258 0.439453 0.0214844 0.046875
0 0.744141 0.349609 0.0390625 0.03125
0 0.282715 0.541016 0.0478516 0.0351562
0 0.470703 0.663086 0.0292969 0.0488281
0 0.350098 0.0849609 0.0224609 0.0585938
0 0.543945 0.554199 0.0429688 0.0263672
0 0.723633 0.295898 0.0410156 0.0488281
0 0.323242 0.339844 0.0253906 0.0507812
0 0.441895 0.645996 0.0361328 0.0205078
0 0.648438 0.483887 0.0390625 0.0419922
0 0.472656 0.395508 0.0234375 0.0566406
0 0.310059 0.520996 0.0224609 0.0556641
0 0.681641 0.59375 0.0429688 0.0234375
0 0.445312 0.297363 0.0351562 0.0380859
0 0.34668 0.527344 0.0410156 0.0214844
0 0.66748 0.569336 0.0419922 0.0332031
0 0.686523 0.345703 0.0410156 0.0371094
0 0.399414 0.664551 0.0371094 0.0244141
0 0.678711 0.433105 0.0371094 0.0419922
0 0.399902 0.29248 0.0419922 0.0361328
0 0.714844 0.219238 0.0429688 0.0205078
0 0.35498 0.35791 0.0224609 0.0517578
0 0.42334 0.807617 0.0400391 0.0273438
0 0.3125 0.456543 0.0253906 0.0517578
0 0.40332 0.600586 0.0410156 0.0214844
0 0.680664 0.521484 0.0429688 0.0234375
0 0.351562 0.555664 0.0390625 0.03125
0 0.270996 0.495605 0.0185547 0.0556641
0 0.331055 0.661133 0.0253906 0.0449219
0 0.417969 0.532227 0.0351562 0.0253906
0 0.430664 0.428711 0.0214844 0.0527344
0 0.443359 0.523438 0.0234375 0.0585938
0 0.366211 0.155273 0.0371094 0.0488281
0 0.291992 0.473633 0.0332031 0.0429688
0 0.34668 0.468262 0.0449219 0.0322266
0 0.512695 0.760742 0.0410156 0.0332031
0 0.61084 0.52832 0.0341797 0.0507812
0 0.405273 0.497559 0.0351562 0.0439453
0 0.495605 0.814453 0.0400391 0.0390625
0 0.474609 0.524902 0.03125 0.0517578
0 0.486328 0.470703 0.0351562 0.0390625
