0 0.989746 0.554199 0.0205078 0.0439453
0 0.557129 0.481445 0.0263672 0.0644531
0 0.624512 0.730469 0.0869141 0.0449219
0 0.31543 0.83252 0.0390625 0.114258
0 0.726074 0.353516 0.0478516 0.046875
0 0.59375 0.427734 0.078125 0.0449219
0 0.713379 0.384766 0.0908203 0.0332031
0 0.726562 0.67334 0.0703125 0.100586
0 0.606445 0.660645 0.0449219 0.104492
0 0.585449 0.387695 0.0751953 0.0410156
0 0.558105 0.524902 0.0654297 0.0693359
0 0.539062 0.699219 0.0605469 0.103516
0 0.428711 0.657715 0.0703125 0.0771484
0 0.52832 0.551758 0.0703125 0.0761719
0 0.608398 0.520508 0.0800781 0.0742188
0 0.317871 0.64209 0.0810547 0.0673828
