0 0.289551 0.524902 0.0185547 0.0400391
0 0.60791 0.444336 0.0322266 0.015625
0 0.327637 0.467285 0.0419922 0.0205078
0 0.807617 0.358887 0.015625 0.0166016
0 0.65625 0.410645 0.03125 0.0322266
0 0.262695 0.583496 0.0175781 0.0263672
0 0.404297 0.854492 0.0273438 0.0292969
0 0.341797 0.74707 0.0195312 0.0410156
0 0.31543 0.543945 0.0234375 0.03125
0 0.28125 0.607422 0.03125 0.0273438
0 0.243164 0.563477 0.0214844 0.0371094
0 0.389648 0.526367 0.0253906 0.0175781
0 0.337891 0.762207 0.015625 0.0341797
0 0.375 0.672852 0.0351562 0.0214844
0 0.366211 0.69043 0.0332031 0.0273438
0 0.234375 0.44043 0.0117188 0.0214844
0 0.302734 0.66748 0.0253906 0.0283203
0 0.697266 0.572266 0.0195312 0.0195312
0 0.251953 0.529785 0.0175781 0.0244141
0 0.160645 0.779297 0.0439453 0.0429688
0 0.688477 0.484375 0.0136719 0.03125
0 0.323242 0.692383 0.0292969 0.0175781
0 0.48877 0.667969 0.0302734 0.046875
0 0.474609 0.361816 0.0390625 0.0322266
0 0.327148 0.750977 0.015625 0.0371094
0 0.490723 0.59668 0.0263672 0.0273438
0 0.305176 0.616211 0.0185547 0.0253906
0 0.260254 0.532227 0.0185547 0.0214844
0 0.137695 0.465332 0.0332031 0.0263672
0 0.283691 0.598145 0.0361328 0.0205078
0 0.546387 0.293457 0.0244141 0.0283203
0 0.308105 0.53418 0.0126953 0.0332031
0 0.711914 0.477539 0.0214844 0.0410156
0 0.245117 0.611816 0.0292969 0.0283203
0 0.568359 0.429199 0.0292969 0.0302734
0 0.549805 0.439453 0.0332031 0.0214844
0 0.38623 0.507812 0.0322266 0.0195312
0 0.452637 0.476074 0.0302734 0.0146484
0 0.253906 0.46582 0.0234375 0.015625
0 0.455078 0.19873 0.0234375 0.0205078
0 0.325684 0.522949 0.0185547 0.0478516
0 0.823242 0.340332 0.0214844 0.0126953
0 0.295898 0.685059 0.0253906 0.0361328
0 0.324219 0.617676 0.0292969 0.0166016
0 0.328613 0.636719 0.0283203 0.0214844
0 0.508789 0.600098 0.0332031 0.0224609
0 0.573242 0.262207 0.0175781 0.0322266
0 0.829102 0.383789 0.0273438 0.0214844
0 0.3125 0.739258 0.0234375 0.0234375
0 0.614746 0.208008 0.0263672 0.0253906
0 0.581543 0.413574 0.0205078 0.0439453
0 0.304199 0.750977 0.0283203 0.0371094
0 0.537109 0.412598 0.0351562 0.0185547
0 0.331055 0.66748 0.0292969 0.0380859
0 0.579102 0.478516 0.0175781 0.0175781
0 0.712891 0.366211 0.0273438 0.0449219
0 0.376953 0.474609 0.015625 0.0449219
0 0.608398 0.45166 0.0292969 0.0244141
0 0.450195 0.553711 0.0351562 0.0292969
0 0.259766 0.561523 0.0292969 0.0253906
0 0.632812 0.436523 0.0253906 0.0292969
0 0.499023 0.315918 0.0175781 0.0400391
0 0.257324 0.634766 0.0302734 0.0195312
0 0.764648 0.40332 0.0292969 0.0292969
0 0.548828 0.498047 0.015625 0.0429688
0 0.312988 0.560547 0.0263672 0.0234375
0 0.41748 0.847656 0.0478516 0.0351562
0 0.575684 0.615234 0.0400391 0.0234375
0 0.336914 0.710938 0.0351562 0.0234375
0 0.340332 0.461426 0.0283203 0.0185547
0 0.758301 0.631836 0.0400391 0.0253906
0 0.682617 0.464355 0.0332031 0.0380859
0 0.324707 0.474121 0.0380859 0.0166016
0 0.633789 0.225586 0.0136719 0.0410156
0 0.463379 0.669434 0.0263672 0.0400391
0 0.296387 0.552734 0.0126953 0.0390625
0 0.303711 0.985352 0.0332031 0.0253906
0 0.673828 0.44043 0.0175781 0.0371094
0 0.446289 0.536621 0.0273438 0.0166016
0 0.758789 0.18457 0.0253906 0.0253906
0 0.212891 0.680176 0.0195312 0.0478516
0 0.762695 0.355957 0.0175781 0.0478516
0 0.416992 0.472656 0.0292969 0.0351562
0 0.70752 0.320312 0.0283203 0.0195312
0 0.588867 0.569336 0.0175781 0.0371094
0 0.546875 0.788086 0.0234375 0.0410156
0 0.583984 0.35791 0.0234375 0.0166016
0 0.371582 0.544434 0.0205078 0.0380859
0 0.581055 0.693359 0.0371094 0.0273438
0 0.516113 0.683594 0.0302734 0.03125
0 0.573242 0.56543 0.0117188 0.0332031
0 0.631836 0.469727 0.0214844 0.0410156
0 0.30957 0.494141 0.0292969 0.0273438
0 0.230957 0.744629 0.0244141 0.0380859
0 0.647949 0.728516 0.0302734 0.0292969
0 0.268066 0.495117 0.0283203 0.0292969
0 0.551758 0.545898 0.0273438 0.0371094
0 0.476562 0.733398 0.03125 0.0332031
0 0.458496 0.498047 0.0205078 0.0351562
0 0.680664 0.584961 0.0214844 0.0371094
0 0.350586 0.535156 0.0273438 0.03125
0 0.360352 0.591797 0.0234375 0.0371094
0 0.487305 0.821777 0.0214844 0.0439453
0 0.638672 0.527344 0.0195312 0.0390625
