0 0.428711 0.585938 0.0136719 0.03125
0 0.383301 0.678711 0.0107422 0.0253906
0 0.457031 0.704102 0.0234375 0.0175781
0 0.40918 0.661621 0.0214844 0.0185547
0 0.522461 0.685547 0.0175781 0.0234375
0 0.510742 0.674316 0.015625 0.0205078
0 0.587402 0.637695 0.0224609 0.0214844
0 0.331055 0.647461 0.0195312 0.0214844
0 0.53125 0.663574 0.0253906 0.0302734
0 0.246094 0.548828 0.0195312 0.0234375
0 0.445801 0.582031 0.0185547 0.03125
0 0.458008 0.695312 0.0214844 0.0273438
0 0.58252 0.620117 0.0322266 0.0195312
0 0.509277 0.689453 0.0244141 0.0234375
0 0.329102 0.63623 0.0273438 0.0166016
0 0.435547 0.685547 0.0195312 0.0273438
0 0.557617 0.498047 0.0214844 0.0234375
0 0.44873 0.532227 0.0244141 0.0332031
0 0.393066 0.668945 0.0224609 0.0175781
0 0.544434 0.515625 0.0166016 0.0253906
0 0.467773 0.719727 0.0117188 0.0332031
0 0.599609 0.543945 0.0292969 0.0332031
0 0.499512 0.574219 0.0166016 0.0273438
0 0.428711 0.437988 0.0214844 0.0244141
0 0.579102 0.643555 0.0136719 0.0273438
0 0.519531 0.422363 0.0273438 0.0322266
0 0.609375 0.512695 0.0253906 0.0175781
0 0.616211 0.557129 0.0136719 0.0361328
0 0.567383 0.571289 0.0175781 0.0292969
0 0.404785 0.583496 0.0263672 0.0166016
0 0.570801 0.660645 0.0126953 0.0322266
0 0.45752 0.759766 0.0107422 0.0234375
0 0.358398 0.664551 0.0253906 0.0283203
0 0.371094 0.589844 0.0214844 0.03125
0 0.435547 0.711914 0.0234375 0.0214844
0 0.41748 0.530762 0.0263672 0.0146484
0 0.259277 0.56543 0.0205078 0.0292969
0 0.415039 0.556152 0.0253906 0.0244141
0 0.35498 0.59375 0.0205078 0.03125
0 0.490723 0.519531 0.0205078 0.0253906
0 0.44873 0.492676 0.0166016 0.0322266
0 0.379395 0.566895 0.0244141 0.0224609
0 0.393555 0.541016 0.0175781 0.0351562
0 0.304199 0.643555 0.0166016 0.03125
0 0.486816 0.681152 0.0166016 0.0263672
0 0.501953 0.49707 0.0195312 0.0292969
0 0.45166 0.723633 0.0224609 0.0292969
0 0.479492 0.705078 0.0195312 0.0273438
