0 0.763184 0.774902 0.0126953 0.0302734
0 0.688477 0.262207 0.0195312 0.0185547
0 0.436523 0.563477 0.0371094 0.0722656
0 0.469727 0.392578 0.03125 0.0234375
0 0.650391 0.200195 0.0292969 0.0136719
0 0.454102 0.401367 0.015625 0.0429688
0 0.333496 0.434082 0.0263672 0.0322266
0 0.472656 0.379883 0.0371094 0.015625
0 0.32373 0.459473 0.0146484 0.0439453
0 0.430176 0.904297 0.0302734 0.0410156
0 0.766113 0.752441 0.0244141 0.0419922
0 0.571777 0.375488 0.0205078 0.0400391
0 0.64502 0.414551 0.0322266 0.0322266
0 0.401367 0.406738 0.0429688 0.0322266
0 0.502441 0.399902 0.0302734 0.0224609
0 0.340332 0.51123 0.0263672 0.0517578
0 0.327637 0.255371 0.0205078 0.0400391
0 0.323242 0.311035 0.0371094 0.0361328
0 0.354492 0.623047 0.0292969 0.0449219
0 0.481934 0.594727 0.0205078 0.0566406
0 0.779297 0.416504 0.0195312 0.0322266
0 0.414551 0.689453 0.0107422 0.0410156
0 0.501953 0.26416 0.0136719 0.0361328
0 0.172363 0.244141 0.0283203 0.0273438
0 0.347656 0.361328 0.0292969 0.0429688
0 0.438965 0.716797 0.0263672 0.0527344
0 0.684082 0.566406 0.0380859 0.0371094
0 0.388184 0.552246 0.0244141 0.0439453
0 0.38916 0.629883 0.0322266 0.0234375
