0 0.52832 0.567383 0.0449219 0.0546875
0 0.63916 0.738281 0.0478516 0.0371094
0 0.864746 0.303711 0.0205078 0.0488281
0 0.37207 0.53418 0.0878906 0.046875
0 0.134766 0.341797 0.0703125 0.0605469
0 0.813965 0.887207 0.0283203 0.0556641
0 0.812012 0.602051 0.0478516 0.0654297
0 0.0263672 0.457031 0.0527344 0.0410156
0 0.895996 0.137695 0.0361328 0.103516
0 0.821289 0.438477 0.0820312 0.0351562
0 0.835449 0.40918 0.0498047 0.0371094
0 0.598145 0.873047 0.0634766 0.0410156
0 0.449707 0.651855 0.0498047 0.0537109
0 0.462891 0.506836 0.078125 0.0253906
0 0.554199 0.289062 0.0224609 0.0644531
0 0.671875 0.304199 0.0449219 0.0419922
0 0.347168 0.560547 0.0478516 0.0253906
0 0.244629 0.420898 0.0419922 0.09375
0 0.524902 0.907715 0.0283203 0.0908203
0 0.330078 0.0527344 0.03125 0.0664062
0 0.689941 0.0351562 0.0244141 0.0683594
0 0.631836 0.84082 0.0664062 0.0429688
0 0.219727 0.223145 0.0292969 0.114258
0 0.974609 0.469238 0.0488281 0.0751953
0 0.822266 0.799805 0.0234375 0.0703125
0 0.867188 0.738281 0.0449219 0.0546875
0 0.187988 0.259766 0.0458984 0.0859375
0 0.562012 0.908203 0.0732422 0.0449219
0 0.478516 0.158203 0.0429688 0.0332031
0 0.128906 0.265625 0.0664062 0.0449219
0 0.735352 0.383789 0.0507812 0.078125
0 0.29834 0.295898 0.0517578 0.0332031
0 0.872559 0.556152 0.0458984 0.0791016
0 0.0170898 0.550293 0.0341797 0.0400391
0 0.834473 0.366699 0.0791016 0.0380859
0 0.875977 0.849121 0.03125 0.120117
0 0.230469 0.498047 0.0351562 0.0585938
0 0.293457 0.233887 0.0302734 0.0927734
0 0.922852 0.23291 0.0429688 0.0693359
0 0.854492 0.149414 0.046875 0.0546875
0 0.264648 0.662598 0.0292969 0.0517578
0 0.668457 0.978027 0.0322266 0.0439453
0 0.910156 0.545898 0.0488281 0.0605469
0 0.90332 0.460449 0.0625 0.0517578
0 0.444336 0.0776367 0.046875 0.0458984
0 0.765625 0.140137 0.0761719 0.0576172
0 0.432129 0.492188 0.0615234 0.0371094
0 0.705566 0.626465 0.0380859 0.0576172
0 0.616699 0.502441 0.0498047 0.0654297
0 0.0429688 0.926758 0.0839844 0.09375
0 0.719727 0.254395 0.0429688 0.0517578
0 0.984863 0.419434 0.0302734 0.0400391
0 0.644043 0.0654297 0.0498047 0.0410156
0 0.616211 0.208008 0.0585938 0.0332031
0 0.579102 0.967285 0.0371094 0.0400391
0 0.474609 0.47998 0.0351562 0.0458984
0 0.42334 0.123535 0.0341797 0.0498047
0 0.255859 0.210938 0.0605469 0.0742188
0 0.51416 0.289062 0.0419922 0.0332031
0 0.727051 0.878906 0.0673828 0.0527344
0 0.649414 0.249023 0.0566406 0.0449219
0 0.464844 0.281738 0.0644531 0.0400391
0 0.941406 0.347168 0.0371094 0.0576172
0 0.264648 0.133789 0.03125 0.0683594
0 0.274414 0.688965 0.0566406 0.0654297
0 0.439453 0.0429688 0.046875 0.0410156
0 0.834961 0.75293 0.03125 0.0742188
0 0.554199 0.98291 0.0302734 0.0341797
0 0.0869141 0.480957 0.0605469 0.0927734
0 0.182617 0.432617 0.078125 0.0488281
0 0.614258 0.859375 0.09375 0.0703125
0 0.498047 0.0576172 0.0371094 0.0644531
0 0.851562 0.795898 0.0410156 0.0742188
0 0.347656 0.621094 0.0488281 0.0449219
0 0.147949 0.294922 0.0341797 0.0585938
0 0.960938 0.274414 0.0605469 0.0585938
0 0.881348 0.418457 0.0576172 0.0556641
0 0.166016 0.593262 0.0351562 0.0849609
0 0.137695 0.196777 0.0625 0.116211
0 0.489258 0.458984 0.0390625 0.0429688
0 0.393555 0.0219727 0.0273438 0.0439453
0 0.431152 0.292969 0.0654297 0.0585938
0 0.316406 0.0161133 0.0449219 0.0322266
0 0.669434 0.726562 0.0283203 0.0722656
0 0.598145 0.019043 0.0517578 0.0380859
0 0.755371 0.459473 0.0263672 0.0634766
0 0.875 0.680664 0.03125 0.0683594
0 0.707031 0.661133 0.0644531 0.078125
0 0.717773 0.466797 0.0507812 0.078125
0 0.606445 0.983887 0.0527344 0.0322266
0 0.404785 0.367676 0.0634766 0.0712891
0 0.57666 0.185059 0.0556641 0.0361328
0 0.490723 0.202637 0.0400391 0.0751953
0 0.967285 0.621094 0.0654297 0.078125
0 0.501953 0.355957 0.0546875 0.0615234
0 0.935059 0.48291 0.0439453 0.0810547
0 0.168457 0.0629883 0.0986328 0.0517578
0 0.897461 0.335938 0.0664062 0.0644531
0 0.461914 0.0297852 0.0410156 0.0576172
0 0.20459 0.22168 0.0537109 0.111328
0 0.216797 0.334961 0.0449219 0.0800781
0 0.293457 0.160645 0.0302734 0.102539
0 0.762695 0.0844727 0.0429688 0.0810547
0 0.367188 0.717773 0.0644531 0.046875
0 0.52832 0.244141 0.0273438 0.111328
0 0.750977 0.286621 0.0351562 0.0576172
0 0.455078 0.958008 0.03125 0.0839844
0 0.888672 0.777832 0.03125 0.102539
0 0.888184 0.616211 0.0419922 0.0820312
0 0.718262 0.324707 0.0556641 0.0341797
0 0.775391 0.918457 0.0527344 0.0361328
0 0.129395 0.575195 0.0517578 0.0351562
0 0.65918 0.333984 0.0585938 0.0546875
0 0.331543 0.669922 0.0458984 0.0566406
0 0.452637 0.228516 0.0537109 0.0644531
0 0.529297 0.361328 0.0566406 0.0644531
0 0.827148 0.122559 0.0351562 0.0908203
0 0.799316 0.830078 0.0537109 0.0390625
0 0.533691 0.724121 0.0400391 0.0810547
0 0.904297 0.683594 0.0273438 0.0683594
0 0.627441 0.786621 0.0634766 0.0478516
0 0.270996 0.571289 0.0244141 0.0839844
0 0.407715 0.256348 0.0244141 0.0869141
0 0.659668 0.901855 0.0419922 0.0595703
0 0.367188 0.225098 0.0566406 0.0986328
0 0.503418 0.895508 0.0322266 0.101562
0 0.958496 0.54834 0.0576172 0.0458984
0 0.697266 0.787109 0.0566406 0.0644531
0 0.484863 0.722656 0.0712891 0.0664062
0 0.439941 0.707031 0.0283203 0.0859375
0 0.0498047 0.561523 0.0683594 0.0488281
0 0.408691 0.422852 0.0537109 0.0664062
0 0.331543 0.404297 0.0263672 0.0703125
0 0.546387 0.830566 0.0517578 0.0634766
0 0.693359 0.940918 0.0253906 0.118164
0 0.603516 0.429199 0.0332031 0.0849609
0 0.916016 0.134766 0.0683594 0.117188
0 0.602051 0.670898 0.0791016 0.0585938
0 0.664551 0.0415039 0.0341797 0.0810547
0 0.492676 0.826172 0.0322266 0.0800781
0 0.511719 0.682129 0.0195312 0.0947266
0 0.67627 0.798828 0.0517578 0.0390625
0 0.349121 0.653809 0.0537109 0.0595703
0 0.666992 0.86084 0.0664062 0.0693359
0 0.794922 0.0961914 0.0488281 0.0986328
0 0.519043 0.0322266 0.0576172 0.0410156
0 0.360352 0.403809 0.0273438 0.0712891
0 0.45459 0.445312 0.0302734 0.0722656
0 0.73291 0.774414 0.0322266 0.0976562
0 0.335449 0.32373 0.0419922 0.0810547
0 0.119629 0.460449 0.0693359 0.0693359
0 0.954102 0.308594 0.0664062 0.0722656
0 0.889648 0.229004 0.0390625 0.0712891
0 0.832031 0.193359 0.0488281 0.0683594
0 0.56543 0.243652 0.0722656 0.0458984
0 0.664551 0.131348 0.0322266 0.0947266
0 0.736328 0.203125 0.0722656 0.0664062
0 0.86377 0.0756836 0.0556641 0.0517578
0 0.575195 0.563477 0.0566406 0.0371094
0 0.813965 0.0546875 0.0556641 0.0546875
0 0.45166 0.337891 0.0380859 0.0566406
0 0.419434 0.457031 0.0517578 0.0410156
0 0.765625 0.880859 0.0644531 0.0566406
0 0.0302734 0.495605 0.0605469 0.0595703
0 0.299805 0.399414 0.0605469 0.0527344
0 0.487305 0.665527 0.0371094 0.0810547
0 0.303711 0.555664 0.0449219 0.0390625
0 0.611328 0.527832 0.0625 0.0888672
0 0.155762 0.506836 0.0537109 0.0371094
0 0.330078 0.133789 0.0292969 0.0957031
0 0.941406 0.70752 0.0371094 0.110352
0 0.288574 0.734375 0.0400391 0.0761719
0 0.524414 0.0864258 0.0566406 0.0849609
0 0.546387 0.149414 0.0693359 0.0488281
0 0.38623 0.374512 0.0537109 0.0732422
0 0.937012 0.421875 0.0673828 0.0449219
0 0.642578 0.556641 0.03125 0.0742188
0 0.730957 0.0639648 0.0400391 0.125977
0 0.287109 0.618652 0.0546875 0.0361328
0 0.269043 0.465332 0.0634766 0.0615234
0 0.227051 0.101074 0.0712891 0.0673828
0 0.387207 0.672363 0.0458984 0.0751953
0 0.243164 0.539551 0.0332031 0.0751953
0 0.321289 0.450684 0.046875 0.0673828
0 0.76416 0.49707 0.0576172 0.0371094
0 0.635254 0.439453 0.0341797 0.105469
0 0.203125 0.617676 0.0566406 0.0439453
0 0.773926 0.764648 0.0517578 0.0585938
0 0.216797 0.588379 0.0820312 0.0556641
0 0.6875 0.378418 0.0800781 0.0380859
0 0.477051 0.0917969 0.0419922 0.0664062
0 0.402344 0.0825195 0.0351562 0.100586
0 0.569824 0.0546875 0.0361328 0.0957031
0 0.675293 0.49707 0.0771484 0.046875
0 0.921387 0.845215 0.0517578 0.0947266
0 0.799316 0.703613 0.0478516 0.0810547
0 0.677734 0.198242 0.0722656 0.0820312
0 0.827637 0.268555 0.0732422 0.0585938
0 0.443359 0.90332 0.0351562 0.0976562
0 0.441895 0.148926 0.0576172 0.0537109
0 0.666992 0.654785 0.0722656 0.0751953
0 0.407227 0.652344 0.0429688 0.0839844
0 0.46582 0.556641 0.0429688 0.0820312
0 0.747559 0.664551 0.0361328 0.0947266
0 0.77832 0.620605 0.0664062 0.0537109
0 0.818848 0.516113 0.0634766 0.0810547
0 0.199219 0.506836 0.0332031 0.09375
0 0.614258 0.910156 0.0429688 0.101562
0 0.69873 0.105957 0.0458984 0.112305
0 0.770508 0.364746 0.0507812 0.104492
0 0.366699 0.464355 0.0712891 0.0576172
0 0.69043 0.531738 0.0703125 0.0576172
0 0.445312 0.800781 0.0410156 0.107422
0 0.516602 0.611328 0.0664062 0.0683594
