0 0.547852 0.287598 0.0605469 0.0146484
0 0.433594 0.60791 0.0585938 0.0341797
0 0.444336 0.31543 0.0371094 0.0214844
0 0.247559 0.298828 0.0634766 0.015625
0 0.271973 0.29834 0.0380859 0.0146484
0 0.17627 0.301758 0.0458984 0.0136719
0 0.42334 0.584961 0.0517578 0.0644531
0 0.533203 0.313477 0.0859375 0.0429688
0 0.611816 0.300781 0.0654297 0.0429688
0 0.459961 0.572754 0.0371094 0.0556641
0 0.193359 0.569336 0.0546875 0.078125
0 0.243164 0.541016 0.0449219 0.0722656
0 0.467285 0.914062 0.0595703 0.0410156
0 0.541992 0.754883 0.0507812 0.078125
0 0.569336 0.723145 0.046875 0.0947266
0 0.382812 0.908203 0.0449219 0.0605469
0 0.779297 0.502441 0.0761719 0.0947266
0 0.807617 0.765625 0.0625 0.0761719
