0 0.441406 0.57959 0.0136719 0.0244141
0 0.802734 0.40918 0.0332031 0.03125
0 0.586426 0.55127 0.0361328 0.0556641
0 0.467773 0.361328 0.0234375 0.0390625
0 0.365234 0.791992 0.0371094 0.0507812
0 0.92627 0.691895 0.0263672 0.0458984
0 0.243164 0.898926 0.0332031 0.0712891
0 0.454102 0.556152 0.0292969 0.0458984
0 0.332031 0.245605 0.0195312 0.0458984
0 0.118164 0.752441 0.0488281 0.0380859
0 0.54248 0.673828 0.0380859 0.0253906
0 0.831543 0.370605 0.0185547 0.0400391
0 0.499023 0.434082 0.0136719 0.0419922
0 0.776367 0.489258 0.0234375 0.0429688
0 0.832031 0.342285 0.0371094 0.0380859
0 0.483398 0.450195 0.0234375 0.0488281
0 0.637695 0.666504 0.0292969 0.0419922
