0 0.549805 0.372559 0.0429688 0.0185547
0 0.629395 0.614258 0.0595703 0.0175781
0 0.651367 0.47998 0.0507812 0.0146484
0 0.34082 0.597168 0.0371094 0.0263672
0 0.504883 0.380859 0.0507812 0.0136719
0 0.54834 0.380371 0.0439453 0.0126953
0 0.480469 0.475586 0.0507812 0.015625
0 0.370117 0.605469 0.0332031 0.0292969
0 0.611328 0.577148 0.046875 0.015625
0 0.542969 0.426758 0.046875 0.015625
0 0.275879 0.615723 0.0263672 0.0244141
0 0.543457 0.51123 0.0400391 0.0224609
0 0.690918 0.481934 0.0283203 0.0263672
0 0.448242 0.483398 0.0507812 0.015625
0 0.65918 0.491699 0.0507812 0.0166016
0 0.641113 0.425293 0.0361328 0.0185547
0 0.257324 0.614746 0.0283203 0.0263672
0 0.504883 0.401855 0.03125 0.0205078
0 0.527344 0.400879 0.0234375 0.0283203
0 0.333008 0.612793 0.0292969 0.0263672
0 0.21875 0.574219 0.046875 0.0175781
0 0.279297 0.458984 0.0507812 0.0136719
0 0.431641 0.472656 0.0585938 0.015625
0 0.34375 0.550293 0.0351562 0.0224609
0 0.562988 0.367188 0.0478516 0.0195312
0 0.665527 0.686035 0.0322266 0.0302734
0 0.646484 0.467285 0.0488281 0.0166016
0 0.663086 0.416992 0.0292969 0.0234375
0 0.429199 0.529785 0.0419922 0.0185547
0 0.723633 0.470215 0.0625 0.0205078
0 0.380371 0.538086 0.0244141 0.0273438
0 0.364746 0.549805 0.0322266 0.0234375
0 0.494141 0.410645 0.0351562 0.0185547
0 0.207031 0.586914 0.0507812 0.015625
0 0.633301 0.441895 0.0419922 0.0146484
0 0.73584 0.493164 0.0263672 0.0292969
0 0.258789 0.633789 0.0527344 0.0136719
0 0.553711 0.408691 0.0371094 0.0244141
0 0.635254 0.599609 0.0478516 0.0175781
0 0.571289 0.641602 0.0488281 0.015625
0 0.692383 0.512207 0.03125 0.0263672
0 0.500488 0.51123 0.0458984 0.0205078
0 0.714355 0.503418 0.0380859 0.0205078
0 0.446289 0.535156 0.0332031 0.0214844
0 0.351562 0.470215 0.03125 0.0244141
0 0.587891 0.41748 0.0449219 0.0166016
0 0.577637 0.393555 0.0322266 0.0292969
0 0.283203 0.493164 0.0527344 0.0136719
0 0.664062 0.456055 0.046875 0.0175781
0 0.460938 0.376953 0.0527344 0.0175781
0 0.707031 0.59668 0.0332031 0.0292969
0 0.63916 0.580078 0.0361328 0.0234375
0 0.543945 0.546875 0.0253906 0.03125
0 0.243164 0.599609 0.0429688 0.0234375
0 0.515625 0.589844 0.0273438 0.0273438
0 0.296387 0.469727 0.0498047 0.015625
0 0.62793 0.541504 0.0507812 0.0185547
0 0.508301 0.422363 0.0302734 0.0205078
0 0.574219 0.480469 0.0449219 0.0175781
0 0.654297 0.507812 0.0546875 0.0175781
0 0.358398 0.52832 0.0273438 0.0253906
0 0.556641 0.351562 0.0507812 0.0175781
0 0.358398 0.488281 0.0429688 0.0234375
0 0.586914 0.447266 0.0546875 0.015625
0 0.54248 0.700195 0.0478516 0.0234375
0 0.28418 0.574707 0.0488281 0.0185547
0 0.649414 0.559082 0.0332031 0.0263672
0 0.685547 0.566406 0.0351562 0.0273438
0 0.476074 0.352539 0.0498047 0.0214844
0 0.287598 0.53418 0.0419922 0.0214844
0 0.644043 0.654297 0.0419922 0.0253906
0 0.56543 0.529297 0.0292969 0.0292969
0 0.599609 0.59082 0.046875 0.0195312
0 0.42627 0.598145 0.0341797 0.0244141
0 0.318359 0.507812 0.0449219 0.0195312
0 0.518066 0.545898 0.0283203 0.0292969
0 0.588867 0.496094 0.0449219 0.0214844
0 0.284668 0.602051 0.0419922 0.0244141
0 0.382812 0.628906 0.0351562 0.0234375
0 0.271973 0.557129 0.0380859 0.0224609
0 0.54541 0.484863 0.0283203 0.0302734
0 0.511719 0.484375 0.0371094 0.0273438
0 0.550781 0.590332 0.0410156 0.0224609
