0 0.580078 0.684082 0.0234375 0.0771484
0 0.328125 0.779297 0.0625 0.0585938
0 0.526367 0.618652 0.0253906 0.0830078
0 0.355957 0.381836 0.0283203 0.0605469
0 0.569824 0.472168 0.0283203 0.0869141
0 0.280762 0.558105 0.0673828 0.0244141
0 0.53418 0.599121 0.0410156 0.0927734
0 0.337891 0.800781 0.0507812 0.0898438
0 0.215332 0.553711 0.0302734 0.0722656
0 0.513184 0.609863 0.0283203 0.0830078
0 0.380371 0.682617 0.0380859 0.0664062
0 0.439941 0.542969 0.0224609 0.046875
0 0.27002 0.35791 0.0791016 0.0673828
0 0.570312 0.269043 0.0234375 0.0595703
0 0.49707 0.516602 0.0371094 0.0722656
0 0.46875 0.500977 0.0507812 0.0410156
0 0.594727 0.45459 0.0546875 0.0478516
0 0.200195 0.533691 0.0175781 0.0732422
0 0.352051 0.435059 0.0283203 0.0751953
0 0.37207 0.454102 0.0253906 0.0683594
0 0.457031 0.831055 0.03125 0.0957031
0 0.403809 0.709961 0.0302734 0.0878906
0 0.356445 0.629395 0.0527344 0.0419922
0 0.572266 0.65332 0.0625 0.0917969
0 0.758301 0.271484 0.106445 0.0585938
0 0.427246 0.57959 0.0537109 0.0341797
0 0.55957 0.316406 0.0390625 0.0820312
0 0.379883 0.376953 0.0253906 0.0664062
0 0.357422 0.335938 0.0703125 0.0292969
0 0.447266 0.435059 0.0605469 0.0302734
0 0.393555 0.440918 0.0351562 0.0693359
0 0.380859 0.745117 0.0507812 0.0644531
0 0.449219 0.611328 0.0625 0.0273438
0 0.506836 0.34082 0.0605469 0.0488281
0 0.387695 0.843262 0.0546875 0.0400391
0 0.487305 0.582031 0.0253906 0.0820312
0 0.339844 0.315918 0.0683594 0.0419922
0 0.588379 0.536133 0.0498047 0.0605469
0 0.28418 0.65918 0.03125 0.0839844
0 0.277832 0.572266 0.0673828 0.046875
0 0.52832 0.395508 0.0488281 0.0839844
0 0.356934 0.755859 0.0537109 0.0429688
0 0.337891 0.70752 0.0566406 0.0576172
0 0.491211 0.44043 0.0410156 0.0722656
0 0.566406 0.395508 0.03125 0.0839844
0 0.619141 0.375488 0.0664062 0.0322266
0 0.413086 0.393066 0.0371094 0.0751953
0 0.244629 0.503418 0.0302734 0.0869141
0 0.416016 0.785156 0.0351562 0.0859375
0 0.440918 0.664062 0.0380859 0.078125
0 0.402832 0.35498 0.0283203 0.0869141
0 0.588867 0.748047 0.0488281 0.0820312
0 0.481445 0.395508 0.0253906 0.0761719
0 0.493164 0.808594 0.0332031 0.0976562
0 0.431152 0.699219 0.0419922 0.0703125
0 0.477539 0.649414 0.0410156 0.0683594
0 0.390625 0.637695 0.0625 0.0566406
0 0.326172 0.603516 0.0585938 0.0585938
0 0.445312 0.358398 0.046875 0.0800781
0 0.621094 0.638672 0.0566406 0.0507812
0 0.535156 0.771484 0.0527344 0.0742188
