0 0.558105 0.464355 0.0205078 0.0146484
0 0.514648 0.439941 0.015625 0.0166016
0 0.524414 0.78125 0.0175781 0.0175781
0 0.62207 0.59082 0.00976562 0.03125
0 0.52832 0.458008 0.0195312 0.0175781
0 0.536621 0.45166 0.0185547 0.0146484
0 0.49707 0.885742 0.015625 0.0195312
0 0.562988 0.592773 0.0166016 0.0195312
0 0.502441 0.855469 0.0107422 0.0371094
0 0.535645 0.399902 0.0126953 0.0224609
0 0.523438 0.768066 0.0117188 0.0244141
0 0.491211 0.616699 0.0136719 0.0224609
0 0.521484 0.591309 0.0195312 0.0107422
0 0.54834 0.47168 0.0185547 0.015625
0 0.543457 0.605957 0.0126953 0.0283203
0 0.50293 0.826172 0.00976562 0.0292969
0 0.535156 0.617188 0.0175781 0.0175781
0 0.480957 0.825195 0.0166016 0.0195312
0 0.537598 0.42334 0.0107422 0.0244141
0 0.610352 0.585938 0.00976562 0.03125
0 0.482422 0.52832 0.00976562 0.0214844
0 0.480957 0.722168 0.0166016 0.0185547
0 0.574219 0.632324 0.0117188 0.0380859
0 0.516113 0.72998 0.0146484 0.0166016
0 0.486328 0.863281 0.0175781 0.0253906
0 0.540527 0.580566 0.0205078 0.0146484
0 0.520508 0.599609 0.0195312 0.015625
0 0.551758 0.44873 0.015625 0.0205078
0 0.493652 0.854004 0.0146484 0.0322266
0 0.520508 0.583008 0.0234375 0.0136719
0 0.500977 0.894531 0.0214844 0.0371094
0 0.524902 0.467773 0.0166016 0.0195312
0 0.546875 0.626953 0.0175781 0.0214844
0 0.504395 0.757812 0.0166016 0.0136719
0 0.480469 0.845703 0.0136719 0.0234375
0 0.554688 0.611328 0.0175781 0.0214844
0 0.552734 0.710938 0.0136719 0.0273438
0 0.535645 0.712402 0.0185547 0.0205078
0 0.519531 0.722168 0.0195312 0.0185547
0 0.499512 0.574707 0.00878906 0.0283203
0 0.509277 0.766113 0.0205078 0.0126953
0 0.508789 0.844727 0.0117188 0.0351562
0 0.499023 0.742188 0.00976562 0.0253906
0 0.476562 0.799805 0.0195312 0.0195312
0 0.561035 0.615234 0.0185547 0.0253906
0 0.558594 0.585449 0.0195312 0.0146484
0 0.484375 0.646484 0.015625 0.015625
0 0.539551 0.810059 0.0107422 0.0224609
0 0.779297 0.561523 0.0292969 0.046875
0 0.54248 0.438477 0.00878906 0.0273438
0 0.509766 0.793945 0.0117188 0.03125
0 0.532227 0.697266 0.015625 0.0234375
0 0.525391 0.568848 0.0214844 0.0126953
0 0.533691 0.48584 0.0185547 0.0205078
0 0.491211 0.70752 0.0117188 0.0302734
0 0.584961 0.633301 0.0078125 0.0283203
0 0.51416 0.461914 0.0126953 0.0234375
0 0.491699 0.630371 0.0185547 0.0166016
0 0.53418 0.772461 0.00976562 0.03125
0 0.494141 0.560059 0.0117188 0.0283203
0 0.52832 0.440918 0.0175781 0.0166016
0 0.53418 0.550781 0.0078125 0.0292969
0 0.484863 0.575195 0.00878906 0.0292969
0 0.494141 0.817871 0.00976562 0.0244141
0 0.507324 0.455566 0.0166016 0.0185547
0 0.491699 0.80127 0.0224609 0.0263672
0 0.527344 0.867188 0.0078125 0.0332031
0 0.470703 0.790039 0.015625 0.03125
0 0.601562 0.605957 0.0234375 0.0224609
0 0.490723 0.657715 0.0107422 0.0322266
0 0.509277 0.561523 0.0146484 0.0253906
0 0.540527 0.730957 0.0244141 0.0166016
0 0.508301 0.733887 0.0224609 0.0166016
0 0.518066 0.803711 0.0146484 0.0234375
0 0.50293 0.626465 0.0117188 0.0283203
0 0.48584 0.779785 0.0146484 0.0263672
0 0.545898 0.404297 0.015625 0.0292969
0 0.566406 0.758301 0.00976562 0.0380859
0 0.515625 0.48877 0.0214844 0.0166016
0 0.472656 0.629883 0.0214844 0.0136719
0 0.54541 0.566895 0.0205078 0.0166016
0 0.47998 0.560547 0.0146484 0.0234375
0 0.483398 0.750977 0.0117188 0.0273438
0 0.541992 0.692871 0.0195312 0.0244141
0 0.476562 0.70459 0.0195312 0.0185547
0 0.527832 0.827148 0.0107422 0.03125
0 0.465332 0.982422 0.0146484 0.0351562
0 0.555664 0.480957 0.0195312 0.0146484
0 0.553711 0.64502 0.0214844 0.0185547
0 0.566406 0.498535 0.0136719 0.0283203
0 0.441895 0.67627 0.00878906 0.0263672
0 0.478516 0.603516 0.0175781 0.0253906
0 0.480957 0.670898 0.0107422 0.0292969
0 0.543945 0.780273 0.0117188 0.0273438
0 0.574707 0.781738 0.0244141 0.0146484
0 0.519043 0.699219 0.00878906 0.0332031
0 0.51416 0.675293 0.0146484 0.0283203
0 0.443848 0.710938 0.0205078 0.0136719
0 0.530273 0.533203 0.0117188 0.0332031
0 0.575195 0.755371 0.00976562 0.0380859
0 0.450684 0.692871 0.00878906 0.0302734
0 0.443359 0.517578 0.0195312 0.0253906
0 0.469727 0.923828 0.0175781 0.0195312
0 0.522949 0.526367 0.0166016 0.0253906
0 0.592773 0.619141 0.0175781 0.0273438
0 0.59375 0.764648 0.0175781 0.03125
0 0.619141 0.530273 0.0136719 0.0410156
0 0.657227 0.573242 0.00976562 0.0351562
0 0.628906 0.570801 0.0136719 0.0283203
0 0.55957 0.52002 0.0234375 0.0146484
0 0.481445 0.903809 0.0195312 0.0185547
0 0.507812 0.702637 0.0175781 0.0166016
0 0.469238 0.853516 0.0185547 0.015625
0 0.556641 0.502441 0.0175781 0.0263672
0 0.563965 0.449219 0.0126953 0.03125
0 0.534668 0.851074 0.0224609 0.0244141
0 0.563477 0.569336 0.0214844 0.0195312
0 0.526855 0.802734 0.0126953 0.0292969
0 0.565918 0.666992 0.0205078 0.0273438
0 0.472656 0.65332 0.0117188 0.0292969
0 0.638184 0.595215 0.0263672 0.0224609
0 0.49707 0.432617 0.0175781 0.0273438
0 0.619141 0.621094 0.0214844 0.0214844
0 0.465332 0.649414 0.00878906 0.0273438
0 0.508789 0.505859 0.0175781 0.0175781
0 0.501465 0.594727 0.0205078 0.0195312
0 0.549805 0.768066 0.0175781 0.0205078
0 0.476562 0.876953 0.0175781 0.0351562
0 0.472168 0.543457 0.0166016 0.0263672
0 0.474609 0.580566 0.015625 0.0263672
0 0.529297 0.751465 0.0195312 0.0185547
0 0.580078 0.545898 0.00976562 0.0332031
0 0.466309 0.685547 0.0146484 0.0332031
0 0.581543 0.519531 0.0185547 0.0175781
